Guest-0 ori 18.62575 19.49003
Grain 0 0 1 0 0
Grain 1 0 1 0 0
Grain 2 0 1 0 0
Grain 3 0 1 0 0
Grain 4 0 1 0 0
Grain 5 0 1 0 0
Grain 6 0 1 0 0
Grain 7 0 1 0 0
Grain 8 0 1 0 0
Grain 9 0.3451437 -0.9047288 0.1948969 -0.1560673
Guest-0 ori 30.25795 31.16235
Grain 0 0 1 0 0
Grain 1 0 1 0 0
Grain 2 0 1 0 0
Grain 3 0 1 0 0
Grain 4 0 1 0 0
Grain 5 -0.01548424 0.9017639 -0.3800632 0.205266
Grain 6 0 1 0 0
Grain 7 0 1 0 0
Grain 8 0 1 0 0
Grain 9 0.3451437 -0.9047288 0.1948969 -0.1560673
Guest-0 ori 32.35526 34.08782
Grain 0 0 1 0 0
Grain 1 0 1 0 0
Grain 2 0 1 0 0
Grain 3 0 1 0 0
Grain 4 0 1 0 0
Grain 5 0.0252386 0.8823384 -0.3892801 0.2632548
Grain 6 0 1 0 0
Grain 7 0 1 0 0
Grain 8 0 1 0 0
Grain 9 0.3451437 -0.9047288 0.1948969 -0.1560673
Guest-0 ori 38.16825 44.59491
Grain 0 0 1 0 0
Grain 1 0 1 0 0
Grain 2 0 1 0 0
Grain 3 0 1 0 0
Grain 4 0.02532578 0.5934409 -0.5415398 0.5949128
Grain 5 0.0252386 0.8823384 -0.3892801 0.2632548
Grain 6 0 1 0 0
Grain 7 0 1 0 0
Grain 8 0 1 0 0
Grain 9 0.3451437 -0.9047288 0.1948969 -0.1560673
Guest-0 ori 48.63382 50.72376
Grain 0 0 1 0 0
Grain 1 0 1 0 0
Grain 2 0.1826852 -0.8404326 0.3586608 -0.3628519
Grain 3 0 1 0 0
Grain 4 0.02532578 0.5934409 -0.5415398 0.5949128
Grain 5 0.0252386 0.8823384 -0.3892801 0.2632548
Grain 6 0 1 0 0
Grain 7 0 1 0 0
Grain 8 0 1 0 0
Grain 9 0.3451437 -0.9047288 0.1948969 -0.1560673
Guest-0 OptGrain 3 582 40.62894 48.64277
Grain 0 0 1 0 0
Grain 1 0 1 0 0
Grain 2 0.1826852 -0.8404326 0.3586608 -0.3628519
Grain 3 0.1251388 0.8587777 -0.3486919 -0.3539142
Grain 4 0.02532578 0.5934409 -0.5415398 0.5949128
Grain 5 0.0252386 0.8823384 -0.3892801 0.2632548
Grain 6 0 1 0 0
Grain 7 0 1 0 0
Grain 8 0 1 0 0
Grain 9 0.3451437 -0.9047288 0.1948969 -0.1560673
Guest-0 ori 66.40676 68.81525
Grain 0 0 1 0 0
Grain 1 0 1 0 0
Grain 2 0.1826852 -0.8404326 0.3586608 -0.3628519
Grain 3 -0.1251388 -0.8587777 0.3486918 0.3539141
Grain 4 0.02532578 0.5934409 -0.5415398 0.5949128
Grain 5 0.0252386 0.8823384 -0.3892801 0.2632548
Grain 6 0 1 0 0
Grain 7 0.5480382 -0.6992525 -0.07119414 -0.4534661
Grain 8 0 1 0 0
Grain 9 0.3451437 -0.9047288 0.1948969 -0.1560673
Guest-0 ori 73.32263 76.32954
Grain 0 0 1 0 0
Grain 1 0 1 0 0
Grain 2 0.1826852 -0.8404326 0.3586608 -0.3628519
Grain 3 -0.1251388 -0.8587777 0.3486918 0.3539141
Grain 4 0.02532578 0.5934409 -0.5415398 0.5949128
Grain 5 0.0252386 0.8823384 -0.3892801 0.2632548
Grain 6 0 1 0 0
Grain 7 0.5480382 -0.6992525 -0.07119414 -0.4534661
Grain 8 0.4690579 -0.7752608 -0.1050112 0.4097902
Grain 9 0.3451437 -0.9047288 0.1948969 -0.1560673
Guest-0 ori 80.66555 82.1576
Grain 0 0 1 0 0
Grain 1 0.1965385 0.8239421 0.4204647 -0.3251175
Grain 2 0.1826852 -0.8404326 0.3586608 -0.3628519
Grain 3 -0.1251388 -0.8587777 0.3486918 0.3539141
Grain 4 0.02532578 0.5934409 -0.5415398 0.5949128
Grain 5 0.0252386 0.8823384 -0.3892801 0.2632548
Grain 6 0 1 0 0
Grain 7 0.5480382 -0.6992525 -0.07119414 -0.4534661
Grain 8 0.4690579 -0.7752608 -0.1050112 0.4097902
Grain 9 0.3451437 -0.9047288 0.1948969 -0.1560673
Guest-0 OptGrain 1 12 71.12101 71.25322
Grain 0 0 1 0 0
Grain 1 0.1936939 0.82758 0.4132586 -0.3268203
Grain 2 0.1826852 -0.8404326 0.3586608 -0.3628519
Grain 3 -0.1251388 -0.8587777 0.3486918 0.3539141
Grain 4 0.02532578 0.5934409 -0.5415398 0.5949128
Grain 5 0.0252386 0.8823384 -0.3892801 0.2632548
Grain 6 0 1 0 0
Grain 7 0.5480382 -0.6992525 -0.07119414 -0.4534661
Grain 8 0.4690579 -0.7752608 -0.1050112 0.4097902
Grain 9 0.3451437 -0.9047288 0.1948969 -0.1560673
Guest-0 OptGrain 9 306 75.7533 77.77891
Grain 0 0 1 0 0
Grain 1 0.1898866 0.8271999 0.418359 -0.3235109
Grain 2 0.1826852 -0.8404326 0.3586608 -0.3628519
Grain 3 -0.1251388 -0.8587777 0.3486918 0.3539141
Grain 4 0.02532578 0.5934409 -0.5415398 0.5949128
Grain 5 0.0252386 0.8823384 -0.3892801 0.2632548
Grain 6 0 1 0 0
Grain 7 0.5480382 -0.6992525 -0.07119414 -0.4534661
Grain 8 0.4690579 -0.7752608 -0.1050112 0.4097902
Grain 9 0.3560936 -0.78929 0.1649929 -0.4722246
Guest-0 OptGrain 6 12 83.09762 83.21247
Grain 0 0 1 0 0
Grain 1 0.1898866 0.8271999 0.418359 -0.3235109
Grain 2 0.1826852 -0.8404326 0.3586608 -0.3628519
Grain 3 -0.1251388 -0.8587777 0.3486918 0.3539141
Grain 4 0.02532578 0.5934409 -0.5415398 0.5949128
Grain 5 0.0252386 0.8823384 -0.3892801 0.2632548
Grain 6 0 0.9999619 0 0.008726535
Grain 7 0.5480382 -0.6992525 -0.07119414 -0.4534661
Grain 8 0.4690579 -0.7752608 -0.1050112 0.4097902
Grain 9 0.3560936 -0.78929 0.1649929 -0.4722246
Guest-0 OptGrain 8 78 87.27959 87.95569
Grain 0 0 1 0 0
Grain 1 0.1898866 0.8271999 0.418359 -0.3235109
Grain 2 0.1826852 -0.8404326 0.3586608 -0.3628519
Grain 3 -0.1251388 -0.8587777 0.3486918 0.3539141
Grain 4 0.02532578 0.5934409 -0.5415398 0.5949128
Grain 5 0.0252386 0.8823384 -0.3892801 0.2632548
Grain 6 -3.814501E-10 0.9999619 -4.370972E-08 0.008726561
Grain 7 0.5480382 -0.6992525 -0.07119414 -0.4534661
Grain 8 0.4340798 -0.7883798 -0.06453977 0.4311226
Grain 9 0.3560936 -0.78929 0.1649929 -0.4722246
Guest-0 OptGrain 2 30 92.56371 92.8231
Grain 0 0 1 0 0
Grain 1 0.1898866 0.8271999 0.418359 -0.3235109
Grain 2 0.1573692 -0.8418488 0.3563996 -0.3735037
Grain 3 -0.1251388 -0.8587777 0.3486918 0.3539141
Grain 4 0.02532578 0.5934409 -0.5415398 0.5949128
Grain 5 0.0252386 0.8823384 -0.3892801 0.2632548
Grain 6 -3.814501E-10 0.9999619 -4.370972E-08 0.008726561
Grain 7 0.5480382 -0.6992525 -0.07119414 -0.4534661
Grain 8 0.4340799 -0.7883798 -0.06453978 0.4311225
Grain 9 0.3560936 -0.78929 0.1649929 -0.4722246
Guest-0 OptGrain 5 24 98.59244 98.78108
Grain 0 0 1 0 0
Grain 1 0.1898866 0.8271999 0.418359 -0.3235109
Grain 2 -0.1573692 0.8418488 -0.3563995 0.3735038
Grain 3 -0.1251388 -0.8587777 0.3486918 0.3539141
Grain 4 0.02532578 0.5934409 -0.5415398 0.5949128
Grain 5 0.01737737 0.8866631 -0.3739878 0.271403
Grain 6 -3.814501E-10 0.9999619 -4.370972E-08 0.008726561
Grain 7 0.5480382 -0.6992525 -0.07119414 -0.4534661
Grain 8 0.4340799 -0.7883798 -0.06453978 0.4311225
Grain 9 0.3560936 -0.78929 0.1649929 -0.4722246
Guest-0 OptGrain 3 24 106.1901 106.5355
Grain 0 0 1 0 0
Grain 1 0.1898866 0.8271999 0.418359 -0.3235109
Grain 2 -0.1573692 0.8418488 -0.3563995 0.3735038
Grain 3 -0.1326384 -0.8515014 0.3581131 0.3593154
Grain 4 0.02532578 0.5934409 -0.5415398 0.5949128
Grain 5 0.02064037 0.8889979 -0.3738217 0.2636552
Grain 6 -3.814501E-10 0.9999619 -4.370972E-08 0.008726561
Grain 7 0.5480382 -0.6992525 -0.07119414 -0.4534661
Grain 8 0.4340799 -0.7883798 -0.06453978 0.4311225
Grain 9 0.3560936 -0.78929 0.1649929 -0.4722246
Guest-0 OptGrain 7 42 111.6245 111.9114
Grain 0 0 1 0 0
Grain 1 0.1898866 0.8271999 0.418359 -0.3235109
Grain 2 -0.1573692 0.8418488 -0.3563995 0.3735038
Grain 3 -0.1295079 -0.8546045 0.359257 0.3518711
Grain 4 0.02532578 0.5934409 -0.5415398 0.5949128
Grain 5 0.02064037 0.8889979 -0.3738217 0.2636552
Grain 6 -3.814501E-10 0.9999619 -4.370972E-08 0.008726561
Grain 7 0.5419557 -0.6877794 -0.07944517 -0.4763739
Grain 8 0.4340799 -0.7883798 -0.06453978 0.4311225
Grain 9 0.3560936 -0.78929 0.1649929 -0.4722246
Guest-0 ori 127.7945 127.7945
Grain 0 0 1 0 0
Grain 1 0.1898866 0.8271999 0.418359 -0.3235109
Grain 2 -0.1573692 0.8418488 -0.3563995 0.3735038
Grain 3 -0.1295079 -0.8546045 0.359257 0.3518711
Grain 4 0.02532578 0.5934409 -0.5415398 0.5949128
Grain 5 0.02064037 0.8889979 -0.3738217 0.2636552
Grain 6 -3.814501E-10 0.9999619 -4.370972E-08 0.008726561
Grain 7 0.5377779 -0.6884465 -0.07344031 -0.4810852
Grain 8 0.4340799 -0.7883798 -0.06453978 0.4311225
Grain 9 0.3560936 -0.78929 0.1649929 -0.4722246
Guest-0 OptGrain 8 24 117.3741 117.6104
Grain 0 0 1 0 0
Grain 1 0.1898866 0.8271999 0.418359 -0.3235109
Grain 2 -0.1573692 0.8418488 -0.3563995 0.3735038
Grain 3 -0.1295079 -0.8546045 0.359257 0.3518711
Grain 4 0.02532578 0.5934409 -0.5415398 0.5949128
Grain 5 0.02064037 0.8889979 -0.3738217 0.2636552
Grain 6 -3.814501E-10 0.9999619 -4.370972E-08 0.008726561
Grain 7 0.5377779 -0.6884465 -0.07344031 -0.4810852
Grain 8 0.4409432 -0.7845617 -0.06829953 0.4305429
Grain 9 0.3560936 -0.78929 0.1649929 -0.4722246
Guest-0 ori 134.1661 138.1458
Grain 0 0 1 0 0
Grain 1 0.1898866 0.8271999 0.418359 -0.3235109
Grain 2 -0.1573692 0.8418488 -0.3563995 0.3735038
Grain 3 -0.1295079 -0.8546045 0.359257 0.3518711
Grain 4 0.02532578 0.5934409 -0.5415398 0.5949128
Grain 5 0.02064037 0.8889979 -0.3738217 0.2636552
Grain 6 -3.814501E-10 0.9999619 -4.370972E-08 0.008726561
Grain 7 0.5377779 -0.6884465 -0.07344031 -0.4810852
Grain 8 0.1408602 -0.8020378 -0.3943745 -0.4258667
Grain 9 0.3560936 -0.78929 0.1649929 -0.4722246
Guest-0 OptGrain 8 90 125.8105 126.587
Grain 0 0 1 0 0
Grain 1 0.1898866 0.8271999 0.418359 -0.3235109
Grain 2 -0.1573692 0.8418488 -0.3563995 0.3735038
Grain 3 -0.1295079 -0.8546045 0.359257 0.3518711
Grain 4 0.02532578 0.5934409 -0.5415398 0.5949128
Grain 5 0.02064037 0.8889979 -0.3738217 0.2636552
Grain 6 -3.814501E-10 0.9999619 -4.370972E-08 0.008726561
Grain 7 0.5377779 -0.6884465 -0.07344031 -0.4810852
Grain 8 0.07036455 -0.7949033 -0.4268811 -0.4253824
Grain 9 0.3560936 -0.78929 0.1649929 -0.4722246
Guest-0 ori 145.2557 150.5275
Grain 0 0 1 0 0
Grain 1 0.1898866 0.8271999 0.418359 -0.3235109
Grain 2 0.09097338 0.03000722 0.08365012 -0.9918801
Grain 3 -0.1295079 -0.8546045 0.359257 0.3518711
Grain 4 0.02532578 0.5934409 -0.5415398 0.5949128
Grain 5 0.02064037 0.8889979 -0.3738217 0.2636552
Grain 6 -3.814501E-10 0.9999619 -4.370972E-08 0.008726561
Grain 7 0.5377779 -0.6884465 -0.07344031 -0.4810852
Grain 8 0.07036462 -0.7949033 -0.4268811 -0.4253824
Grain 9 0.3560936 -0.78929 0.1649929 -0.4722246
Guest-0 OptGrain 2 24 138.4759 138.7071
Grain 0 0 1 0 0
Grain 1 0.1898866 0.8271999 0.418359 -0.3235109
Grain 2 0.1075408 0.01987346 0.08480057 -0.9903781
Grain 3 -0.1295079 -0.8546045 0.359257 0.3518711
Grain 4 0.02532578 0.5934409 -0.5415398 0.5949128
Grain 5 0.02064037 0.8889979 -0.3738217 0.2636552
Grain 6 -3.814501E-10 0.9999619 -4.370972E-08 0.008726561
Grain 7 0.5377779 -0.6884465 -0.07344031 -0.4810852
Grain 8 0.07036462 -0.7949033 -0.4268811 -0.4253824
Grain 9 0.3560936 -0.78929 0.1649929 -0.4722246
Guest-0 ori 159.2297 163.8235
Grain 0 0 1 0 0
Grain 1 0.1898866 0.8271999 0.418359 -0.3235109
Grain 2 0.107541 0.01987342 0.08480059 -0.9903781
Grain 3 -0.1295079 -0.8546045 0.359257 0.3518711
Grain 4 0.02532578 0.5934409 -0.5415398 0.5949128
Grain 5 0.5986239 -0.6047596 0.2432428 -0.4655623
Grain 6 -3.814501E-10 0.9999619 -4.370972E-08 0.008726561
Grain 7 0.5377779 -0.6884465 -0.07344031 -0.4810852
Grain 8 0.07036462 -0.7949033 -0.4268811 -0.4253824
Grain 9 0.3560936 -0.78929 0.1649929 -0.4722246
Guest-0 OptGrain 5 78 151.1715 151.6196
Grain 0 0 1 0 0
Grain 1 0.1898866 0.8271999 0.418359 -0.3235109
Grain 2 0.107541 0.01987342 0.08480059 -0.9903781
Grain 3 -0.1295079 -0.8546045 0.359257 0.3518711
Grain 4 0.02532578 0.5934409 -0.5415398 0.5949128
Grain 5 0.5956641 -0.5975546 0.1842024 -0.5041649
Grain 6 -3.814501E-10 0.9999619 -4.370972E-08 0.008726561
Grain 7 0.5377779 -0.6884465 -0.07344031 -0.4810852
Grain 8 0.07036462 -0.7949033 -0.4268811 -0.4253824
Grain 9 0.3560936 -0.78929 0.1649929 -0.4722246
Guest-0 OptGrain 2 18 156.1662 156.3427
Grain 0 0 1 0 0
Grain 1 0.1898866 0.8271999 0.418359 -0.3235109
Grain 2 0.1159951 0.01999492 0.093618 -0.9886259
Grain 3 -0.1295079 -0.8546045 0.359257 0.3518711
Grain 4 0.02532578 0.5934409 -0.5415398 0.5949128
Grain 5 0.5956641 -0.5975546 0.1842024 -0.5041649
Grain 6 -3.814501E-10 0.9999619 -4.370972E-08 0.008726561
Grain 7 0.5377779 -0.6884465 -0.07344031 -0.4810852
Grain 8 0.07036462 -0.7949033 -0.4268811 -0.4253824
Grain 9 0.3560936 -0.78929 0.1649929 -0.4722246
Guest-0 OptGrain 6 48 160.9202 161.4328
Grain 0 0 1 0 0
Grain 1 0.1898866 0.8271999 0.418359 -0.3235109
Grain 2 0.1159951 0.01999498 0.093618 -0.9886258
Grain 3 -0.1295079 -0.8546045 0.359257 0.3518711
Grain 4 0.02532578 0.5934409 -0.5415398 0.5949128
Grain 5 0.5956641 -0.5975546 0.1842024 -0.5041649
Grain 6 -0.008569945 0.9994684 -0.01722005 -0.02632687
Grain 7 0.5377779 -0.6884465 -0.07344031 -0.4810852
Grain 8 0.07036462 -0.7949033 -0.4268811 -0.4253824
Grain 9 0.3560936 -0.78929 0.1649929 -0.4722246
Guest-0 OptGrain 7 12 165.991 166.0816
Grain 0 0 1 0 0
Grain 1 0.1898866 0.8271999 0.418359 -0.3235109
Grain 2 0.1159951 0.01999498 0.093618 -0.9886258
Grain 3 -0.1295079 -0.8546045 0.359257 0.3518711
Grain 4 0.02532578 0.5934409 -0.5415398 0.5949128
Grain 5 0.5956641 -0.5975546 0.1842024 -0.5041649
Grain 6 0.008570004 -0.9994683 0.01722004 0.02632686
Grain 7 0.5383983 -0.6926185 -0.06874458 -0.4750591
Grain 8 0.07036462 -0.7949033 -0.4268811 -0.4253824
Grain 9 0.3560936 -0.78929 0.1649929 -0.4722246
Guest-0 ori 184.8566 188.2367
Grain 0 0 1 0 0
Grain 1 0.6422957 0.2315564 0.7205143 -0.1212311
Grain 2 0.1159951 0.01999498 0.093618 -0.9886258
Grain 3 -0.1295079 -0.8546045 0.359257 0.3518711
Grain 4 0.02532578 0.5934409 -0.5415398 0.5949128
Grain 5 0.5956641 -0.5975546 0.1842024 -0.5041649
Grain 6 0.008570004 -0.9994683 0.01722004 0.02632686
Grain 7 0.5383983 -0.6926185 -0.06874449 -0.475059
Grain 8 0.07036462 -0.7949033 -0.4268811 -0.4253824
Grain 9 0.3560936 -0.78929 0.1649929 -0.4722246
Guest-0 OptGrain 1 186 176.1658 178.4491
Grain 0 0 1 0 0
Grain 1 0.6844509 0.3584559 0.6062149 -0.1885201
Grain 2 0.1159951 0.01999498 0.093618 -0.9886258
Grain 3 -0.1295079 -0.8546045 0.359257 0.3518711
Grain 4 0.02532578 0.5934409 -0.5415398 0.5949128
Grain 5 0.5956641 -0.5975546 0.1842024 -0.5041649
Grain 6 0.008570004 -0.9994683 0.01722004 0.02632686
Grain 7 0.5383983 -0.6926185 -0.06874449 -0.475059
Grain 8 0.07036462 -0.7949033 -0.4268811 -0.4253824
Grain 9 0.3560936 -0.78929 0.1649929 -0.4722246
Guest-0 ori 195.9024 201.3817
Grain 0 0 1 0 0
Grain 1 0.6844509 0.3584559 0.6062149 -0.1885202
Grain 2 0.1159951 0.01999498 0.093618 -0.9886258
Grain 3 -0.1295079 -0.8546045 0.359257 0.3518711
Grain 4 0.02532578 0.5934409 -0.5415398 0.5949128
Grain 5 0.5956641 -0.5975546 0.1842024 -0.5041649
Grain 6 0.008570004 -0.9994683 0.01722004 0.02632686
Grain 7 0.5383983 -0.6926185 -0.06874449 -0.475059
Grain 8 0.364591 -0.4553889 0.6165735 0.5287074
Grain 9 0.3560936 -0.78929 0.1649929 -0.4722246
Guest-0 OptGrain 8 246 189.3836 191.2962
Grain 0 0 1 0 0
Grain 1 0.6844509 0.3584559 0.6062149 -0.1885202
Grain 2 0.1159951 0.01999498 0.093618 -0.9886258
Grain 3 -0.1295079 -0.8546045 0.359257 0.3518711
Grain 4 0.02532578 0.5934409 -0.5415398 0.5949128
Grain 5 0.5956641 -0.5975546 0.1842024 -0.5041649
Grain 6 0.008570004 -0.9994683 0.01722004 0.02632686
Grain 7 0.5383983 -0.6926185 -0.06874449 -0.475059
Grain 8 0.234316 -0.605413 0.6422275 0.4075721
Grain 9 0.3560936 -0.78929 0.1649929 -0.4722246
Guest-0 OptGrain 3 18 195.3911 195.6557
Grain 0 0 1 0 0
Grain 1 0.6844509 0.3584559 0.6062149 -0.1885202
Grain 2 0.1159951 0.01999498 0.093618 -0.9886258
Grain 3 -0.1251487 -0.8525716 0.3550942 0.3624466
Grain 4 0.02532578 0.5934409 -0.5415398 0.5949128
Grain 5 0.5956641 -0.5975546 0.1842024 -0.5041649
Grain 6 0.008570004 -0.9994683 0.01722004 0.02632686
Grain 7 0.5383983 -0.6926185 -0.06874449 -0.475059
Grain 8 0.2343161 -0.6054128 0.6422275 0.4075722
Grain 9 0.3560936 -0.78929 0.1649929 -0.4722246
Guest-0 ori 214.4198 215.5744
Grain 0 0 1 0 0
Grain 1 0.6844509 0.3584559 0.6062149 -0.1885202
Grain 2 0.1159951 0.01999498 0.093618 -0.9886258
Grain 3 -0.1251487 -0.8525716 0.3550942 0.3624466
Grain 4 0.02532578 0.5934409 -0.5415398 0.5949128
Grain 5 0.7986704 -0.4264062 -0.1203731 -0.4072024
Grain 6 0.008570004 -0.9994683 0.01722004 0.02632686
Grain 7 0.5383983 -0.6926185 -0.06874449 -0.475059
Grain 8 0.2343161 -0.6054128 0.6422275 0.4075722
Grain 9 0.3560936 -0.78929 0.1649929 -0.4722246
Guest-0 OptGrain 5 12 203.0131 203.0994
Grain 0 0 1 0 0
Grain 1 0.6844509 0.3584559 0.6062149 -0.1885202
Grain 2 0.1159951 0.01999498 0.093618 -0.9886258
Grain 3 -0.1251487 -0.8525716 0.3550942 0.3624466
Grain 4 0.02532578 0.5934409 -0.5415398 0.5949128
Grain 5 0.7950865 -0.4274404 -0.1166475 -0.4141565
Grain 6 0.008570004 -0.9994683 0.01722004 0.02632686
Grain 7 0.5383983 -0.6926185 -0.06874449 -0.475059
Grain 8 0.2343161 -0.6054128 0.6422275 0.4075722
Grain 9 0.3560936 -0.78929 0.1649929 -0.4722246
Guest-0 OptGrain 3 24 207.4183 207.7533
Grain 0 0 1 0 0
Grain 1 0.6844509 0.3584559 0.6062149 -0.1885202
Grain 2 0.1159951 0.01999498 0.093618 -0.9886258
Grain 3 -0.1134626 -0.8576365 0.3412434 0.3676125
Grain 4 0.02532578 0.5934409 -0.5415398 0.5949128
Grain 5 0.7950864 -0.4274407 -0.1166477 -0.4141564
Grain 6 0.008570004 -0.9994683 0.01722004 0.02632686
Grain 7 0.5383983 -0.6926185 -0.06874449 -0.475059
Grain 8 0.2343161 -0.6054128 0.6422275 0.4075722
Grain 9 0.3560936 -0.78929 0.1649929 -0.4722246
Guest-0 OptGrain 2 282 210.9534 212.8662
Grain 0 0 1 0 0
Grain 1 0.6844509 0.3584559 0.6062149 -0.1885202
Grain 2 0.3650836 0.1142396 0.05317771 -0.9224074
Grain 3 -0.1102502 -0.854626 0.3487145 0.3685886
Grain 4 0.02532578 0.5934409 -0.5415398 0.5949128
Grain 5 0.7950864 -0.4274407 -0.1166477 -0.4141564
Grain 6 0.008570004 -0.9994683 0.01722004 0.02632686
Grain 7 0.5383983 -0.6926185 -0.06874449 -0.475059
Grain 8 0.2343161 -0.6054128 0.6422275 0.4075722
Grain 9 0.3560936 -0.78929 0.1649929 -0.4722246
Guest-0 ori 229.2067 229.4723
Grain 0 0 1 0 0
Grain 1 0.6844509 0.3584559 0.6062149 -0.1885202
Grain 2 0.3650836 0.1142396 0.0531777 -0.9224074
Grain 3 -0.1102502 -0.854626 0.3487145 0.3685886
Grain 4 0.02532578 0.5934409 -0.5415398 0.5949128
Grain 5 0.7950864 -0.4274407 -0.1166477 -0.4141564
Grain 6 0.008570004 -0.9994683 0.01722004 0.02632686
Grain 7 0.5383983 -0.6926185 -0.06874449 -0.475059
Grain 8 0.2343161 -0.6054128 0.6422275 0.4075722
Grain 9 0.3560936 -0.78929 0.1649929 -0.4722246
Guest-0 OptGrain 6 30 220.1966 220.5458
Grain 0 0 1 0 0
Grain 1 0.6844509 0.3584559 0.6062149 -0.1885202
Grain 2 0.3650836 0.1142396 0.0531777 -0.9224074
Grain 3 -0.1102502 -0.854626 0.3487145 0.3685886
Grain 4 0.02532578 0.5934409 -0.5415398 0.5949128
Grain 5 0.7950864 -0.4274407 -0.1166477 -0.4141564
Grain 6 0.01690758 -0.998858 0.008258837 0.04391545
Grain 7 0.5383983 -0.6926185 -0.06874449 -0.475059
Grain 8 0.2343161 -0.6054128 0.6422275 0.4075722
Grain 9 0.3560936 -0.78929 0.1649929 -0.4722246
Guest-0 ori 236.7838 238.3929
Grain 0 0 1 0 0
Grain 1 0.6844509 0.3584559 0.6062149 -0.1885202
Grain 2 0.3650836 0.1142396 0.0531777 -0.9224074
Grain 3 -0.1102502 -0.854626 0.3487145 0.3685886
Grain 4 0.02532578 0.5934409 -0.5415398 0.5949128
Grain 5 0.7950864 -0.4274407 -0.1166477 -0.4141564
Grain 6 0.5905122 0.6545123 0.3708765 0.2921635
Grain 7 0.5383983 -0.6926185 -0.06874449 -0.475059
Grain 8 0.2343161 -0.6054128 0.6422275 0.4075722
Grain 9 0.3560936 -0.78929 0.1649929 -0.4722246
Guest-0 ori 239.3366 241.4595
Grain 0 0 1 0 0
Grain 1 0.6844509 0.3584559 0.6062149 -0.1885202
Grain 2 0.3650836 0.1142396 0.0531777 -0.9224074
Grain 3 -0.1102502 -0.854626 0.3487145 0.3685886
Grain 4 0.02532578 0.5934409 -0.5415398 0.5949128
Grain 5 0.7950864 -0.4274407 -0.1166477 -0.4141564
Grain 6 0.9228448 0.3834958 -0.002347958 -0.03581873
Grain 7 0.5383983 -0.6926185 -0.06874449 -0.475059
Grain 8 0.2343161 -0.6054128 0.6422275 0.4075722
Grain 9 0.3560936 -0.78929 0.1649929 -0.4722246
Guest-0 OptGrain 8 126 232.2546 233.2707
Grain 0 0 1 0 0
Grain 1 0.6844509 0.3584559 0.6062149 -0.1885202
Grain 2 0.3650836 0.1142396 0.0531777 -0.9224074
Grain 3 -0.1102502 -0.854626 0.3487145 0.3685886
Grain 4 0.02532578 0.5934409 -0.5415398 0.5949128
Grain 5 0.7950864 -0.4274407 -0.1166477 -0.4141564
Grain 6 0.9228448 0.3834958 -0.002347958 -0.03581873
Grain 7 0.5383983 -0.6926185 -0.06874449 -0.475059
Grain 8 0.2325522 -0.5600182 0.6185268 0.4997236
Grain 9 0.3560936 -0.78929 0.1649929 -0.4722246
Guest-0 OptGrain 3 12 239.0399 239.1852
Grain 0 0 1 0 0
Grain 1 0.6844509 0.3584559 0.6062149 -0.1885202
Grain 2 0.3650836 0.1142396 0.0531777 -0.9224074
Grain 3 -0.1027881 -0.8555555 0.3454847 0.3716176
Grain 4 0.02532578 0.5934409 -0.5415398 0.5949128
Grain 5 0.7950864 -0.4274407 -0.1166477 -0.4141564
Grain 6 0.9228448 0.3834958 -0.002347958 -0.03581873
Grain 7 0.5383983 -0.6926185 -0.06874449 -0.475059
Grain 8 0.2271458 -0.555636 0.6205326 0.5045916
Grain 9 0.3560936 -0.78929 0.1649929 -0.4722246
Guest-0 OptGrain 6 12 242.9441 243.0638
Grain 0 0 1 0 0
Grain 1 0.6844509 0.3584559 0.6062149 -0.1885202
Grain 2 0.3650836 0.1142396 0.0531777 -0.9224074
Grain 3 -0.1027881 -0.8555555 0.3454847 0.3716176
Grain 4 0.02532578 0.5934409 -0.5415398 0.5949128
Grain 5 0.7950864 -0.4274407 -0.1166477 -0.4141564
Grain 6 0.9231222 0.3835017 0.0009987223 -0.02776412
Grain 7 0.5383983 -0.6926185 -0.06874449 -0.475059
Grain 8 0.2271458 -0.555636 0.6205326 0.5045916
Grain 9 0.3560936 -0.78929 0.1649929 -0.4722246
Guest-0 OptGrain 6 90 244.547 245.4954
Grain 0 0 1 0 0
Grain 1 0.6844509 0.3584559 0.6062149 -0.1885202
Grain 2 0.3650836 0.1142396 0.0531777 -0.9224074
Grain 3 -0.1027881 -0.8555555 0.3454847 0.3716176
Grain 4 0.02532578 0.5934409 -0.5415398 0.5949128
Grain 5 0.7950864 -0.4274407 -0.1166477 -0.4141564
Grain 6 0.9020041 0.4307213 0.01996201 0.02166083
Grain 7 0.5383983 -0.6926185 -0.06874449 -0.475059
Grain 8 0.2271458 -0.555636 0.6205326 0.5045916
Grain 9 0.3560936 -0.78929 0.1649929 -0.4722246
Guest-0 OptGrain 9 30 249.4066 249.6649
Grain 0 0 1 0 0
Grain 1 0.6844509 0.3584559 0.6062149 -0.1885202
Grain 2 0.3650836 0.1142396 0.0531777 -0.9224074
Grain 3 -0.1027881 -0.8555555 0.3454847 0.3716176
Grain 4 0.02532578 0.5934409 -0.5415398 0.5949128
Grain 5 0.7950864 -0.4274407 -0.1166477 -0.4141564
Grain 6 0.9020042 0.4307213 0.01996201 0.02166083
Grain 7 0.5383983 -0.6926185 -0.06874449 -0.475059
Grain 8 0.2271458 -0.555636 0.6205326 0.5045916
Grain 9 0.336786 -0.7980754 0.1666779 -0.4710301
Guest-0 ori 264.8135 264.8634
Grain 0 0 1 0 0
Grain 1 0.6844509 0.3584559 0.6062149 -0.1885202
Grain 2 0.3650836 0.1142396 0.0531777 -0.9224074
Grain 3 -0.1027881 -0.8555555 0.3454847 0.3716176
Grain 4 0.02532578 0.5934409 -0.5415398 0.5949128
Grain 5 0.7950864 -0.4274407 -0.1166477 -0.4141564
Grain 6 0.9020042 0.4307213 0.01996201 0.02166083
Grain 7 0.5383983 -0.6926185 -0.06874449 -0.475059
Grain 8 0.2271458 -0.555636 0.6205326 0.5045916
Grain 9 0.3298088 -0.800984 0.162561 -0.4724666
Guest-0 OptGrain 9 54 250.9964 251.4021
Grain 0 0 1 0 0
Grain 1 0.6844509 0.3584559 0.6062149 -0.1885202
Grain 2 0.3650836 0.1142396 0.0531777 -0.9224074
Grain 3 -0.1027881 -0.8555555 0.3454847 0.3716176
Grain 4 0.02532578 0.5934409 -0.5415398 0.5949128
Grain 5 0.7950864 -0.4274407 -0.1166477 -0.4141564
Grain 6 0.9020042 0.4307213 0.01996201 0.02166083
Grain 7 0.5383983 -0.6926185 -0.06874449 -0.475059
Grain 8 0.2271458 -0.555636 0.6205326 0.5045916
Grain 9 0.3033006 -0.8020884 0.1752004 -0.4837022
Guest-0 OptGrain 0 42 255.7963 256.1914
Grain 0 0.03497298 0.9993161 -0.008568596 -0.008420334
Grain 1 0.6844509 0.3584559 0.6062149 -0.1885202
Grain 2 0.3650836 0.1142396 0.0531777 -0.9224074
Grain 3 -0.1027881 -0.8555555 0.3454847 0.3716176
Grain 4 0.02532578 0.5934409 -0.5415398 0.5949128
Grain 5 0.7950864 -0.4274407 -0.1166477 -0.4141564
Grain 6 0.9020042 0.4307213 0.01996201 0.02166083
Grain 7 0.5383983 -0.6926185 -0.06874449 -0.475059
Grain 8 0.2271458 -0.555636 0.6205326 0.5045916
Grain 9 0.2962896 -0.8047047 0.1709726 -0.4852126
Guest-0 ori 271.4437 273.6757
Grain 0 0.3824754 0.9221605 0.0359496 -0.04516924
Grain 1 0.6844509 0.3584559 0.6062149 -0.1885202
Grain 2 0.3650836 0.1142396 0.0531777 -0.9224074
Grain 3 -0.1027881 -0.8555555 0.3454847 0.3716176
Grain 4 0.02532578 0.5934409 -0.5415398 0.5949128
Grain 5 0.7950864 -0.4274407 -0.1166477 -0.4141564
Grain 6 0.9020042 0.4307213 0.01996201 0.02166083
Grain 7 0.5383983 -0.6926185 -0.06874449 -0.475059
Grain 8 0.2271458 -0.555636 0.6205326 0.5045916
Grain 9 0.2962896 -0.8047047 0.1709726 -0.4852126
Guest-0 OptGrain 0 66 261.5486 262.1172
Grain 0 0.3595634 0.9287974 0.08466338 -0.02969666
Grain 1 0.6844509 0.3584559 0.6062149 -0.1885202
Grain 2 0.3650836 0.1142396 0.0531777 -0.9224074
Grain 3 -0.1027881 -0.8555555 0.3454847 0.3716176
Grain 4 0.02532578 0.5934409 -0.5415398 0.5949128
Grain 5 0.7950864 -0.4274407 -0.1166477 -0.4141564
Grain 6 0.9020042 0.4307213 0.01996201 0.02166083
Grain 7 0.5383983 -0.6926185 -0.06874449 -0.475059
Grain 8 0.2271458 -0.555636 0.6205326 0.5045916
Grain 9 0.2962896 -0.8047047 0.1709726 -0.4852126
Guest-0 OptGrain 5 156 266.8296 267.6521
Grain 0 0.3595635 0.9287972 0.08466341 -0.02969664
Grain 1 0.6844509 0.3584559 0.6062149 -0.1885202
Grain 2 0.3650836 0.1142396 0.0531777 -0.9224074
Grain 3 -0.1027881 -0.8555555 0.3454847 0.3716176
Grain 4 0.02532578 0.5934409 -0.5415398 0.5949128
Grain 5 0.7009308 -0.5698322 -0.1615636 -0.3973468
Grain 6 0.9020042 0.4307213 0.01996201 0.02166083
Grain 7 0.5383983 -0.6926185 -0.06874449 -0.475059
Grain 8 0.2271458 -0.555636 0.6205326 0.5045916
Grain 9 0.2962896 -0.8047047 0.1709726 -0.4852126
Guest-0 OptGrain 2 48 271.826 272.2106
Grain 0 0.3595635 0.9287972 0.08466341 -0.02969664
Grain 1 0.6844509 0.3584559 0.6062149 -0.1885202
Grain 2 0.3768303 0.1394917 0.02531378 -0.9153689
Grain 3 -0.1027881 -0.8555555 0.3454847 0.3716176
Grain 4 0.02532578 0.5934409 -0.5415398 0.5949128
Grain 5 0.7009308 -0.5698321 -0.1615636 -0.397347
Grain 6 0.9020042 0.4307213 0.01996201 0.02166083
Grain 7 0.5383983 -0.6926185 -0.06874449 -0.475059
Grain 8 0.2271458 -0.555636 0.6205326 0.5045916
Grain 9 0.2962896 -0.8047047 0.1709726 -0.4852126
Guest-0 ori 289.5182 292.8476
Grain 0 0.3595635 0.9287972 0.08466341 -0.02969664
Grain 1 0.6844509 0.3584559 0.6062149 -0.1885202
Grain 2 -0.1065801 0.1640754 -0.2551846 0.9468901
Grain 3 -0.1027881 -0.8555555 0.3454847 0.3716176
Grain 4 0.02532578 0.5934409 -0.5415398 0.5949128
Grain 5 0.7009308 -0.5698321 -0.1615636 -0.397347
Grain 6 0.9020042 0.4307213 0.01996201 0.02166083
Grain 7 0.5383983 -0.6926185 -0.06874449 -0.475059
Grain 8 0.2271458 -0.555636 0.6205326 0.5045916
Grain 9 0.2962896 -0.8047047 0.1709726 -0.4852126
Guest-0 OptGrain 2 372 280.4725 282.9515
Grain 0 0.3595635 0.9287972 0.08466341 -0.02969664
Grain 1 0.6844509 0.3584559 0.6062149 -0.1885202
Grain 2 0.03686669 -0.006580784 -0.05074446 0.9980094
Grain 3 -0.1027881 -0.8555555 0.3454847 0.3716176
Grain 4 0.02532578 0.5934409 -0.5415398 0.5949128
Grain 5 0.7009308 -0.5698321 -0.1615636 -0.397347
Grain 6 0.9020042 0.4307213 0.01996201 0.02166083
Grain 7 0.5383983 -0.6926185 -0.06874449 -0.475059
Grain 8 0.2271458 -0.555636 0.6205326 0.5045916
Grain 9 0.2962896 -0.8047047 0.1709726 -0.4852126
Guest-0 OptGrain 8 24 288.1111 288.3433
Grain 0 0.3595635 0.9287972 0.08466341 -0.02969664
Grain 1 0.6844509 0.3584559 0.6062149 -0.1885202
Grain 2 -0.03686669 0.006580843 0.05074448 -0.9980093
Grain 3 -0.1027881 -0.8555555 0.3454847 0.3716176
Grain 4 0.02532578 0.5934409 -0.5415398 0.5949128
Grain 5 0.7009308 -0.5698321 -0.1615636 -0.397347
Grain 6 0.9020042 0.4307213 0.01996201 0.02166083
Grain 7 0.5383983 -0.6926185 -0.06874449 -0.475059
Grain 8 0.2134477 -0.5683418 0.6151211 0.5030446
Grain 9 0.2962896 -0.8047047 0.1709726 -0.4852126
Guest-0 ori 303.5715 311.4368
Grain 0 0.3595635 0.9287972 0.08466341 -0.02969664
Grain 1 0.6844509 0.3584559 0.6062149 -0.1885202
Grain 2 -0.03686669 0.006580843 0.05074448 -0.9980093
Grain 3 -0.1027881 -0.8555555 0.3454847 0.3716176
Grain 4 0.02532578 0.5934409 -0.5415398 0.5949128
Grain 5 0.7009308 -0.5698321 -0.1615636 -0.397347
Grain 6 0.9020042 0.4307213 0.01996201 0.02166083
Grain 7 0.5383983 -0.6926185 -0.06874449 -0.475059
Grain 8 0.02381063 -0.3657412 0.9303924 -0.006028588
Grain 9 0.2962896 -0.8047047 0.1709726 -0.4852126
Guest-0 OptGrain 8 24 299.2449 299.4785
Grain 0 0.3595635 0.9287972 0.08466341 -0.02969664
Grain 1 0.6844509 0.3584559 0.6062149 -0.1885202
Grain 2 -0.03686669 0.006580843 0.05074448 -0.9980093
Grain 3 -0.1027881 -0.8555555 0.3454847 0.3716176
Grain 4 0.02532578 0.5934409 -0.5415398 0.5949128
Grain 5 0.7009308 -0.5698321 -0.1615636 -0.397347
Grain 6 0.9020042 0.4307213 0.01996201 0.02166083
Grain 7 0.5383983 -0.6926185 -0.06874449 -0.475059
Grain 8 0.03187445 -0.3493784 0.9363914 -0.009492447
Grain 9 0.2962896 -0.8047047 0.1709726 -0.4852126
Guest-0 ori 314.7857 314.8679
Grain 0 0.3595635 0.9287972 0.08466341 -0.02969664
Grain 1 0.6844509 0.3584559 0.6062149 -0.1885202
Grain 2 -0.03686669 0.006580843 0.05074448 -0.9980093
Grain 3 -0.1027881 -0.8555555 0.3454847 0.3716176
Grain 4 0.02532578 0.5934409 -0.5415398 0.5949128
Grain 5 0.7009308 -0.5698321 -0.1615636 -0.397347
Grain 6 0.9020042 0.4307213 0.01996201 0.02166083
Grain 7 0.5383983 -0.6926185 -0.06874449 -0.475059
Grain 8 0.0349221 -0.349087 0.9364385 -0.001320507
Grain 9 0.2962896 -0.8047047 0.1709726 -0.4852126
Guest-0 OptGrain 8 18 301.0065 301.1944
Grain 0 0.3595635 0.9287972 0.08466341 -0.02969664
Grain 1 0.6844509 0.3584559 0.6062149 -0.1885202
Grain 2 -0.03686669 0.006580843 0.05074448 -0.9980093
Grain 3 -0.1027881 -0.8555555 0.3454847 0.3716176
Grain 4 0.02532578 0.5934409 -0.5415398 0.5949128
Grain 5 0.7009308 -0.5698321 -0.1615636 -0.397347
Grain 6 0.9020042 0.4307213 0.01996201 0.02166083
Grain 7 0.5383983 -0.6926185 -0.06874449 -0.475059
Grain 8 0.04309263 -0.3490621 0.936098 -0.004366777
Grain 9 0.2962896 -0.8047047 0.1709726 -0.4852126
Guest-0 OptGrain 7 234 304.4117 305.7354
Grain 0 0.3595635 0.9287972 0.08466341 -0.02969664
Grain 1 0.6844509 0.3584559 0.6062149 -0.1885202
Grain 2 -0.03686669 0.006580843 0.05074448 -0.9980093
Grain 3 -0.1027881 -0.8555555 0.3454847 0.3716176
Grain 4 0.02532578 0.5934409 -0.5415398 0.5949128
Grain 5 0.7009308 -0.5698321 -0.1615636 -0.397347
Grain 6 0.9020042 0.4307213 0.01996201 0.02166083
Grain 7 0.6413524 -0.6368734 -0.2679471 -0.3335625
Grain 8 0.04309271 -0.3490622 0.936098 -0.004366706
Grain 9 0.2962896 -0.8047047 0.1709726 -0.4852126
Guest-0 ori 321.2403 326.5696
Grain 0 0.3595635 0.9287972 0.08466341 -0.02969664
Grain 1 0.6844509 0.3584559 0.6062149 -0.1885202
Grain 2 -0.03686669 0.006580843 0.05074448 -0.9980093
Grain 3 -0.1027881 -0.8555555 0.3454847 0.3716176
Grain 4 0.02532578 0.5934409 -0.5415398 0.5949128
Grain 5 0.7009308 -0.5698321 -0.1615636 -0.397347
Grain 6 0.9020042 0.4307213 0.01996201 0.02166083
Grain 7 0.1179028 -0.1812057 -0.4242024 -0.8793837
Grain 8 0.04309271 -0.3490622 0.936098 -0.004366706
Grain 9 0.2962896 -0.8047047 0.1709726 -0.4852126
Guest-0 OptGrain 1 18 316.399 316.6399
Grain 0 0.3595635 0.9287972 0.08466341 -0.02969664
Grain 1 0.6795796 0.3696769 0.6047379 -0.1892158
Grain 2 -0.03686669 0.006580843 0.05074448 -0.9980093
Grain 3 -0.1027881 -0.8555555 0.3454847 0.3716176
Grain 4 0.02532578 0.5934409 -0.5415398 0.5949128
Grain 5 0.7009308 -0.5698321 -0.1615636 -0.397347
Grain 6 0.9020042 0.4307213 0.01996201 0.02166083
Grain 7 0.1179028 -0.1812057 -0.4242024 -0.8793837
Grain 8 0.04309271 -0.3490622 0.936098 -0.004366706
Grain 9 0.2962896 -0.8047047 0.1709726 -0.4852126
Guest-0 ori 331.9 334.7356
Grain 0 0.3595635 0.9287972 0.08466341 -0.02969664
Grain 1 -0.9473791 0.03071548 -0.3000612 0.1072046
Grain 2 -0.03686669 0.006580843 0.05074448 -0.9980093
Grain 3 -0.1027881 -0.8555555 0.3454847 0.3716176
Grain 4 0.02532578 0.5934409 -0.5415398 0.5949128
Grain 5 0.7009308 -0.5698321 -0.1615636 -0.397347
Grain 6 0.9020042 0.4307213 0.01996201 0.02166083
Grain 7 0.1179028 -0.1812057 -0.4242024 -0.8793837
Grain 8 0.04309271 -0.3490622 0.936098 -0.004366706
Grain 9 0.2962896 -0.8047047 0.1709726 -0.4852126
Guest-0 OptGrain 1 12 322.0426 322.1737
Grain 0 0.3595635 0.9287972 0.08466341 -0.02969664
Grain 1 -0.9447244 0.03164983 -0.3083171 0.1069325
Grain 2 -0.03686669 0.006580843 0.05074448 -0.9980093
Grain 3 -0.1027881 -0.8555555 0.3454847 0.3716176
Grain 4 0.02532578 0.5934409 -0.5415398 0.5949128
Grain 5 0.7009308 -0.5698321 -0.1615636 -0.397347
Grain 6 0.9020042 0.4307213 0.01996201 0.02166083
Grain 7 0.1179028 -0.1812057 -0.4242024 -0.8793837
Grain 8 0.04309271 -0.3490622 0.936098 -0.004366706
Grain 9 0.2962896 -0.8047047 0.1709726 -0.4852126
Guest-0 OptGrain 0 234 327.1073 329.0964
Grain 0 0.1541018 0.971773 0.1744896 0.03825466
Grain 1 -0.9447244 0.03164983 -0.3083171 0.1069325
Grain 2 -0.03686669 0.006580843 0.05074448 -0.9980093
Grain 3 -0.1027881 -0.8555555 0.3454847 0.3716176
Grain 4 0.02532578 0.5934409 -0.5415398 0.5949128
Grain 5 0.7009308 -0.5698321 -0.1615636 -0.397347
Grain 6 0.9020042 0.4307213 0.01996201 0.02166083
Grain 7 0.1179028 -0.1812057 -0.4242024 -0.8793837
Grain 8 0.04309271 -0.3490622 0.936098 -0.004366706
Grain 9 0.2962896 -0.8047047 0.1709726 -0.4852126
Guest-0 OptGrain 9 18 333.5755 333.7485
Grain 0 0.1625761 0.9703912 0.1748167 0.03673049
Grain 1 -0.9447244 0.03164983 -0.3083171 0.1069325
Grain 2 -0.03686669 0.006580843 0.05074448 -0.9980093
Grain 3 -0.1027881 -0.8555555 0.3454847 0.3716176
Grain 4 0.02532578 0.5934409 -0.5415398 0.5949128
Grain 5 0.7009308 -0.5698321 -0.1615636 -0.397347
Grain 6 0.9020042 0.4307213 0.01996201 0.02166083
Grain 7 0.1179028 -0.1812057 -0.4242024 -0.8793837
Grain 8 0.04309271 -0.3490622 0.936098 -0.004366706
Grain 9 0.30751 -0.8035868 0.1681942 -0.481037
Guest-0 ori 349.744 349.744
Grain 0 0.1625761 0.9703912 0.1748167 0.03673049
Grain 1 -0.9447244 0.03164983 -0.3083171 0.1069325
Grain 2 -0.03686669 0.006580843 0.05074448 -0.9980093
Grain 3 -0.1027881 -0.8555555 0.3454847 0.3716176
Grain 4 0.02532578 0.5934409 -0.5415398 0.5949128
Grain 5 0.7009308 -0.5698321 -0.1615636 -0.397347
Grain 6 0.9020042 0.4307213 0.01996201 0.02166083
Grain 7 0.1179028 -0.1812057 -0.4242024 -0.8793837
Grain 8 0.04309271 -0.3490622 0.936098 -0.004366706
Grain 9 0.3145107 -0.8008727 0.1723855 -0.4795509
Guest-0 OptGrain 9 36 335.8719 336.1606
Grain 0 0.1625761 0.9703912 0.1748167 0.03673049
Grain 1 -0.9447244 0.03164983 -0.3083171 0.1069325
Grain 2 -0.03686669 0.006580843 0.05074448 -0.9980093
Grain 3 -0.1027881 -0.8555555 0.3454847 0.3716176
Grain 4 0.02532578 0.5934409 -0.5415398 0.5949128
Grain 5 0.7009308 -0.5698321 -0.1615636 -0.397347
Grain 6 0.9020042 0.4307213 0.01996201 0.02166083
Grain 7 0.1179028 -0.1812057 -0.4242024 -0.8793837
Grain 8 0.04309271 -0.3490622 0.936098 -0.004366706
Grain 9 0.3367859 -0.7980755 0.1666777 -0.4710299
Guest-0 ori 351.6 354.5309
Grain 0 0.1625761 0.9703912 0.1748167 0.03673049
Grain 1 -0.9447244 0.03164983 -0.3083171 0.1069325
Grain 2 -0.03686669 0.006580843 0.05074448 -0.9980093
Grain 3 -0.1027881 -0.8555555 0.3454847 0.3716176
Grain 4 0.02532578 0.5934409 -0.5415398 0.5949128
Grain 5 0.7009308 -0.5698321 -0.1615636 -0.397347
Grain 6 0.9020042 0.4307213 0.01996201 0.02166083
Grain 7 0.1179028 -0.1812057 -0.4242024 -0.8793837
Grain 8 0.04309271 -0.3490622 0.936098 -0.004366706
Grain 9 0.0955562 -0.8645248 0.07159612 -0.4882008
Guest-0 OptGrain 9 168 342.4396 343.6029
Grain 0 0.1625761 0.9703912 0.1748167 0.03673049
Grain 1 -0.9447244 0.03164983 -0.3083171 0.1069325
Grain 2 -0.03686669 0.006580843 0.05074448 -0.9980093
Grain 3 -0.1027881 -0.8555555 0.3454847 0.3716176
Grain 4 0.02532578 0.5934409 -0.5415398 0.5949128
Grain 5 0.7009308 -0.5698321 -0.1615636 -0.397347
Grain 6 0.9020042 0.4307213 0.01996201 0.02166083
Grain 7 0.1179028 -0.1812057 -0.4242024 -0.8793837
Grain 8 0.04309271 -0.3490622 0.936098 -0.004366706
Grain 9 0.160711 -0.8707699 0.1748178 -0.4305469
Guest-0 OptGrain 3 18 348.5598 348.8266
Grain 0 0.1625761 0.9703912 0.1748167 0.03673049
Grain 1 -0.9447244 0.03164983 -0.3083171 0.1069325
Grain 2 -0.03686669 0.006580843 0.05074448 -0.9980093
Grain 3 -0.09628682 -0.8493956 0.3603636 0.3733549
Grain 4 0.02532578 0.5934409 -0.5415398 0.5949128
Grain 5 0.7009308 -0.5698321 -0.1615636 -0.397347
Grain 6 0.9020042 0.4307213 0.01996201 0.02166083
Grain 7 0.1179028 -0.1812057 -0.4242024 -0.8793837
Grain 8 0.04309271 -0.3490622 0.936098 -0.004366706
Grain 9 0.1607109 -0.8707699 0.1748178 -0.430547
Guest-0 ori 364.1798 367.3311
Grain 0 0.1625761 0.9703912 0.1748167 0.03673049
Grain 1 -0.9447244 0.03164983 -0.3083171 0.1069325
Grain 2 -0.03686669 0.006580843 0.05074448 -0.9980093
Grain 3 0.298209 -0.9298726 0.08702466 -0.197066
Grain 4 0.02532578 0.5934409 -0.5415398 0.5949128
Grain 5 0.7009308 -0.5698321 -0.1615636 -0.397347
Grain 6 0.9020042 0.4307213 0.01996201 0.02166083
Grain 7 0.1179028 -0.1812057 -0.4242024 -0.8793837
Grain 8 0.04309271 -0.3490622 0.936098 -0.004366706
Grain 9 0.1607109 -0.8707699 0.1748178 -0.430547
Guest-0 ori 369.0043 369.1044
Grain 0 0.1625761 0.9703912 0.1748167 0.03673049
Grain 1 -0.9447244 0.03164983 -0.3083171 0.1069325
Grain 2 -0.03686669 0.006580843 0.05074448 -0.9980093
Grain 3 0.286205 -0.9301848 0.1054748 -0.2042499
Grain 4 0.02532578 0.5934409 -0.5415398 0.5949128
Grain 5 0.7009308 -0.5698321 -0.1615636 -0.397347
Grain 6 0.9020042 0.4307213 0.01996201 0.02166083
Grain 7 0.1179028 -0.1812057 -0.4242024 -0.8793837
Grain 8 0.04309271 -0.3490622 0.936098 -0.004366706
Grain 9 0.1607109 -0.8707699 0.1748178 -0.430547
Guest-0 OptGrain 3 12 355.2281 355.3744
Grain 0 0.1625761 0.9703912 0.1748167 0.03673049
Grain 1 -0.9447244 0.03164983 -0.3083171 0.1069325
Grain 2 -0.03686669 0.006580843 0.05074448 -0.9980093
Grain 3 0.286205 -0.9301848 0.1054748 -0.2042499
Grain 4 0.02532578 0.5934409 -0.5415398 0.5949128
Grain 5 0.7009308 -0.5698321 -0.1615636 -0.397347
Grain 6 0.9020042 0.4307213 0.01996201 0.02166083
Grain 7 0.1179028 -0.1812057 -0.4242024 -0.8793837
Grain 8 0.04309271 -0.3490622 0.936098 -0.004366706
Grain 9 0.1607109 -0.8707699 0.1748178 -0.430547
Guest-0 ori 371.0122 371.1117
Grain 0 0.1625761 0.9703912 0.1748167 0.03673049
Grain 1 -0.9447244 0.03164983 -0.3083171 0.1069325
Grain 2 -0.03686669 0.006580843 0.05074448 -0.9980093
Grain 3 0.2943115 -0.9276518 0.1072532 -0.2033216
Grain 4 0.02532578 0.5934409 -0.5415398 0.5949128
Grain 5 0.7009308 -0.5698321 -0.1615636 -0.397347
Grain 6 0.9020042 0.4307213 0.01996201 0.02166083
Grain 7 0.1179028 -0.1812057 -0.4242024 -0.8793837
Grain 8 0.04309271 -0.3490622 0.936098 -0.004366706
Grain 9 0.1607109 -0.8707699 0.1748178 -0.430547
Guest-0 OptGrain 3 120 357.2349 358.8906
Grain 0 0.1625761 0.9703912 0.1748167 0.03673049
Grain 1 -0.9447244 0.03164983 -0.3083171 0.1069325
Grain 2 -0.03686669 0.006580843 0.05074448 -0.9980093
Grain 3 0.3523968 -0.9042647 0.07869457 -0.2278793
Grain 4 0.02532578 0.5934409 -0.5415398 0.5949128
Grain 5 0.7009308 -0.5698321 -0.1615636 -0.397347
Grain 6 0.9020042 0.4307213 0.01996201 0.02166083
Grain 7 0.1179028 -0.1812057 -0.4242024 -0.8793837
Grain 8 0.04309271 -0.3490622 0.936098 -0.004366706
Grain 9 0.1607109 -0.8707699 0.1748178 -0.430547
Guest-0 OptGrain 7 42 362.809 363.1163
Grain 0 0.1625761 0.9703912 0.1748167 0.03673049
Grain 1 -0.9447244 0.03164983 -0.3083171 0.1069325
Grain 2 -0.03686669 0.006580843 0.05074448 -0.9980093
Grain 3 0.3444923 -0.9073055 0.07670296 -0.2285574
Grain 4 0.02532578 0.5934409 -0.5415398 0.5949128
Grain 5 0.7009308 -0.5698321 -0.1615636 -0.397347
Grain 6 0.9020042 0.4307213 0.01996201 0.02166083
Grain 7 0.09554018 -0.134934 -0.4297917 -0.8876622
Grain 8 0.04309271 -0.3490622 0.936098 -0.004366706
Grain 9 0.1607109 -0.8707699 0.1748178 -0.430547
Guest-0 ori 378.7531 382.1821
Grain 0 0.1625761 0.9703912 0.1748167 0.03673049
Grain 1 -0.9447244 0.03164983 -0.3083171 0.1069325
Grain 2 -0.03686669 0.006580843 0.05074448 -0.9980093
Grain 3 0.3444923 -0.9073055 0.07670296 -0.2285574
Grain 4 0.02532578 0.5934409 -0.5415398 0.5949128
Grain 5 0.7009308 -0.5698321 -0.1615636 -0.397347
Grain 6 0.9020042 0.4307213 0.01996201 0.02166083
Grain 7 0.5145729 0.3936537 -0.2606573 -0.7157579
Grain 8 0.04309271 -0.3490622 0.936098 -0.004366706
Grain 9 0.1607109 -0.8707699 0.1748178 -0.430547
Guest-0 OptGrain 7 234 369.6265 370.9838
Grain 0 0.1625761 0.9703912 0.1748167 0.03673049
Grain 1 -0.9447244 0.03164983 -0.3083171 0.1069325
Grain 2 -0.03686669 0.006580843 0.05074448 -0.9980093
Grain 3 0.3444923 -0.9073055 0.07670296 -0.2285574
Grain 4 0.02532578 0.5934409 -0.5415398 0.5949128
Grain 5 0.7009308 -0.5698321 -0.1615636 -0.397347
Grain 6 0.9020042 0.4307213 0.01996201 0.02166083
Grain 7 0.3823594 0.5326914 -0.2295539 -0.7192679
Grain 8 0.04309271 -0.3490622 0.936098 -0.004366706
Grain 9 0.1607109 -0.8707699 0.1748178 -0.430547
Guest-0 OptGrain 0 36 378.0674 378.3989
Grain 0 0.1382868 0.9724368 0.1805669 0.05137181
Grain 1 -0.9447244 0.03164983 -0.3083171 0.1069325
Grain 2 -0.03686669 0.006580843 0.05074448 -0.9980093
Grain 3 0.3444923 -0.9073055 0.07670296 -0.2285574
Grain 4 0.02532578 0.5934409 -0.5415398 0.5949128
Grain 5 0.7009308 -0.5698321 -0.1615636 -0.397347
Grain 6 0.9020042 0.4307213 0.01996201 0.02166083
Grain 7 0.3869931 0.5293345 -0.2358217 -0.7172374
Grain 8 0.04309271 -0.3490622 0.936098 -0.004366706
Grain 9 0.1607109 -0.8707699 0.1748178 -0.430547
Guest-0 OptGrain 3 12 383.2231 383.3654
Grain 0 0.1467676 0.971193 0.1810083 0.04979407
Grain 1 -0.9447244 0.03164983 -0.3083171 0.1069325
Grain 2 -0.03686669 0.006580843 0.05074448 -0.9980093
Grain 3 0.3523969 -0.9042647 0.07869456 -0.2278793
Grain 4 0.02532578 0.5934409 -0.5415398 0.5949128
Grain 5 0.7009308 -0.5698321 -0.1615636 -0.397347
Grain 6 0.9020042 0.4307213 0.01996201 0.02166083
Grain 7 0.3869931 0.5293345 -0.2358217 -0.7172374
Grain 8 0.04309271 -0.3490622 0.936098 -0.004366706
Grain 9 0.1607109 -0.8707699 0.1748178 -0.430547
Guest-0 OptGrain 3 18 384.3198 384.574
Grain 0 0.1467676 0.971193 0.1810083 0.04979407
Grain 1 -0.9447244 0.03164983 -0.3083171 0.1069325
Grain 2 -0.03686669 0.006580843 0.05074448 -0.9980093
Grain 3 0.3523969 -0.9042647 0.07869456 -0.2278793
Grain 4 0.02532578 0.5934409 -0.5415398 0.5949128
Grain 5 0.7009308 -0.5698321 -0.1615636 -0.397347
Grain 6 0.9020042 0.4307213 0.01996201 0.02166083
Grain 7 0.3869931 0.5293345 -0.2358217 -0.7172374
Grain 8 0.04309271 -0.3490622 0.936098 -0.004366706
Grain 9 0.1607109 -0.8707699 0.1748178 -0.430547
Guest-0 OptGrain 2 132 387.9225 388.8327
Grain 0 0.1467676 0.971193 0.1810083 0.04979407
Grain 1 -0.9447244 0.03164983 -0.3083171 0.1069325
Grain 2 -0.03652975 -0.1671955 0.04211428 -0.9843463
Grain 3 0.3523969 -0.9042647 0.07869456 -0.2278793
Grain 4 0.02532578 0.5934409 -0.5415398 0.5949128
Grain 5 0.7009308 -0.5698321 -0.1615636 -0.397347
Grain 6 0.9020042 0.4307213 0.01996201 0.02166083
Grain 7 0.3869931 0.5293345 -0.2358217 -0.7172374
Grain 8 0.04309271 -0.3490622 0.936098 -0.004366706
Grain 9 0.1607109 -0.8707699 0.1748178 -0.430547
Guest-0 OptGrain 8 60 394.8378 395.3354
Grain 0 0.1467676 0.971193 0.1810083 0.04979407
Grain 1 -0.9447244 0.03164983 -0.3083171 0.1069325
Grain 2 0.03541661 0.1727399 -0.04745747 0.9831859
Grain 3 0.3523969 -0.9042647 0.07869456 -0.2278793
Grain 4 0.02532578 0.5934409 -0.5415398 0.5949128
Grain 5 0.7009308 -0.5698321 -0.1615636 -0.397347
Grain 6 0.9020042 0.4307213 0.01996201 0.02166083
Grain 7 0.3869931 0.5293345 -0.2358217 -0.7172374
Grain 8 0.09774767 -0.3385497 0.9358308 -0.00710001
Grain 9 0.1607109 -0.8707699 0.1748178 -0.430547
Guest-0 OptGrain 1 12 400.0298 400.1609
Grain 0 0.1467676 0.971193 0.1810083 0.04979407
Grain 1 -0.9449647 0.02340446 -0.3092386 0.1042379
Grain 2 0.03541661 0.1727399 -0.04745747 0.9831859
Grain 3 0.3523969 -0.9042647 0.07869456 -0.2278793
Grain 4 0.02532578 0.5934409 -0.5415398 0.5949128
Grain 5 0.7009308 -0.5698321 -0.1615636 -0.397347
Grain 6 0.9020042 0.4307213 0.01996201 0.02166083
Grain 7 0.3869931 0.5293345 -0.2358217 -0.7172374
Grain 8 0.09774749 -0.3385496 0.9358308 -0.007100012
Grain 9 0.1607109 -0.8707699 0.1748178 -0.430547
Guest-0 OptGrain 1 90 401.3255 402.4422
Grain 0 0.1467676 0.971193 0.1810083 0.04979407
Grain 1 -0.9331237 -0.03817867 -0.3213706 0.1566632
Grain 2 0.03541661 0.1727399 -0.04745747 0.9831859
Grain 3 0.3523969 -0.9042647 0.07869456 -0.2278793
Grain 4 0.02532578 0.5934409 -0.5415398 0.5949128
Grain 5 0.7009308 -0.5698321 -0.1615636 -0.397347
Grain 6 0.9020042 0.4307213 0.01996201 0.02166083
Grain 7 0.3869931 0.5293345 -0.2358217 -0.7172374
Grain 8 0.09774749 -0.3385496 0.9358308 -0.007100012
Grain 9 0.1607109 -0.8707699 0.1748178 -0.430547
Guest-0 ori 418.2296 418.3288
Grain 0 0.1467676 0.971193 0.1810083 0.04979407
Grain 1 -0.9331238 -0.03817875 -0.3213705 0.1566631
Grain 2 0.03541661 0.1727399 -0.04745747 0.9831859
Grain 3 0.3523969 -0.9042647 0.07869456 -0.2278793
Grain 4 0.02532578 0.5934409 -0.5415398 0.5949128
Grain 5 0.7009308 -0.5698321 -0.1615636 -0.397347
Grain 6 0.9020042 0.4307213 0.01996201 0.02166083
Grain 7 0.3869931 0.5293345 -0.2358217 -0.7172374
Grain 8 0.09774749 -0.3385496 0.9358308 -0.007100012
Grain 9 0.1773252 -0.8651515 0.1781436 -0.433974
Guest-0 OptGrain 9 18 404.4679 404.6378
Grain 0 0.1467676 0.971193 0.1810083 0.04979407
Grain 1 -0.9331238 -0.03817875 -0.3213705 0.1566631
Grain 2 0.03541661 0.1727399 -0.04745747 0.9831859
Grain 3 0.3523969 -0.9042647 0.07869456 -0.2278793
Grain 4 0.02532578 0.5934409 -0.5415398 0.5949128
Grain 5 0.7009308 -0.5698321 -0.1615636 -0.397347
Grain 6 0.9020042 0.4307213 0.01996201 0.02166083
Grain 7 0.3869931 0.5293345 -0.2358217 -0.7172374
Grain 8 0.09774749 -0.3385496 0.9358308 -0.007100012
Grain 9 0.1697687 -0.8666661 0.1743498 -0.4355121
Guest-0 OptGrain 9 18 406.6669 406.8398
Grain 0 0.1467676 0.971193 0.1810083 0.04979407
Grain 1 -0.9331238 -0.03817875 -0.3213705 0.1566631
Grain 2 0.03541661 0.1727399 -0.04745747 0.9831859
Grain 3 0.3523969 -0.9042647 0.07869456 -0.2278793
Grain 4 0.02532578 0.5934409 -0.5415398 0.5949128
Grain 5 0.7009308 -0.5698321 -0.1615636 -0.397347
Grain 6 0.9020042 0.4307213 0.01996201 0.02166083
Grain 7 0.3869931 0.5293345 -0.2358217 -0.7172374
Grain 8 0.09774749 -0.3385496 0.9358308 -0.007100012
Grain 9 0.1697687 -0.866666 0.1743498 -0.4355121
Guest-0 ori 423.8677 429.758
Grain 0 0.1467676 0.971193 0.1810083 0.04979407
Grain 1 -0.9331238 -0.03817875 -0.3213705 0.1566631
Grain 2 0.03541661 0.1727399 -0.04745747 0.9831859
Grain 3 0.3523969 -0.9042647 0.07869456 -0.2278793
Grain 4 0.02532578 0.5934409 -0.5415398 0.5949128
Grain 5 0.7009308 -0.5698321 -0.1615636 -0.397347
Grain 6 0.9020042 0.4307213 0.01996201 0.02166083
Grain 7 0.3869931 0.5293345 -0.2358217 -0.7172374
Grain 8 0.09774749 -0.3385496 0.9358308 -0.007100012
Grain 9 -0.5672914 -0.1346474 0.2410856 -0.7758403
Guest-0 OptGrain 9 174 417.5105 418.7038
Grain 0 0.1467676 0.971193 0.1810083 0.04979407
Grain 1 -0.9331238 -0.03817875 -0.3213705 0.1566631
Grain 2 0.03541661 0.1727399 -0.04745747 0.9831859
Grain 3 0.3523969 -0.9042647 0.07869456 -0.2278793
Grain 4 0.02532578 0.5934409 -0.5415398 0.5949128
Grain 5 0.7009308 -0.5698321 -0.1615636 -0.397347
Grain 6 0.9020042 0.4307213 0.01996201 0.02166083
Grain 7 0.3869931 0.5293345 -0.2358217 -0.7172374
Grain 8 0.09774749 -0.3385496 0.9358308 -0.007100012
Grain 9 -0.7163971 -0.1046439 0.2495083 -0.6430945
Guest-0 ori 433.7958 433.8786
Grain 0 0.1467676 0.971193 0.1810083 0.04979407
Grain 1 -0.9331238 -0.03817875 -0.3213705 0.1566631
Grain 2 0.03541661 0.1727399 -0.04745747 0.9831859
Grain 3 0.3523969 -0.9042647 0.07869456 -0.2278793
Grain 4 0.02532578 0.5934409 -0.5415398 0.5949128
Grain 5 0.7009308 -0.5698321 -0.1615636 -0.397347
Grain 6 0.9020042 0.4307213 0.01996201 0.02166083
Grain 7 0.3869931 0.5293345 -0.2358217 -0.7172374
Grain 8 0.09774749 -0.3385496 0.9358308 -0.007100012
Grain 9 -0.717283 -0.09838834 0.2438867 -0.6452473
Guest-0 OptGrain 9 18 420.0006 420.1822
Grain 0 0.1467676 0.971193 0.1810083 0.04979407
Grain 1 -0.9331238 -0.03817875 -0.3213705 0.1566631
Grain 2 0.03541661 0.1727399 -0.04745747 0.9831859
Grain 3 0.3523969 -0.9042647 0.07869456 -0.2278793
Grain 4 0.02532578 0.5934409 -0.5415398 0.5949128
Grain 5 0.7009308 -0.5698321 -0.1615636 -0.397347
Grain 6 0.9020042 0.4307213 0.01996201 0.02166083
Grain 7 0.3869931 0.5293345 -0.2358217 -0.7172374
Grain 8 0.09774749 -0.3385496 0.9358308 -0.007100012
Grain 9 -0.7163972 -0.104644 0.2495082 -0.6430945
Guest-0 OptGrain 6 18 426.2694 426.4867
Grain 0 0.1467676 0.971193 0.1810083 0.04979407
Grain 1 -0.9331238 -0.03817875 -0.3213705 0.1566631
Grain 2 0.03541661 0.1727399 -0.04745747 0.9831859
Grain 3 0.3523969 -0.9042647 0.07869456 -0.2278793
Grain 4 0.02532578 0.5934409 -0.5415398 0.5949128
Grain 5 0.7009308 -0.5698321 -0.1615636 -0.397347
Grain 6 0.9014887 0.4303073 0.02747609 0.03739968
Grain 7 0.3869931 0.5293345 -0.2358217 -0.7172374
Grain 8 0.09774749 -0.3385496 0.9358308 -0.007100012
Grain 9 -0.7163972 -0.104644 0.2495082 -0.6430945
Guest-0 ori 442.5201 446.1442
Grain 0 0.1467676 0.971193 0.1810083 0.04979407
Grain 1 -0.9331238 -0.03817875 -0.3213705 0.1566631
Grain 2 0.03541661 0.1727399 -0.04745747 0.9831859
Grain 3 0.3523969 -0.9042647 0.07869456 -0.2278793
Grain 4 0.02532578 0.5934409 -0.5415398 0.5949128
Grain 5 0.7009308 -0.5698321 -0.1615636 -0.397347
Grain 6 0.8925655 0.3864611 0.2149058 0.08826134
Grain 7 0.3869931 0.5293345 -0.2358217 -0.7172374
Grain 8 0.09774749 -0.3385496 0.9358308 -0.007100012
Grain 9 -0.7163972 -0.104644 0.2495082 -0.6430945
Guest-0 OptGrain 6 96 433.614 434.5764
Grain 0 0.1467676 0.971193 0.1810083 0.04979407
Grain 1 -0.9331238 -0.03817875 -0.3213705 0.1566631
Grain 2 0.03541661 0.1727399 -0.04745747 0.9831859
Grain 3 0.3523969 -0.9042647 0.07869456 -0.2278793
Grain 4 0.02532578 0.5934409 -0.5415398 0.5949128
Grain 5 0.7009308 -0.5698321 -0.1615636 -0.397347
Grain 6 0.8719673 0.4519306 0.1693488 0.08217616
Grain 7 0.3869931 0.5293345 -0.2358217 -0.7172374
Grain 8 0.09774749 -0.3385496 0.9358308 -0.007100012
Grain 9 -0.7163972 -0.104644 0.2495082 -0.6430945
Guest-0 ori 450.0694 453.8777
Grain 0 0.1467676 0.971193 0.1810083 0.04979407
Grain 1 -0.9331238 -0.03817875 -0.3213705 0.1566631
Grain 2 0.03541661 0.1727399 -0.04745747 0.9831859
Grain 3 0.3523969 -0.9042647 0.07869456 -0.2278793
Grain 4 0.02532578 0.5934409 -0.5415398 0.5949128
Grain 5 0.7009308 -0.5698321 -0.1615636 -0.397347
Grain 6 0.3003729 0.723419 0.5444438 0.3000368
Grain 7 0.3869931 0.5293345 -0.2358217 -0.7172374
Grain 8 0.09774749 -0.3385496 0.9358308 -0.007100012
Grain 9 -0.7163972 -0.104644 0.2495082 -0.6430945
Guest-0 OptGrain 6 414 441.4478 445.5259
Grain 0 0.1467676 0.971193 0.1810083 0.04979407
Grain 1 -0.9331238 -0.03817875 -0.3213705 0.1566631
Grain 2 0.03541661 0.1727399 -0.04745747 0.9831859
Grain 3 0.3523969 -0.9042647 0.07869456 -0.2278793
Grain 4 0.02532578 0.5934409 -0.5415398 0.5949128
Grain 5 0.7009308 -0.5698321 -0.1615636 -0.397347
Grain 6 0.07521345 0.7044176 0.3348081 0.6213231
Grain 7 0.3869931 0.5293345 -0.2358217 -0.7172374
Grain 8 0.09774749 -0.3385496 0.9358308 -0.007100012
Grain 9 -0.7163972 -0.104644 0.2495082 -0.6430945
Guest-0 OptGrain 8 18 450.368 450.5646
Grain 0 0.1467676 0.971193 0.1810083 0.04979407
Grain 1 -0.9331238 -0.03817875 -0.3213705 0.1566631
Grain 2 0.03541661 0.1727399 -0.04745747 0.9831859
Grain 3 0.3523969 -0.9042647 0.07869456 -0.2278793
Grain 4 0.02532578 0.5934409 -0.5415398 0.5949128
Grain 5 0.7009308 -0.5698321 -0.1615636 -0.397347
Grain 6 -0.07521347 -0.7044175 -0.3348082 -0.6213231
Grain 7 0.3869931 0.5293345 -0.2358217 -0.7172374
Grain 8 0.09760869 -0.3221655 0.9415967 -0.008804861
Grain 9 -0.7163972 -0.104644 0.2495082 -0.6430945
Guest-0 ori 465.6786 465.7614
Grain 0 0.1467676 0.971193 0.1810083 0.04979407
Grain 1 -0.9331238 -0.03817875 -0.3213705 0.1566631
Grain 2 0.03541661 0.1727399 -0.04745747 0.9831859
Grain 3 0.3523969 -0.9042647 0.07869456 -0.2278793
Grain 4 0.02532578 0.5934409 -0.5415398 0.5949128
Grain 5 0.7009308 -0.5698321 -0.1615636 -0.397347
Grain 6 -0.07521347 -0.7044175 -0.3348082 -0.6213231
Grain 7 0.3869931 0.5293345 -0.2358217 -0.7172374
Grain 8 0.09768195 -0.3303701 0.9387496 -0.007952636
Grain 9 -0.7163972 -0.104644 0.2495082 -0.6430945
Guest-0 OptGrain 8 18 451.896 452.076
Grain 0 0.1467676 0.971193 0.1810083 0.04979407
Grain 1 -0.9331238 -0.03817875 -0.3213705 0.1566631
Grain 2 0.03541661 0.1727399 -0.04745747 0.9831859
Grain 3 0.3523969 -0.9042647 0.07869456 -0.2278793
Grain 4 0.02532578 0.5934409 -0.5415398 0.5949128
Grain 5 0.7009308 -0.5698321 -0.1615636 -0.397347
Grain 6 -0.07521347 -0.7044175 -0.3348082 -0.6213231
Grain 7 0.3869931 0.5293345 -0.2358217 -0.7172374
Grain 8 0.09760883 -0.3221655 0.9415967 -0.008804758
Grain 9 -0.7163972 -0.104644 0.2495082 -0.6430945
Guest-0 ori 466.8976 472.4176
Grain 0 0.1467676 0.971193 0.1810083 0.04979407
Grain 1 -0.9331238 -0.03817875 -0.3213705 0.1566631
Grain 2 0.03541661 0.1727399 -0.04745747 0.9831859
Grain 3 0.3523969 -0.9042647 0.07869456 -0.2278793
Grain 4 0.02532578 0.5934409 -0.5415398 0.5949128
Grain 5 0.7009308 -0.5698321 -0.1615636 -0.397347
Grain 6 -0.07521347 -0.7044175 -0.3348082 -0.6213231
Grain 7 0.3869931 0.5293345 -0.2358217 -0.7172374
Grain 8 0.06062915 -0.4485602 0.8849728 0.1092756
Grain 9 -0.7163972 -0.104644 0.2495082 -0.6430945
Guest-0 OptGrain 8 282 460.219 462.4758
Grain 0 0.1467676 0.971193 0.1810083 0.04979407
Grain 1 -0.9331238 -0.03817875 -0.3213705 0.1566631
Grain 2 0.03541661 0.1727399 -0.04745747 0.9831859
Grain 3 0.3523969 -0.9042647 0.07869456 -0.2278793
Grain 4 0.02532578 0.5934409 -0.5415398 0.5949128
Grain 5 0.7009308 -0.5698321 -0.1615636 -0.397347
Grain 6 -0.07521347 -0.7044175 -0.3348082 -0.6213231
Grain 7 0.3869931 0.5293345 -0.2358217 -0.7172374
Grain 8 0.2138069 -0.2831646 0.9245912 0.1386929
Grain 9 -0.7163972 -0.104644 0.2495082 -0.6430945
Guest-0 OptGrain 7 192 467.8972 469.0243
Grain 0 0.1467676 0.971193 0.1810083 0.04979407
Grain 1 -0.9331238 -0.03817875 -0.3213705 0.1566631
Grain 2 0.03541661 0.1727399 -0.04745747 0.9831859
Grain 3 0.3523969 -0.9042647 0.07869456 -0.2278793
Grain 4 0.02532578 0.5934409 -0.5415398 0.5949128
Grain 5 0.7009308 -0.5698321 -0.1615636 -0.397347
Grain 6 -0.07521347 -0.7044175 -0.3348082 -0.6213231
Grain 7 0.3023204 0.6363586 -0.1074293 -0.7015048
Grain 8 0.2138069 -0.2831647 0.9245911 0.1386929
Grain 9 -0.7163972 -0.104644 0.2495082 -0.6430945
Guest-0 OptGrain 0 36 474.7494 475.0896
Grain 0 0.1608349 0.9708197 0.1755783 0.02852265
Grain 1 -0.9331238 -0.03817875 -0.3213705 0.1566631
Grain 2 0.03541661 0.1727399 -0.04745747 0.9831859
Grain 3 0.3523969 -0.9042647 0.07869456 -0.2278793
Grain 4 0.02532578 0.5934409 -0.5415398 0.5949128
Grain 5 0.7009308 -0.5698321 -0.1615636 -0.397347
Grain 6 -0.07521347 -0.7044175 -0.3348082 -0.6213231
Grain 7 0.3032464 0.6302125 -0.1047869 -0.7070315
Grain 8 0.2138069 -0.2831647 0.9245911 0.1386929
Grain 9 -0.7163972 -0.104644 0.2495082 -0.6430945
Guest-0 OptGrain 3 18 479.135 479.3865
Grain 0 0.1608349 0.9708197 0.1755783 0.02852256
Grain 1 -0.9331238 -0.03817875 -0.3213705 0.1566631
Grain 2 0.03541661 0.1727399 -0.04745747 0.9831859
Grain 3 0.3595915 -0.9031153 0.08368332 -0.2192576
Grain 4 0.02532578 0.5934409 -0.5415398 0.5949128
Grain 5 0.7009308 -0.5698321 -0.1615636 -0.397347
Grain 6 -0.07521347 -0.7044175 -0.3348082 -0.6213231
Grain 7 0.3032464 0.6302125 -0.1047869 -0.7070315
Grain 8 0.2138069 -0.2831647 0.9245911 0.1386929
Grain 9 -0.7163972 -0.104644 0.2495082 -0.6430945
Guest-0 OptGrain 5 234 484.1764 485.4123
Grain 0 0.1608349 0.9708197 0.1755783 0.02852256
Grain 1 -0.9331238 -0.03817875 -0.3213705 0.1566631
Grain 2 0.03541661 0.1727399 -0.04745747 0.9831859
Grain 3 0.3595915 -0.9031153 0.08368332 -0.2192576
Grain 4 0.02532578 0.5934409 -0.5415398 0.5949128
Grain 5 0.5580907 -0.6447959 -0.2095051 -0.4784147
Grain 6 -0.07521347 -0.7044175 -0.3348082 -0.6213231
Grain 7 0.3032464 0.6302125 -0.1047869 -0.7070315
Grain 8 0.2138069 -0.2831647 0.9245911 0.1386929
Grain 9 -0.7163972 -0.104644 0.2495082 -0.6430945
Guest-0 OptGrain 4 18 490.1022 490.3548
Grain 0 0.1608349 0.9708197 0.1755783 0.02852256
Grain 1 -0.9331238 -0.03817875 -0.3213705 0.1566631
Grain 2 0.03541661 0.1727399 -0.04745747 0.9831859
Grain 3 0.3595915 -0.9031153 0.08368332 -0.2192576
Grain 4 0.02529545 0.5888458 -0.5518702 0.5899661
Grain 5 0.5562412 -0.6405964 -0.2143674 -0.4840234
Grain 6 -0.07521347 -0.7044175 -0.3348082 -0.6213231
Grain 7 0.3032464 0.6302125 -0.1047869 -0.7070315
Grain 8 0.2138069 -0.2831647 0.9245911 0.1386929
Grain 9 -0.7163972 -0.104644 0.2495082 -0.6430945
Guest-0 OptGrain 9 18 494.0552 494.2201
Grain 0 0.1608349 0.9708197 0.1755783 0.02852256
Grain 1 -0.9331238 -0.03817875 -0.3213705 0.1566631
Grain 2 0.03541661 0.1727399 -0.04745747 0.9831859
Grain 3 0.3595915 -0.9031153 0.08368332 -0.2192576
Grain 4 0.02529545 0.5888458 -0.5518702 0.5899661
Grain 5 0.5562412 -0.6405964 -0.2143674 -0.4840234
Grain 6 -0.07521347 -0.7044175 -0.3348082 -0.6213231
Grain 7 0.3032464 0.6302125 -0.1047869 -0.7070315
Grain 8 0.2138069 -0.2831647 0.9245911 0.1386929
Grain 9 -0.7228486 -0.09615835 0.2448451 -0.6389792
Guest-0 ori 509.9384 510.0048
Grain 0 0.1608349 0.9708197 0.1755783 0.02852256
Grain 1 -0.9331238 -0.03817875 -0.3213705 0.1566631
Grain 2 0.03541661 0.1727399 -0.04745747 0.9831859
Grain 3 0.3595915 -0.9031153 0.08368332 -0.2192576
Grain 4 0.02529545 0.5888458 -0.5518702 0.5899661
Grain 5 0.5562412 -0.6405964 -0.2143674 -0.4840234
Grain 6 -0.07521347 -0.7044175 -0.3348082 -0.6213231
Grain 7 0.3032464 0.6302125 -0.1047869 -0.7070315
Grain 8 0.2138069 -0.2831647 0.9245911 0.1386929
Grain 9 -0.721982 -0.1024628 0.2504118 -0.6368182
Guest-0 OptGrain 9 18 496.1299 496.3044
Grain 0 0.1608349 0.9708197 0.1755783 0.02852256
Grain 1 -0.9331238 -0.03817875 -0.3213705 0.1566631
Grain 2 0.03541661 0.1727399 -0.04745747 0.9831859
Grain 3 0.3595915 -0.9031153 0.08368332 -0.2192576
Grain 4 0.02529545 0.5888458 -0.5518702 0.5899661
Grain 5 0.5562412 -0.6405964 -0.2143674 -0.4840234
Grain 6 -0.07521347 -0.7044175 -0.3348082 -0.6213231
Grain 7 0.3032464 0.6302125 -0.1047869 -0.7070315
Grain 8 0.2138069 -0.2831647 0.9245911 0.1386929
Grain 9 -0.7228486 -0.09615848 0.244845 -0.6389792
Guest-0 OptGrain 9 18 497.6527 497.797
Grain 0 0.1608349 0.9708197 0.1755783 0.02852256
Grain 1 -0.9331238 -0.03817875 -0.3213705 0.1566631
Grain 2 0.03541661 0.1727399 -0.04745747 0.9831859
Grain 3 0.3595915 -0.9031153 0.08368332 -0.2192576
Grain 4 0.02529545 0.5888458 -0.5518702 0.5899661
Grain 5 0.5562412 -0.6405964 -0.2143674 -0.4840234
Grain 6 -0.07521347 -0.7044175 -0.3348082 -0.6213231
Grain 7 0.3032464 0.6302125 -0.1047869 -0.7070315
Grain 8 0.2138069 -0.2831647 0.9245911 0.1386929
Grain 9 -0.7228486 -0.09615848 0.244845 -0.6389791
Guest-0 OptGrain 7 12 506.6924 506.7775
Grain 0 0.1608349 0.9708197 0.1755783 0.02852256
Grain 1 -0.9331238 -0.03817875 -0.3213705 0.1566631
Grain 2 0.03541661 0.1727399 -0.04745747 0.9831859
Grain 3 0.3595915 -0.9031153 0.08368332 -0.2192576
Grain 4 0.02529545 0.5888458 -0.5518702 0.5899661
Grain 5 0.5562412 -0.6405964 -0.2143674 -0.4840234
Grain 6 -0.07521347 -0.7044175 -0.3348082 -0.6213231
Grain 7 0.3094049 0.631103 -0.09928337 -0.7043583
Grain 8 0.2138069 -0.2831647 0.9245911 0.1386929
Grain 9 -0.7228486 -0.09615848 0.244845 -0.6389791
Guest-0 ori 521.4982 521.5643
Grain 0 0.1608349 0.9708197 0.1755783 0.02852256
Grain 1 -0.9331238 -0.03817875 -0.3213705 0.1566631
Grain 2 0.03541661 0.1727399 -0.04745747 0.9831859
Grain 3 0.3595915 -0.9031153 0.08368332 -0.2192576
Grain 4 0.02529545 0.5888458 -0.5518702 0.5899661
Grain 5 0.5562412 -0.6405964 -0.2143674 -0.4840234
Grain 6 -0.07521347 -0.7044175 -0.3348082 -0.6213231
Grain 7 0.3032465 0.6302126 -0.1047869 -0.7070314
Grain 8 0.2138069 -0.2831647 0.9245911 0.1386929
Grain 9 -0.7228486 -0.09615848 0.244845 -0.6389791
Guest-0 OptGrain 7 18 507.7 507.8659
Grain 0 0.1608349 0.9708197 0.1755783 0.02852256
Grain 1 -0.9331238 -0.03817875 -0.3213705 0.1566631
Grain 2 0.03541661 0.1727399 -0.04745747 0.9831859
Grain 3 0.3595915 -0.9031153 0.08368332 -0.2192576
Grain 4 0.02529545 0.5888458 -0.5518702 0.5899661
Grain 5 0.5562412 -0.6405964 -0.2143674 -0.4840234
Grain 6 -0.07521347 -0.7044175 -0.3348082 -0.6213231
Grain 7 0.3094049 0.631103 -0.09928339 -0.7043582
Grain 8 0.2138069 -0.2831647 0.9245911 0.1386929
Grain 9 -0.7228486 -0.09615848 0.244845 -0.6389791
Guest-0 OptGrain 8 18 512.7603 512.9353
Grain 0 0.1608349 0.9708197 0.1755783 0.02852256
Grain 1 -0.9331238 -0.03817875 -0.3213705 0.1566631
Grain 2 0.03541661 0.1727399 -0.04745747 0.9831859
Grain 3 0.3595915 -0.9031153 0.08368332 -0.2192576
Grain 4 0.02529545 0.5888458 -0.5518702 0.5899661
Grain 5 0.5562412 -0.6405964 -0.2143674 -0.4840234
Grain 6 -0.07521347 -0.7044175 -0.3348082 -0.6213231
Grain 7 0.3094049 0.631103 -0.09928339 -0.7043582
Grain 8 0.2149809 -0.289335 0.9208558 0.1486379
Grain 9 -0.7228486 -0.09615848 0.244845 -0.6389791
Guest-0 ori 528.7565 528.8387
Grain 0 0.1608349 0.9708197 0.1755783 0.02852256
Grain 1 -0.9331238 -0.03817875 -0.3213705 0.1566631
Grain 2 0.03541661 0.1727399 -0.04745747 0.9831859
Grain 3 0.3595915 -0.9031153 0.08368332 -0.2192576
Grain 4 0.02529545 0.5888458 -0.5518702 0.5899661
Grain 5 0.5562412 -0.6405964 -0.2143674 -0.4840234
Grain 6 -0.07521347 -0.7044175 -0.3348082 -0.6213231
Grain 7 0.3094049 0.631103 -0.09928339 -0.7043582
Grain 8 0.214981 -0.2893351 0.9208556 0.1486378
Grain 9 -0.7228486 -0.09615848 0.244845 -0.6389791
Guest-0 OptGrain 2 36 518.6971 518.9948
Grain 0 0.1608349 0.9708197 0.1755783 0.02852256
Grain 1 -0.9331238 -0.03817875 -0.3213705 0.1566631
Grain 2 0.04699575 0.1715252 -0.03180271 0.9835442
Grain 3 0.3595915 -0.9031153 0.08368332 -0.2192576
Grain 4 0.02529545 0.5888458 -0.5518702 0.5899661
Grain 5 0.5562412 -0.6405964 -0.2143674 -0.4840234
Grain 6 -0.07521347 -0.7044175 -0.3348082 -0.6213231
Grain 7 0.3094049 0.631103 -0.09928339 -0.7043582
Grain 8 0.214981 -0.2893351 0.9208556 0.1486378
Grain 9 -0.7228486 -0.09615848 0.244845 -0.6389791
Guest-0 ori 538.2003 539.9702
Grain 0 0.1608349 0.9708197 0.1755783 0.02852256
Grain 1 -0.9331238 -0.03817875 -0.3213705 0.1566631
Grain 2 0.2604332 0.1142111 -0.1046517 0.952984
Grain 3 0.3595915 -0.9031153 0.08368332 -0.2192576
Grain 4 0.02529545 0.5888458 -0.5518702 0.5899661
Grain 5 0.5562412 -0.6405964 -0.2143674 -0.4840234
Grain 6 -0.07521347 -0.7044175 -0.3348082 -0.6213231
Grain 7 0.3094049 0.631103 -0.09928339 -0.7043582
Grain 8 0.214981 -0.2893351 0.9208556 0.1486378
Grain 9 -0.7228486 -0.09615848 0.244845 -0.6389791
Guest-0 ori 541.6208 541.7206
Grain 0 0.1608349 0.9708197 0.1755783 0.02852256
Grain 1 -0.9331238 -0.03817875 -0.3213705 0.1566631
Grain 2 0.2585051 0.1182374 -0.1000101 0.9535161
Grain 3 0.3595915 -0.9031153 0.08368332 -0.2192576
Grain 4 0.02529545 0.5888458 -0.5518702 0.5899661
Grain 5 0.5562412 -0.6405964 -0.2143674 -0.4840234
Grain 6 -0.07521347 -0.7044175 -0.3348082 -0.6213231
Grain 7 0.3094049 0.631103 -0.09928339 -0.7043582
Grain 8 0.214981 -0.2893351 0.9208556 0.1486378
Grain 9 -0.7228486 -0.09615848 0.244845 -0.6389791
Guest-0 OptGrain 2 120 527.8342 528.6785
Grain 0 0.1608349 0.9708197 0.1755783 0.02852256
Grain 1 -0.9331238 -0.03817875 -0.3213705 0.1566631
Grain 2 0.2235282 0.1801938 -0.05087493 0.9565444
Grain 3 0.3595915 -0.9031153 0.08368332 -0.2192576
Grain 4 0.02529545 0.5888458 -0.5518702 0.5899661
Grain 5 0.5562412 -0.6405964 -0.2143674 -0.4840234
Grain 6 -0.07521347 -0.7044175 -0.3348082 -0.6213231
Grain 7 0.3094049 0.631103 -0.09928339 -0.7043582
Grain 8 0.214981 -0.2893351 0.9208556 0.1486378
Grain 9 -0.7228486 -0.09615848 0.244845 -0.6389791
Guest-0 OptGrain 3 18 533.2855 533.5348
Grain 0 0.1608349 0.9708197 0.1755783 0.02852256
Grain 1 -0.9331238 -0.03817875 -0.3213705 0.1566631
Grain 2 0.2235282 0.1801938 -0.05087494 0.9565443
Grain 3 0.3437753 -0.9092534 0.07984401 -0.2206847
Grain 4 0.02529545 0.5888458 -0.5518702 0.5899661
Grain 5 0.5562412 -0.6405964 -0.2143674 -0.4840234
Grain 6 -0.07521347 -0.7044175 -0.3348082 -0.6213231
Grain 7 0.3094049 0.631103 -0.09928339 -0.7043582
Grain 8 0.214981 -0.2893351 0.9208556 0.1486378
Grain 9 -0.7228486 -0.09615848 0.244845 -0.6389791
Guest-0 OptGrain 4 18 539.2355 539.4899
Grain 0 0.1608349 0.9708197 0.1755783 0.02852256
Grain 1 -0.9331238 -0.03817875 -0.3213705 0.1566631
Grain 2 0.2235282 0.1801938 -0.05087494 0.9565443
Grain 3 0.3437753 -0.9092534 0.07984401 -0.2206847
Grain 4 0.02529545 0.5888459 -0.5518702 0.5899662
Grain 5 0.5562412 -0.6405964 -0.2143674 -0.4840234
Grain 6 -0.07521347 -0.7044175 -0.3348082 -0.6213231
Grain 7 0.3094049 0.631103 -0.09928339 -0.7043582
Grain 8 0.214981 -0.2893351 0.9208556 0.1486378
Grain 9 -0.7228486 -0.09615848 0.244845 -0.6389791
