Guest-0 ori 104.1453 107.4629
Grain 0 0 1 0 0
Grain 1 0 1 0 0
Grain 2 0 1 0 0
Grain 3 0 1 0 0
Grain 4 0 1 0 0
Grain 5 0 1 0 0
Grain 6 0 1 0 0
Grain 7 0 1 0 0
Grain 8 0 1 0 0
Grain 9 0.1714764 -0.8766304 0.4189809 -0.1630034
Guest-0 ori 112.9971 114.7898
Grain 0 0 1 0 0
Grain 1 0.3383541 0.8713337 -0.3471197 0.07617161
Grain 2 0 1 0 0
Grain 3 0 1 0 0
Grain 4 0 1 0 0
Grain 5 0 1 0 0
Grain 6 0 1 0 0
Grain 7 0 1 0 0
Grain 8 0 1 0 0
Grain 9 0.1714764 -0.8766304 0.4189809 -0.1630034
Guest-0 ori 119.3126 124.8123
Grain 0 0 1 0 0
Grain 1 0.3383541 0.8713337 -0.3471197 0.07617161
Grain 2 0 1 0 0
Grain 3 0 1 0 0
Grain 4 0 1 0 0
Grain 5 0 1 0 0
Grain 6 0 1 0 0
Grain 7 0.5832061 0.6225672 -0.5217928 0.003600568
Grain 8 0 1 0 0
Grain 9 0.1714764 -0.8766304 0.4189809 -0.1630034
Guest-0 ori 130.1687 134.5109
Grain 0 0 1 0 0
Grain 1 0.3383541 0.8713337 -0.3471197 0.07617161
Grain 2 0 1 0 0
Grain 3 0 1 0 0
Grain 4 0 1 0 0
Grain 5 0 1 0 0
Grain 6 0 1 0 0
Grain 7 0.5832061 0.6225672 -0.5217928 0.003600568
Grain 8 0.3583167 0.9068367 0.1783549 0.1320831
Grain 9 0.1714764 -0.8766304 0.4189809 -0.1630034
Guest-0 ori 142.9622 147.2913
Grain 0 0 1 0 0
Grain 1 0.3383541 0.8713337 -0.3471197 0.07617161
Grain 2 0.3657419 0.8872472 -0.2745688 0.06030922
Grain 3 0 1 0 0
Grain 4 0 1 0 0
Grain 5 0 1 0 0
Grain 6 0 1 0 0
Grain 7 0.5832061 0.6225672 -0.5217928 0.003600568
Grain 8 0.3590643 0.9063067 0.1766113 0.1359764
Grain 9 0.1714764 -0.8766304 0.4189809 -0.1630034
Guest-0 ori 151.6467 157.9292
Grain 0 0 1 0 0
Grain 1 0.3383541 0.8713337 -0.3471197 0.07617161
Grain 2 0.3657419 0.8872472 -0.2745688 0.06030922
Grain 3 0 1 0 0
Grain 4 0 1 0 0
Grain 5 0.4219787 0.8991127 -0.1007373 -0.05815836
Grain 6 0 1 0 0
Grain 7 0.5832061 0.6225672 -0.5217928 0.003600568
Grain 8 0.3590643 0.9063067 0.1766113 0.1359764
Grain 9 0.1714764 -0.8766304 0.4189809 -0.1630034
Guest-0 ori 158.4925 163.1698
Grain 0 0 1 0 0
Grain 1 0.3383541 0.8713337 -0.3471197 0.07617161
Grain 2 0.3657419 0.8872472 -0.2745688 0.06030922
Grain 3 0 1 0 0
Grain 4 0 1 0 0
Grain 5 0.3914594 0.9106377 -0.1319213 0.009766263
Grain 6 0 1 0 0
Grain 7 0.5832061 0.6225672 -0.5217928 0.003600568
Grain 8 0.3590643 0.9063067 0.1766113 0.1359764
Grain 9 0.1714764 -0.8766304 0.4189809 -0.1630034
Guest-0 ori 167.3109 171.6058
Grain 0 0 1 0 0
Grain 1 0.3383541 0.8713337 -0.3471197 0.07617161
Grain 2 0.3657419 0.8872472 -0.2745688 0.06030922
Grain 3 0.07204236 0.9143758 0.3570827 0.1766885
Grain 4 0 1 0 0
Grain 5 0.3914594 0.9106377 -0.1319213 0.009766263
Grain 6 0 1 0 0
Grain 7 0.5832061 0.6225672 -0.5217928 0.003600568
Grain 8 0.3590643 0.9063067 0.1766113 0.1359764
Grain 9 0.1714764 -0.8766304 0.4189809 -0.1630034
Guest-0 ori 175.7314 187.3493
Grain 0 0 1 0 0
Grain 1 0.3383541 0.8713337 -0.3471197 0.07617161
Grain 2 0.3657419 0.8872472 -0.2745688 0.06030922
Grain 3 0.07204236 0.9143758 0.3570827 0.1766885
Grain 4 0 1 0 0
Grain 5 0.3914594 0.9106377 -0.1319213 0.009766263
Grain 6 0 1 0 0
Grain 7 0.2745274 0.6240435 -0.6787615 0.2729236
Grain 8 0.3590643 0.9063067 0.1766113 0.1359764
Grain 9 0.1714764 -0.8766304 0.4189809 -0.1630034
Guest-0 ori 188.4924 189.984
Grain 0 0 1 0 0
Grain 1 0.3383541 0.8713337 -0.3471197 0.07617161
Grain 2 0.3657419 0.8872472 -0.2745688 0.06030922
Grain 3 0.07204236 0.9143758 0.3570827 0.1766885
Grain 4 0 1 0 0
Grain 5 0.3914594 0.9106377 -0.1319213 0.009766263
Grain 6 0 1 0 0
Grain 7 0.4526176 0.4901541 -0.6912475 0.2776027
Grain 8 0.3590643 0.9063067 0.1766113 0.1359764
Grain 9 0.1714764 -0.8766304 0.4189809 -0.1630034
Guest-0 ori 192.0477 195.2948
Grain 0 0 1 0 0
Grain 1 0.3383541 0.8713337 -0.3471197 0.07617161
Grain 2 0.3657419 0.8872472 -0.2745688 0.06030922
Grain 3 0.07204236 0.9143758 0.3570827 0.1766885
Grain 4 0 1 0 0
Grain 5 0.3914594 0.9106377 -0.1319213 0.009766263
Grain 6 0 1 0 0
Grain 7 0.4444724 0.5463849 -0.6250422 0.3364968
Grain 8 0.3590643 0.9063067 0.1766113 0.1359764
Grain 9 0.1714764 -0.8766304 0.4189809 -0.1630034
Guest-0 ori 201.295 203.806
Grain 0 0.3037208 0.9033158 0.2103082 0.2180475
Grain 1 0.3383541 0.8713337 -0.3471197 0.07617161
Grain 2 0.3657419 0.8872472 -0.2745688 0.06030922
Grain 3 0.07204236 0.9143758 0.3570827 0.1766885
Grain 4 0 1 0 0
Grain 5 0.3914594 0.9106377 -0.1319213 0.009766263
Grain 6 0 1 0 0
Grain 7 0.4444724 0.5463849 -0.6250422 0.3364968
Grain 8 0.3590643 0.9063067 0.1766113 0.1359764
Grain 9 0.1714764 -0.8766304 0.4189809 -0.1630034
Guest-0 ori 216.861 222.7853
Grain 0 0.3037208 0.9033158 0.2103082 0.2180475
Grain 1 0.3383541 0.8713337 -0.3471197 0.07617161
Grain 2 0.3657419 0.8872472 -0.2745688 0.06030922
Grain 3 0.07204236 0.9143758 0.3570827 0.1766885
Grain 4 0 1 0 0
Grain 5 0.3914594 0.9106377 -0.1319213 0.009766263
Grain 6 0 1 0 0
Grain 7 0.4444724 0.5463849 -0.6250422 0.3364968
Grain 8 0.3590643 0.9063067 0.1766113 0.1359764
Grain 9 0.267044 -0.8930832 0.3254967 -0.1585616
Guest-0 ori 223.9121 225.2042
Grain 0 0.3037208 0.9033158 0.2103082 0.2180475
Grain 1 0.3383541 0.8713337 -0.3471197 0.07617161
Grain 2 0.3657419 0.8872472 -0.2745688 0.06030922
Grain 3 0.07204236 0.9143758 0.3570827 0.1766885
Grain 4 0 1 0 0
Grain 5 0.3914594 0.9106377 -0.1319213 0.009766263
Grain 6 0 1 0 0
Grain 7 0.4444724 0.5463849 -0.6250422 0.3364968
Grain 8 0.3590643 0.9063067 0.1766113 0.1359764
Grain 9 0.3717373 -0.8552334 0.355345 -0.06416576
Guest-0 ori 226.3147 227.1093
Grain 0 0.3037208 0.9033158 0.2103082 0.2180475
Grain 1 0.3383541 0.8713337 -0.3471197 0.07617161
Grain 2 0.3657419 0.8872472 -0.2745688 0.06030922
Grain 3 0.07204236 0.9143758 0.3570827 0.1766885
Grain 4 0 1 0 0
Grain 5 0.3914594 0.9106377 -0.1319213 0.009766263
Grain 6 0 1 0 0
Grain 7 0.4444724 0.5463849 -0.6250422 0.3364968
Grain 8 0.3590643 0.9063067 0.1766113 0.1359764
Grain 9 0.4126691 -0.8311343 0.3726538 -0.007007733
Guest-0 ori 228.2071 228.8863
Grain 0 0.3037208 0.9033158 0.2103082 0.2180475
Grain 1 0.3383541 0.8713337 -0.3471197 0.07617161
Grain 2 0.3657419 0.8872472 -0.2745688 0.06030922
Grain 3 0.07204236 0.9143758 0.3570827 0.1766885
Grain 4 0 1 0 0
Grain 5 0.3914594 0.9106377 -0.1319213 0.009766263
Grain 6 0 1 0 0
Grain 7 0.4444724 0.5463849 -0.6250422 0.3364968
Grain 8 0.3590643 0.9063067 0.1766113 0.1359764
Grain 9 0.370689 -0.8496514 0.3744522 -0.02162927
Guest-0 ori 233.3924 239.6137
Grain 0 0.3037208 0.9033158 0.2103082 0.2180475
Grain 1 0.3383541 0.8713337 -0.3471197 0.07617161
Grain 2 0.3657419 0.8872472 -0.2745688 0.06030922
Grain 3 0.07204236 0.9143758 0.3570827 0.1766885
Grain 4 0 1 0 0
Grain 5 0.3914594 0.9106377 -0.1319213 0.009766263
Grain 6 0.2255139 0.9648787 0.1346582 0.004446164
Grain 7 0.4444724 0.5463849 -0.6250422 0.3364968
Grain 8 0.3590643 0.9063067 0.1766113 0.1359764
Grain 9 0.370689 -0.8496514 0.3744522 -0.02162927
Guest-0 ori 240.6904 241.6181
Grain 0 0.3037208 0.9033158 0.2103082 0.2180475
Grain 1 0.3383541 0.8713337 -0.3471197 0.07617161
Grain 2 0.3657419 0.8872472 -0.2745688 0.06030922
Grain 3 0.07204236 0.9143758 0.3570827 0.1766885
Grain 4 0 1 0 0
Grain 5 0.3914594 0.9106377 -0.1319213 0.009766263
Grain 6 0.267057 0.9375733 0.2191348 -0.04021212
Grain 7 0.4444724 0.5463849 -0.6250422 0.3364968
Grain 8 0.3590643 0.9063067 0.1766113 0.1359764
Grain 9 0.370689 -0.8496514 0.3744522 -0.02162927
Guest-0 ori 242.2808 242.8109
Grain 0 0.3037208 0.9033158 0.2103082 0.2180475
Grain 1 0.3383541 0.8713337 -0.3471197 0.07617161
Grain 2 0.3657419 0.8872472 -0.2745688 0.06030922
Grain 3 0.07204236 0.9143758 0.3570827 0.1766885
Grain 4 0 1 0 0
Grain 5 0.3914594 0.9106377 -0.1319213 0.009766263
Grain 6 0.3073794 0.8857904 0.3268954 -0.1184596
Grain 7 0.4444724 0.5463849 -0.6250422 0.3364968
Grain 8 0.3590643 0.9063067 0.1766113 0.1359764
Grain 9 0.370689 -0.8496514 0.3744522 -0.02162927
Guest-0 ori 243.6392 244.3186
Grain 0 0.3037208 0.9033158 0.2103082 0.2180475
Grain 1 0.3383541 0.8713337 -0.3471197 0.07617161
Grain 2 0.3657419 0.8872472 -0.2745688 0.06030922
Grain 3 0.07204236 0.9143758 0.3570827 0.1766885
Grain 4 0 1 0 0
Grain 5 0.3914594 0.9106377 -0.1319213 0.009766263
Grain 6 0.3353048 0.8501232 0.3792189 -0.1451012
Grain 7 0.4444724 0.5463849 -0.6250422 0.3364968
Grain 8 0.3590643 0.9063067 0.1766113 0.1359764
Grain 9 0.370689 -0.8496514 0.3744522 -0.02162927
Guest-0 ori 244.9651 245.5807
Grain 0 0.3037208 0.9033158 0.2103082 0.2180475
Grain 1 0.3383541 0.8713337 -0.3471197 0.07617161
Grain 2 0.3657419 0.8872472 -0.2745688 0.06030922
Grain 3 0.07204236 0.9143758 0.3570827 0.1766885
Grain 4 0 1 0 0
Grain 5 0.3914594 0.9106377 -0.1319213 0.009766263
Grain 6 0.3567454 0.8009668 0.4427084 -0.1876012
Grain 7 0.4444724 0.5463849 -0.6250422 0.3364968
Grain 8 0.3590643 0.9063067 0.1766113 0.1359764
Grain 9 0.370689 -0.8496514 0.3744522 -0.02162927
Guest-0 ori 246.4092 247.2374
Grain 0 0.3037208 0.9033158 0.2103082 0.2180475
Grain 1 0.3383541 0.8713337 -0.3471197 0.07617161
Grain 2 0.3657419 0.8872472 -0.2745688 0.06030922
Grain 3 0.07204236 0.9143758 0.3570827 0.1766885
Grain 4 0 1 0 0
Grain 5 0.3914594 0.9106377 -0.1319213 0.009766263
Grain 6 0.3602061 0.7951553 0.4489746 -0.1907914
Grain 7 0.4444724 0.5463849 -0.6250422 0.3364968
Grain 8 0.3590643 0.9063067 0.1766113 0.1359764
Grain 9 0.370689 -0.8496514 0.3744522 -0.02162927
Guest-0 ori 249.0266 250.9483
Grain 0 0.3037208 0.9033158 0.2103082 0.2180475
Grain 1 0.3383541 0.8713337 -0.3471197 0.07617161
Grain 2 0.3657419 0.8872472 -0.2745688 0.06030922
Grain 3 0.07204236 0.9143758 0.3570827 0.1766885
Grain 4 0 1 0 0
Grain 5 0.3914594 0.9106377 -0.1319213 0.009766263
Grain 6 0.3818536 0.7814135 0.4574606 -0.1852317
Grain 7 0.4444724 0.5463849 -0.6250422 0.3364968
Grain 8 0.3590643 0.9063067 0.1766113 0.1359764
Grain 9 0.370689 -0.8496514 0.3744522 -0.02162927
Guest-0 ori 255.5679 257.1745
Grain 0 0.3037208 0.9033158 0.2103082 0.2180475
Grain 1 0.3383541 0.8713337 -0.3471197 0.07617161
Grain 2 0.3657419 0.8872472 -0.2745688 0.06030922
Grain 3 0.07204236 0.9143758 0.3570827 0.1766885
Grain 4 0 1 0 0
Grain 5 0.3914594 0.9106377 -0.1319213 0.009766263
Grain 6 0.3818536 0.7814135 0.4574606 -0.1852317
Grain 7 0.4444724 0.5463849 -0.6250422 0.3364968
Grain 8 0.1791432 0.9560572 0.1380429 0.1865655
Grain 9 0.370689 -0.8496514 0.3744522 -0.02162927
Guest-0 ori 258.5128 259.6071
Grain 0 0.3037208 0.9033158 0.2103082 0.2180475
Grain 1 0.3383541 0.8713337 -0.3471197 0.07617161
Grain 2 0.3657419 0.8872472 -0.2745688 0.06030922
Grain 3 0.07204236 0.9143758 0.3570827 0.1766885
Grain 4 0 1 0 0
Grain 5 0.3914594 0.9106377 -0.1319213 0.009766263
Grain 6 0.3818536 0.7814135 0.4574606 -0.1852317
Grain 7 0.4444724 0.5463849 -0.6250422 0.3364968
Grain 8 0.1630775 0.9582883 0.1336165 0.1929664
Grain 9 0.370689 -0.8496514 0.3744522 -0.02162927
Guest-0 ori 260.6996 261.2794
Grain 0 0.3037208 0.9033158 0.2103082 0.2180475
Grain 1 0.3383541 0.8713337 -0.3471197 0.07617161
Grain 2 0.3657419 0.8872472 -0.2745688 0.06030922
Grain 3 0.07204236 0.9143758 0.3570827 0.1766885
Grain 4 0 1 0 0
Grain 5 0.3914594 0.9106377 -0.1319213 0.009766263
Grain 6 0.3818536 0.7814135 0.4574606 -0.1852317
Grain 7 0.4444724 0.5463849 -0.6250422 0.3364968
Grain 8 0.1735547 0.958214 0.1400587 0.1791317
Grain 9 0.370689 -0.8496514 0.3744522 -0.02162927
Guest-0 ori 263.5659 264.1458
Grain 0 0.3037208 0.9033158 0.2103082 0.2180475
Grain 1 0.3383541 0.8713337 -0.3471197 0.07617161
Grain 2 0.3657419 0.8872472 -0.2745688 0.06030922
Grain 3 0.07204236 0.9143758 0.3570827 0.1766885
Grain 4 0 1 0 0
Grain 5 0.3914594 0.9106377 -0.1319213 0.009766263
Grain 6 0.3818536 0.7814135 0.4574606 -0.1852317
Grain 7 0.4444724 0.5463849 -0.6250422 0.3364968
Grain 8 0.2386048 0.9477542 0.1624243 0.135824
Grain 9 0.370689 -0.8496514 0.3744522 -0.02162927
Guest-0 Undo 0 0
Grain 8 0.2386048 0.9477542 0.1624243 0.135824
Guest-0 ori 266.3951 267.1577
Grain 0 0.3037208 0.9033158 0.2103082 0.2180475
Grain 1 0.3383541 0.8713337 -0.3471197 0.07617161
Grain 2 0.3657419 0.8872472 -0.2745688 0.06030922
Grain 3 0.07204236 0.9143758 0.3570827 0.1766885
Grain 4 0 1 0 0
Grain 5 0.3914594 0.9106377 -0.1319213 0.009766263
Grain 6 0.3818536 0.7814135 0.4574606 -0.1852317
Grain 7 0.4444724 0.5463849 -0.6250422 0.3364968
Grain 8 0.1325328 0.9495911 0.1004887 0.2657327
Grain 9 0.370689 -0.8496514 0.3744522 -0.02162927
Guest-0 ori 272.9589 274.0855
Grain 0 0.3037208 0.9033158 0.2103082 0.2180475
Grain 1 0.3383541 0.8713337 -0.3471197 0.07617161
Grain 2 0.3657419 0.8872472 -0.2745688 0.06030922
Grain 3 0.06923575 0.9464573 0.2868995 0.1308198
Grain 4 0 1 0 0
Grain 5 0.3914594 0.9106377 -0.1319213 0.009766263
Grain 6 0.3818536 0.7814135 0.4574606 -0.1852317
Grain 7 0.4444724 0.5463849 -0.6250422 0.3364968
Grain 8 0.1325328 0.9495911 0.1004887 0.2657327
Grain 9 0.370689 -0.8496514 0.3744522 -0.02162927
Guest-0 ori 279.68 280.3426
Grain 0 0.3037208 0.9033158 0.2103082 0.2180475
Grain 1 0.3383541 0.8713337 -0.3471197 0.07617161
Grain 2 0.3657419 0.8872472 -0.2745688 0.06030922
Grain 3 0.06973115 0.9547765 0.2625654 0.1208258
Grain 4 0 1 0 0
Grain 5 0.3914594 0.9106377 -0.1319213 0.009766263
Grain 6 0.3818536 0.7814135 0.4574606 -0.1852317
Grain 7 0.4444724 0.5463849 -0.6250422 0.3364968
Grain 8 0.1325328 0.9495911 0.1004887 0.2657327
Grain 9 0.370689 -0.8496514 0.3744522 -0.02162927
Guest-0 ori 281.2042 281.668
Grain 0 0.3037208 0.9033158 0.2103082 0.2180475
Grain 1 0.3383541 0.8713337 -0.3471197 0.07617161
Grain 2 0.3657419 0.8872472 -0.2745688 0.06030922
Grain 3 0.07375383 0.9654022 0.2205362 0.1179946
Grain 4 0 1 0 0
Grain 5 0.3914594 0.9106377 -0.1319213 0.009766263
Grain 6 0.3818536 0.7814135 0.4574606 -0.1852317
Grain 7 0.4444724 0.5463849 -0.6250422 0.3364968
Grain 8 0.1325328 0.9495911 0.1004887 0.2657327
Grain 9 0.370689 -0.8496514 0.3744522 -0.02162927
Guest-0 ori 282.4135 282.961
Grain 0 0.3037208 0.9033158 0.2103082 0.2180475
Grain 1 0.3383541 0.8713337 -0.3471197 0.07617161
Grain 2 0.3657419 0.8872472 -0.2745688 0.06030922
Grain 3 0.07989513 0.9785739 0.1524501 0.113
Grain 4 0 1 0 0
Grain 5 0.3914594 0.9106377 -0.1319213 0.009766263
Grain 6 0.3818536 0.7814135 0.4574606 -0.1852317
Grain 7 0.4444724 0.5463849 -0.6250422 0.3364968
Grain 8 0.1325328 0.9495911 0.1004887 0.2657327
Grain 9 0.370689 -0.8496514 0.3744522 -0.02162927
Guest-0 ori 283.7222 284.2532
Grain 0 0.3037208 0.9033158 0.2103082 0.2180475
Grain 1 0.3383541 0.8713337 -0.3471197 0.07617161
Grain 2 0.3657419 0.8872472 -0.2745688 0.06030922
Grain 3 0.08591959 0.988564 0.07575139 0.09808581
Grain 4 0 1 0 0
Grain 5 0.3914594 0.9106377 -0.1319213 0.009766263
Grain 6 0.3818536 0.7814135 0.4574606 -0.1852317
Grain 7 0.4444724 0.5463849 -0.6250422 0.3364968
Grain 8 0.1325328 0.9495911 0.1004887 0.2657327
Grain 9 0.370689 -0.8496514 0.3744522 -0.02162927
Guest-0 ori 285.0356 285.5831
Grain 0 0.3037208 0.9033158 0.2103082 0.2180475
Grain 1 0.3383541 0.8713337 -0.3471197 0.07617161
Grain 2 0.3657419 0.8872472 -0.2745688 0.06030922
Grain 3 0.07494235 0.9647042 0.2252647 0.1139534
Grain 4 0 1 0 0
Grain 5 0.3914594 0.9106377 -0.1319213 0.009766263
Grain 6 0.3818536 0.7814135 0.4574606 -0.1852317
Grain 7 0.4444724 0.5463849 -0.6250422 0.3364968
Grain 8 0.1325328 0.9495911 0.1004887 0.2657327
Grain 9 0.370689 -0.8496514 0.3744522 -0.02162927
Guest-0 ori 286.3113 287.2556
Grain 0 0.3037208 0.9033158 0.2103082 0.2180475
Grain 1 0.3383541 0.8713337 -0.3471197 0.07617161
Grain 2 0.3657419 0.8872472 -0.2745688 0.06030922
Grain 3 0.07260549 0.9456705 0.2866762 0.1351023
Grain 4 0 1 0 0
Grain 5 0.3914594 0.9106377 -0.1319213 0.009766263
Grain 6 0.3818536 0.7814135 0.4574606 -0.1852317
Grain 7 0.4444724 0.5463849 -0.6250422 0.3364968
Grain 8 0.1325328 0.9495911 0.1004887 0.2657327
Grain 9 0.370689 -0.8496514 0.3744522 -0.02162927
Guest-0 ori 288.1502 288.5481
Grain 0 0.3037208 0.9033158 0.2103082 0.2180475
Grain 1 0.3383541 0.8713337 -0.3471197 0.07617161
Grain 2 0.3657419 0.8872472 -0.2745688 0.06030922
Grain 3 0.07016598 0.9274505 0.3349327 0.150773
Grain 4 0 1 0 0
Grain 5 0.3914594 0.9106377 -0.1319213 0.009766263
Grain 6 0.3818536 0.7814135 0.4574606 -0.1852317
Grain 7 0.4444724 0.5463849 -0.6250422 0.3364968
Grain 8 0.1325328 0.9495911 0.1004887 0.2657327
Grain 9 0.370689 -0.8496514 0.3744522 -0.02162927
Guest-0 ori 289.4092 289.8731
Grain 0 0.3037208 0.9033158 0.2103082 0.2180475
Grain 1 0.3383541 0.8713337 -0.3471197 0.07617161
Grain 2 0.3657419 0.8872472 -0.2745688 0.06030922
Grain 3 -0.06523766 -0.9038181 -0.390523 -0.1623227
Grain 4 0 1 0 0
Grain 5 0.3914594 0.9106377 -0.1319213 0.009766263
Grain 6 0.3818536 0.7814135 0.4574606 -0.1852317
Grain 7 0.4444724 0.5463849 -0.6250422 0.3364968
Grain 8 0.1325328 0.9495911 0.1004887 0.2657327
Grain 9 0.370689 -0.8496514 0.3744522 -0.02162927
Guest-0 ori 290.6352 291.2904
Grain 0 0.3037208 0.9033158 0.2103082 0.2180475
Grain 1 0.3383541 0.8713337 -0.3471197 0.07617161
Grain 2 0.3657419 0.8872472 -0.2745688 0.06030922
Grain 3 0.07462989 0.9238803 0.3381343 0.1629135
Grain 4 0 1 0 0
Grain 5 0.3914594 0.9106377 -0.1319213 0.009766263
Grain 6 0.3818536 0.7814135 0.4574606 -0.1852317
Grain 7 0.4444724 0.5463849 -0.6250422 0.3364968
Grain 8 0.1325328 0.9495911 0.1004887 0.2657327
Grain 9 0.370689 -0.8496514 0.3744522 -0.02162927
Guest-0 ori 291.8872 292.2844
Grain 0 0.3037208 0.9033158 0.2103082 0.2180475
Grain 1 0.3383541 0.8713337 -0.3471197 0.07617161
Grain 2 0.3657419 0.8872472 -0.2745688 0.06030922
Grain 3 0.08511175 0.9506841 0.2563263 0.1524876
Grain 4 0 1 0 0
Grain 5 0.3914594 0.9106377 -0.1319213 0.009766263
Grain 6 0.3818536 0.7814135 0.4574606 -0.1852317
Grain 7 0.4444724 0.5463849 -0.6250422 0.3364968
Grain 8 0.1325328 0.9495911 0.1004887 0.2657327
Grain 9 0.370689 -0.8496514 0.3744522 -0.02162927
Guest-0 ori 292.9973 293.5269
Grain 0 0.3037208 0.9033158 0.2103082 0.2180475
Grain 1 0.3383541 0.8713337 -0.3471197 0.07617161
Grain 2 0.3657419 0.8872472 -0.2745688 0.06030922
Grain 3 0.09189726 0.9285079 0.2921891 0.2098895
Grain 4 0 1 0 0
Grain 5 0.3914594 0.9106377 -0.1319213 0.009766263
Grain 6 0.3818536 0.7814135 0.4574606 -0.1852317
Grain 7 0.4444724 0.5463849 -0.6250422 0.3364968
Grain 8 0.1325328 0.9495911 0.1004887 0.2657327
Grain 9 0.370689 -0.8496514 0.3744522 -0.02162927
Guest-0 ori 294.0076 294.5547
Grain 0 0.3037208 0.9033158 0.2103082 0.2180475
Grain 1 0.3383541 0.8713337 -0.3471197 0.07617161
Grain 2 0.3657419 0.8872472 -0.2745688 0.06030922
Grain 3 0.05283405 0.9573566 0.2803926 0.04535361
Grain 4 0 1 0 0
Grain 5 0.3914594 0.9106377 -0.1319213 0.009766263
Grain 6 0.3818536 0.7814135 0.4574606 -0.1852317
Grain 7 0.4444724 0.5463849 -0.6250422 0.3364968
Grain 8 0.1325328 0.9495911 0.1004887 0.2657327
Grain 9 0.370689 -0.8496514 0.3744522 -0.02162927
Guest-0 ori 295.3667 295.8629
Grain 0 0.3037208 0.9033158 0.2103082 0.2180475
Grain 1 0.3383541 0.8713337 -0.3471197 0.07617161
Grain 2 0.3657419 0.8872472 -0.2745688 0.06030922
Grain 3 0.04975332 0.9590639 0.2768859 0.03248233
Grain 4 0 1 0 0
Grain 5 0.3914594 0.9106377 -0.1319213 0.009766263
Grain 6 0.3818536 0.7814135 0.4574606 -0.1852317
Grain 7 0.4444724 0.5463849 -0.6250422 0.3364968
Grain 8 0.1325328 0.9495911 0.1004887 0.2657327
Grain 9 0.370689 -0.8496514 0.3744522 -0.02162927
Guest-0 ori 296.4924 297.0062
Grain 0 0.3037208 0.9033158 0.2103082 0.2180475
Grain 1 0.3383541 0.8713337 -0.3471197 0.07617161
Grain 2 0.3657419 0.8872472 -0.2745688 0.06030922
Grain 3 0.04362168 0.963097 0.265516 0.006530053
Grain 4 0 1 0 0
Grain 5 0.3914594 0.9106377 -0.1319213 0.009766263
Grain 6 0.3818536 0.7814135 0.4574606 -0.1852317
Grain 7 0.4444724 0.5463849 -0.6250422 0.3364968
Grain 8 0.1325328 0.9495911 0.1004887 0.2657327
Grain 9 0.370689 -0.8496514 0.3744522 -0.02162927
Guest-0 Undo 0 0
Grain 3 0.04362168 0.963097 0.265516 0.006530053
Guest-0 ori 304.3191 305.7768
Grain 0 0.3037208 0.9033158 0.2103082 0.2180475
Grain 1 0.3383541 0.8713337 -0.3471197 0.07617161
Grain 2 0.3657419 0.8872472 -0.2745688 0.06030922
Grain 3 0.04975332 0.9590639 0.2768859 0.03248233
Grain 4 0 1 0 0
Grain 5 0.3122197 0.9335847 0.1288173 0.1197693
Grain 6 0.3818536 0.7814135 0.4574606 -0.1852317
Grain 7 0.4444724 0.5463849 -0.6250422 0.3364968
Grain 8 0.1325328 0.9495911 0.1004887 0.2657327
Grain 9 0.370689 -0.8496514 0.3744522 -0.02162927
Guest-0 Undo 0 0
Grain 5 0.3914594 0.9106377 -0.1319213 0.009766263
Guest-0 ori 308.6431 309.322
Grain 0 0.3037208 0.9033158 0.2103082 0.2180475
Grain 1 0.3383541 0.8713337 -0.3471197 0.07617161
Grain 2 0.3657419 0.8872472 -0.2745688 0.06030922
Grain 3 0.04975332 0.9590639 0.2768859 0.03248233
Grain 4 0 1 0 0
Grain 5 0.3896963 0.9010967 -0.1901289 0.00355164
Grain 6 0.3818536 0.7814135 0.4574606 -0.1852317
Grain 7 0.4444724 0.5463849 -0.6250422 0.3364968
Grain 8 0.1325328 0.9495911 0.1004887 0.2657327
Grain 9 0.370689 -0.8496514 0.3744522 -0.02162927
Guest-0 Undo 0 0
Grain 5 0.3896963 0.9010967 -0.1901289 0.00355164
Guest-0 ori 312.7731 313.3031
Grain 0 0.3037208 0.9033158 0.2103082 0.2180475
Grain 1 0.3383541 0.8713337 -0.3471197 0.07617161
Grain 2 0.3657419 0.8872472 -0.2745688 0.06030922
Grain 3 0.04975332 0.9590639 0.2768859 0.03248233
Grain 4 0 1 0 0
Grain 5 0.4354072 0.8846327 -0.1665365 0.0105449
Grain 6 0.3818536 0.7814135 0.4574606 -0.1852317
Grain 7 0.4444724 0.5463849 -0.6250422 0.3364968
Grain 8 0.1325328 0.9495911 0.1004887 0.2657327
Grain 9 0.370689 -0.8496514 0.3744522 -0.02162927
Guest-0 ori 313.9492 314.5794
Grain 0 0.3037208 0.9033158 0.2103082 0.2180475
Grain 1 0.3383541 0.8713337 -0.3471197 0.07617161
Grain 2 0.3657419 0.8872472 -0.2745688 0.06030922
Grain 3 0.04975332 0.9590639 0.2768859 0.03248233
Grain 4 0 1 0 0
Grain 5 0.4949159 0.8465636 -0.1946764 -0.02212243
Grain 6 0.3818536 0.7814135 0.4574606 -0.1852317
Grain 7 0.4444724 0.5463849 -0.6250422 0.3364968
Grain 8 0.1325328 0.9495911 0.1004887 0.2657327
Grain 9 0.370689 -0.8496514 0.3744522 -0.02162927
Guest-0 ori 315.1752 317.787
Grain 0 0.3037208 0.9033158 0.2103082 0.2180475
Grain 1 0.3383541 0.8713337 -0.3471197 0.07617161
Grain 2 0.3657419 0.8872472 -0.2745688 0.06030922
Grain 3 0.04975332 0.9590639 0.2768859 0.03248233
Grain 4 0 1 0 0
Grain 5 0.08574215 0.9888992 0.1212691 0.004522297
Grain 6 0.3818536 0.7814135 0.4574606 -0.1852317
Grain 7 0.4444724 0.5463849 -0.6250422 0.3364968
Grain 8 0.1325328 0.9495911 0.1004887 0.2657327
Grain 9 0.370689 -0.8496514 0.3744522 -0.02162927
Guest-0 ori 318.4996 320.2063
Grain 0 0.3037208 0.9033158 0.2103082 0.2180475
Grain 1 0.3383541 0.8713337 -0.3471197 0.07617161
Grain 2 0.3657419 0.8872472 -0.2745688 0.06030922
Grain 3 0.04975332 0.9590639 0.2768859 0.03248233
Grain 4 0 1 0 0
Grain 5 0.4812098 0.8580667 -0.1792962 -0.003387317
Grain 6 0.3818536 0.7814135 0.4574606 -0.1852317
Grain 7 0.4444724 0.5463849 -0.6250422 0.3364968
Grain 8 0.1325328 0.9495911 0.1004887 0.2657327
Grain 9 0.370689 -0.8496514 0.3744522 -0.02162927
Guest-0 ori 321.283 321.879
Grain 0 0.3037208 0.9033158 0.2103082 0.2180475
Grain 1 0.3383541 0.8713337 -0.3471197 0.07617161
Grain 2 0.3657419 0.8872472 -0.2745688 0.06030922
Grain 3 0.04975332 0.9590639 0.2768859 0.03248233
Grain 4 0 1 0 0
Grain 5 0.5199978 0.8285555 -0.2073155 -0.01087943
Grain 6 0.3818536 0.7814135 0.4574606 -0.1852317
Grain 7 0.4444724 0.5463849 -0.6250422 0.3364968
Grain 8 0.1325328 0.9495911 0.1004887 0.2657327
Grain 9 0.370689 -0.8496514 0.3744522 -0.02162927
Guest-0 Undo 0 0
Grain 5 0.5199978 0.8285555 -0.2073155 -0.01087943
Guest-0 Undo 0 0
Grain 5 0.4812098 0.8580667 -0.1792962 -0.003387317
Guest-0 Undo 0 0
Grain 5 0.08574215 0.9888992 0.1212691 0.004522297
Guest-0 Undo 0 0
Grain 5 0.4949159 0.8465636 -0.1946764 -0.02212243
Guest-0 Undo 0 0
Grain 5 0.4385776 0.8826544 -0.168731 0.01003793
Guest-0 ori 333.7614 336.4012
Grain 0 0.3037208 0.9033158 0.2103082 0.2180475
Grain 1 0.3383541 0.8713337 -0.3471197 0.07617161
Grain 2 0.2941674 0.8757477 -0.3676001 0.1067779
Grain 3 0.04975332 0.9590639 0.2768859 0.03248233
Grain 4 0 1 0 0
Grain 5 0.3914594 0.9106377 -0.1319213 0.009766263
Grain 6 0.3818536 0.7814135 0.4574606 -0.1852317
Grain 7 0.4444724 0.5463849 -0.6250422 0.3364968
Grain 8 0.1325328 0.9495911 0.1004887 0.2657327
Grain 9 0.370689 -0.8496514 0.3744522 -0.02162927
Guest-0 ori 337.4942 337.9911
Grain 0 0.3037208 0.9033158 0.2103082 0.2180475
Grain 1 0.3383541 0.8713337 -0.3471197 0.07617161
Grain 2 0.2215546 0.8574374 -0.452385 0.1051781
Grain 3 0.04975332 0.9590639 0.2768859 0.03248233
Grain 4 0 1 0 0
Grain 5 0.3914594 0.9106377 -0.1319213 0.009766263
Grain 6 0.3818536 0.7814135 0.4574606 -0.1852317
Grain 7 0.4444724 0.5463849 -0.6250422 0.3364968
Grain 8 0.1325328 0.9495911 0.1004887 0.2657327
Grain 9 0.370689 -0.8496514 0.3744522 -0.02162927
Guest-0 ori 338.9858 339.6313
Grain 0 0.3037208 0.9033158 0.2103082 0.2180475
Grain 1 0.3383541 0.8713337 -0.3471197 0.07617161
Grain 2 0.147754 0.8250362 -0.5409386 0.06978156
Grain 3 0.04975332 0.9590639 0.2768859 0.03248233
Grain 4 0 1 0 0
Grain 5 0.3914594 0.9106377 -0.1319213 0.009766263
Grain 6 0.3818536 0.7814135 0.4574606 -0.1852317
Grain 7 0.4444724 0.5463849 -0.6250422 0.3364968
Grain 8 0.1325328 0.9495911 0.1004887 0.2657327
Grain 9 0.370689 -0.8496514 0.3744522 -0.02162927
Guest-0 ori 340.493 341.0891
Grain 0 0.3037208 0.9033158 0.2103082 0.2180475
Grain 1 0.3383541 0.8713337 -0.3471197 0.07617161
Grain 2 0.09774432 0.7886132 -0.606838 0.01682155
Grain 3 0.04975332 0.9590639 0.2768859 0.03248233
Grain 4 0 1 0 0
Grain 5 0.3914594 0.9106377 -0.1319213 0.009766263
Grain 6 0.3818536 0.7814135 0.4574606 -0.1852317
Grain 7 0.4444724 0.5463849 -0.6250422 0.3364968
Grain 8 0.1325328 0.9495911 0.1004887 0.2657327
Grain 9 0.370689 -0.8496514 0.3744522 -0.02162927
Guest-0 ori 342.0157 342.5789
Grain 0 0.3037208 0.9033158 0.2103082 0.2180475
Grain 1 0.3383541 0.8713337 -0.3471197 0.07617161
Grain 2 0.0395623 0.7527086 -0.6571617 -0.001795495
Grain 3 0.04975332 0.9590639 0.2768859 0.03248233
Grain 4 0 1 0 0
Grain 5 0.3914594 0.9106377 -0.1319213 0.009766263
Grain 6 0.3818536 0.7814135 0.4574606 -0.1852317
Grain 7 0.4444724 0.5463849 -0.6250422 0.3364968
Grain 8 0.1325328 0.9495911 0.1004887 0.2657327
Grain 9 0.370689 -0.8496514 0.3744522 -0.02162927
Guest-0 ori 343.2582 343.7386
Grain 0 0.3037208 0.9033158 0.2103082 0.2180475
Grain 1 0.3383541 0.8713337 -0.3471197 0.07617161
Grain 2 -0.01181535 -0.7228503 0.6900924 0.03347412
Grain 3 0.04975332 0.9590639 0.2768859 0.03248233
Grain 4 0 1 0 0
Grain 5 0.3914594 0.9106377 -0.1319213 0.009766263
Grain 6 0.3818536 0.7814135 0.4574606 -0.1852317
Grain 7 0.4444724 0.5463849 -0.6250422 0.3364968
Grain 8 0.1325328 0.9495911 0.1004887 0.2657327
Grain 9 0.370689 -0.8496514 0.3744522 -0.02162927
Guest-0 ori 344.3025 344.7492
Grain 0 0.3037208 0.9033158 0.2103082 0.2180475
Grain 1 0.3383541 0.8713337 -0.3471197 0.07617161
Grain 2 0.02622403 -0.6855795 0.7248271 0.0625998
Grain 3 0.04975332 0.9590639 0.2768859 0.03248233
Grain 4 0 1 0 0
Grain 5 0.3914594 0.9106377 -0.1319213 0.009766263
Grain 6 0.3818536 0.7814135 0.4574606 -0.1852317
Grain 7 0.4444724 0.5463849 -0.6250422 0.3364968
Grain 8 0.1325328 0.9495911 0.1004887 0.2657327
Grain 9 0.370689 -0.8496514 0.3744522 -0.02162927
Guest-0 ori 345.445 346.7372
Grain 0 0.3037208 0.9033158 0.2103082 0.2180475
Grain 1 0.3383541 0.8713337 -0.3471197 0.07617161
Grain 2 0.07725669 -0.6289531 0.7666509 0.1034208
Grain 3 0.04975332 0.9590639 0.2768859 0.03248233
Grain 4 0 1 0 0
Grain 5 0.3914594 0.9106377 -0.1319213 0.009766263
Grain 6 0.3818536 0.7814135 0.4574606 -0.1852317
Grain 7 0.4444724 0.5463849 -0.6250422 0.3364968
Grain 8 0.1325328 0.9495911 0.1004887 0.2657327
Grain 9 0.370689 -0.8496514 0.3744522 -0.02162927
Guest-0 ori 347.7483 348.7399
Grain 0 0.3037208 0.9033158 0.2103082 0.2180475
Grain 1 0.3383541 0.8713337 -0.3471197 0.07617161
Grain 2 0.1093638 -0.5866483 0.791398 0.1325612
Grain 3 0.04975332 0.9590639 0.2768859 0.03248233
Grain 4 0 1 0 0
Grain 5 0.3914594 0.9106377 -0.1319213 0.009766263
Grain 6 0.3818536 0.7814135 0.4574606 -0.1852317
Grain 7 0.4444724 0.5463849 -0.6250422 0.3364968
Grain 8 0.1325328 0.9495911 0.1004887 0.2657327
Grain 9 0.370689 -0.8496514 0.3744522 -0.02162927
Guest-0 ori 349.4863 349.999
Grain 0 0.3037208 0.9033158 0.2103082 0.2180475
Grain 1 0.3383541 0.8713337 -0.3471197 0.07617161
Grain 2 0.1375336 -0.5583244 0.8048676 0.1467878
Grain 3 0.04975332 0.9590639 0.2768859 0.03248233
Grain 4 0 1 0 0
Grain 5 0.3914594 0.9106377 -0.1319213 0.009766263
Grain 6 0.3818536 0.7814135 0.4574606 -0.1852317
Grain 7 0.4444724 0.5463849 -0.6250422 0.3364968
Grain 8 0.1325328 0.9495911 0.1004887 0.2657327
Grain 9 0.370689 -0.8496514 0.3744522 -0.02162927
Guest-0 Undo 0 0
Grain 2 0.1375336 -0.5583244 0.8048676 0.1467878
Guest-0 ori 357.826 358.7869
Grain 0 0.3037208 0.9033158 0.2103082 0.2180475
Grain 1 0.3383541 0.8713337 -0.3471197 0.07617161
Grain 2 0.1093638 -0.5866483 0.791398 0.1325612
Grain 3 0.04975332 0.9590639 0.2768859 0.03248233
Grain 4 0 1 0 0
Grain 5 0.3914594 0.9106377 -0.1319213 0.009766263
Grain 6 0.3818536 0.7814135 0.4574606 -0.1852317
Grain 7 0.4444724 0.5463849 -0.6250422 0.3364968
Grain 8 0.1819614 0.9484569 0.1180898 0.2310289
Grain 9 0.370689 -0.8496514 0.3744522 -0.02162927
Guest-0 Undo 0 0
Grain 8 0.1819614 0.9484569 0.1180898 0.2310289
Guest-0 ori 361.3262 361.7906
Grain 0 0.3037208 0.9033158 0.2103082 0.2180475
Grain 1 0.3383541 0.8713337 -0.3471197 0.07617161
Grain 2 0.1093638 -0.5866483 0.791398 0.1325612
Grain 3 0.04975332 0.9590639 0.2768859 0.03248233
Grain 4 0 1 0 0
Grain 5 0.3914594 0.9106377 -0.1319213 0.009766263
Grain 6 0.3818536 0.7814135 0.4574606 -0.1852317
Grain 7 0.4444724 0.5463849 -0.6250422 0.3364968
Grain 8 0.05756161 0.949742 0.06524105 0.3007
Grain 9 0.370689 -0.8496514 0.3744522 -0.02162927
Guest-0 ori 362.602 363.1486
Grain 0 0.3037208 0.9033158 0.2103082 0.2180475
Grain 1 0.3383541 0.8713337 -0.3471197 0.07617161
Grain 2 0.1093638 -0.5866483 0.791398 0.1325612
Grain 3 0.04975332 0.9590639 0.2768859 0.03248233
Grain 4 0 1 0 0
Grain 5 0.3914594 0.9106377 -0.1319213 0.009766263
Grain 6 0.3818536 0.7814135 0.4574606 -0.1852317
Grain 7 0.4444724 0.5463849 -0.6250422 0.3364968
Grain 8 -0.01434509 -0.9471864 -0.04387606 -0.3173438
Grain 9 0.370689 -0.8496514 0.3744522 -0.02162927
Guest-0 Undo 0 0
Grain 8 -0.01434509 -0.9471864 -0.04387606 -0.3173438
Guest-0 Undo 0 0
Grain 8 0.05756161 0.949742 0.06524105 0.3007
Guest-0 ori 371.7144 372.4932
Grain 0 0.3037208 0.9033158 0.2103082 0.2180475
Grain 1 0.3383541 0.8713337 -0.3471197 0.07617161
Grain 2 0.1093638 -0.5866483 0.791398 0.1325612
Grain 3 -0.01753953 -0.9552422 -0.2880906 -0.06487341
Grain 4 0 1 0 0
Grain 5 0.3914594 0.9106377 -0.1319213 0.009766263
Grain 6 0.3818536 0.7814135 0.4574606 -0.1852317
Grain 7 0.4444724 0.5463849 -0.6250422 0.3364968
Grain 8 0.1325328 0.9495911 0.1004887 0.2657327
Grain 9 0.370689 -0.8496514 0.3744522 -0.02162927
Guest-0 ori 373.4542 373.918
Grain 0 0.3037208 0.9033158 0.2103082 0.2180475
Grain 1 0.3383541 0.8713337 -0.3471197 0.07617161
Grain 2 0.1093638 -0.5866483 0.791398 0.1325612
Grain 3 0.03650608 -0.9496063 -0.2949476 -0.09960488
Grain 4 0 1 0 0
Grain 5 0.3914594 0.9106377 -0.1319213 0.009766263
Grain 6 0.3818536 0.7814135 0.4574606 -0.1852317
Grain 7 0.4444724 0.5463849 -0.6250422 0.3364968
Grain 8 0.1325328 0.9495911 0.1004887 0.2657327
Grain 9 0.370689 -0.8496514 0.3744522 -0.02162927
Guest-0 ori 374.858 375.3221
Grain 0 0.3037208 0.9033158 0.2103082 0.2180475
Grain 1 0.3383541 0.8713337 -0.3471197 0.07617161
Grain 2 0.1093638 -0.5866483 0.791398 0.1325612
Grain 3 0.06718598 -0.9444517 -0.2985627 -0.1198224
Grain 4 0 1 0 0
Grain 5 0.3914594 0.9106377 -0.1319213 0.009766263
Grain 6 0.3818536 0.7814135 0.4574606 -0.1852317
Grain 7 0.4444724 0.5463849 -0.6250422 0.3364968
Grain 8 0.1325328 0.9495911 0.1004887 0.2657327
Grain 9 0.370689 -0.8496514 0.3744522 -0.02162927
Guest-0 ori 376.3985 376.8623
Grain 0 0.3037208 0.9033158 0.2103082 0.2180475
Grain 1 0.3383541 0.8713337 -0.3471197 0.07617161
Grain 2 0.1093638 -0.5866483 0.791398 0.1325612
Grain 3 0.100243 -0.9351247 -0.3060247 -0.1477905
Grain 4 0 1 0 0
Grain 5 0.3914594 0.9106377 -0.1319213 0.009766263
Grain 6 0.3818536 0.7814135 0.4574606 -0.1852317
Grain 7 0.4444724 0.5463849 -0.6250422 0.3364968
Grain 8 0.1325328 0.9495911 0.1004887 0.2657327
Grain 9 0.370689 -0.8496514 0.3744522 -0.02162927
Guest-0 Undo 0 0
Grain 3 0.100243 -0.9351247 -0.3060247 -0.1477905
Guest-0 Undo 0 0
Grain 3 0.06718598 -0.9444517 -0.2985627 -0.1198224
Guest-0 ori 385.7952 387.0047
Grain 0 0.3011508 0.9091146 0.2070368 0.1998866
Grain 1 0.3383541 0.8713337 -0.3471197 0.07617161
Grain 2 0.1093638 -0.5866483 0.791398 0.1325612
Grain 3 0.03650608 -0.9496063 -0.2949476 -0.09960488
Grain 4 0 1 0 0
Grain 5 0.3914594 0.9106377 -0.1319213 0.009766263
Grain 6 0.3818536 0.7814135 0.4574606 -0.1852317
Grain 7 0.4444724 0.5463849 -0.6250422 0.3364968
Grain 8 0.1325328 0.9495911 0.1004887 0.2657327
Grain 9 0.370689 -0.8496514 0.3744522 -0.02162927
Guest-0 Undo 0 0
Grain 0 0.3011508 0.9091146 0.2070368 0.1998866
Guest-0 ori 421.087 421.4016
Grain 0 0.3037208 0.9033158 0.2103082 0.2180475
Grain 1 0.3383541 0.8713337 -0.3471197 0.07617161
Grain 2 0.1093638 -0.5866483 0.791398 0.1325612
Grain 3 0.03650608 -0.9496063 -0.2949476 -0.09960488
Grain 4 0 1 0 0
Grain 5 0.3914594 0.9106377 -0.1319213 0.009766263
Grain 6 0.3818536 0.7814135 0.4574606 -0.1852317
Grain 7 0.4500281 0.5399746 -0.6255686 0.3384761
Grain 8 0.1325328 0.9495911 0.1004887 0.2657327
Grain 9 0.370689 -0.8496514 0.3744522 -0.02162927
