Guest-1 ori 18.64336 19.01358
Grain 0 0 1 0 0
Grain 1 0 1 0 0
Grain 2 0 1 0 0
Grain 3 -0.121895 0.8662193 -0.3670147 0.3163953
Guest-1 ori 22.46169 22.99182
Grain 0 0 1 0 0
Grain 1 0.3972266 -0.739112 -0.2067923 0.5031516
Grain 2 0 1 0 0
Grain 3 -0.1143964 0.8594463 -0.3891359 0.3111892
Guest-1 ori 24.80459 26.48364
Grain 0 0 1 0 0
Grain 1 0.6620203 -0.6559463 -0.0325532 0.3611148
Grain 2 0 1 0 0
Grain 3 -0.1143964 0.8594463 -0.3891359 0.3111892
Guest-1 OptGrain 1 180 16.02402 17.10035
Grain 0 0 1 0 0
Grain 1 0.6307472 -0.5902914 0.002122886 0.503696
Grain 2 0 1 0 0
Grain 3 -0.1143964 0.8594463 -0.3891359 0.3111892
Guest-1 ori 32.9873 34.23409
Grain 0 0.06263617 -0.7990205 -0.216423 -0.5574981
Grain 1 0.6307471 -0.5902913 0.002123058 0.503696
Grain 2 0 1 0 0
Grain 3 -0.1143964 0.8594463 -0.3891359 0.3111892
Guest-1 OptGrain 0 282 23.59984 25.57342
Grain 0 -0.1211138 -0.6682857 -0.3531027 -0.6434627
Grain 1 0.6307471 -0.5902913 0.002123058 0.503696
Grain 2 0 1 0 0
Grain 3 -0.1143964 0.8594463 -0.3891359 0.3111892
Guest-1 OptGrain 2 90 31.02386 31.73921
Grain 0 -0.1211134 -0.6682855 -0.3531029 -0.6434628
Grain 1 0.6307471 -0.5902913 0.002123058 0.503696
Grain 2 -0.04283539 0.998551 -0.01812024 -0.02706682
Grain 3 -0.1143964 0.8594463 -0.3891359 0.3111892
Guest-1 ori 47.07581 49.0465
Grain 0 -0.1211134 -0.6682855 -0.3531029 -0.6434628
Grain 1 0.6307471 -0.5902913 0.002123058 0.503696
Grain 2 0.06839246 0.9531589 -0.2106272 -0.2060263
Grain 3 -0.1143964 0.8594463 -0.3891359 0.3111892
Guest-1 ori 50.1398 51.35154
Grain 0 -0.1211134 -0.6682855 -0.3531029 -0.6434628
Grain 1 0.6307471 -0.5902913 0.002123058 0.503696
Grain 2 0.2644743 0.7747085 -0.2392493 -0.5221493
Grain 3 -0.1143964 0.8594463 -0.3891359 0.3111892
Guest-1 OptGrain 2 150 40.5482 41.72228
Grain 0 -0.1211134 -0.6682855 -0.3531029 -0.6434628
Grain 1 0.6307471 -0.5902913 0.002123058 0.503696
Grain 2 0.2182274 0.6962364 -0.3099455 -0.6095619
Grain 3 -0.1143964 0.8594463 -0.3891359 0.3111892
Guest-1 ori 56.005 56.15387
Grain 0 -0.1211134 -0.6682855 -0.3531029 -0.6434628
Grain 1 0.6307471 -0.5902913 0.002123058 0.503696
Grain 2 -0.2128996 -0.693505 0.3160095 0.6114431
Grain 3 -0.1143964 0.8594463 -0.3891359 0.3111892
Guest-1 OptGrain 2 132 43.94221 44.9637
Grain 0 -0.1211134 -0.6682855 -0.3531029 -0.6434628
Grain 1 0.6307471 -0.5902913 0.002123058 0.503696
Grain 2 -0.1009939 -0.7104561 0.2774307 0.6388149
Grain 3 -0.1143964 0.8594463 -0.3891359 0.3111892
Guest-1 OptGrain 3 18 49.61894 49.72198
Grain 0 -0.1211134 -0.6682855 -0.3531029 -0.6434628
Grain 1 0.6307471 -0.5902913 0.002123058 0.503696
Grain 2 -0.1009939 -0.7104561 0.2774307 0.638815
Grain 3 -0.1102599 0.857634 -0.385458 0.3220696
Guest-1 ori 63.57708 70.39152
Grain 0 -0.1211134 -0.6682855 -0.3531029 -0.6434628
Grain 1 0.6307471 -0.5902913 0.002123058 0.503696
Grain 2 -0.1009939 -0.7104561 0.2774307 0.638815
Grain 3 -0.4007389 0.3929038 -0.6883596 0.4595608
Guest-1 OptGrain 0 114 62.29919 63.07238
Grain 0 -0.02897181 -0.645303 -0.3646788 -0.6706372
Grain 1 0.6307471 -0.5902913 0.002123058 0.503696
Grain 2 -0.1009939 -0.7104561 0.2774307 0.638815
Grain 3 -0.4007389 0.3929038 -0.6883596 0.4595608
Guest-1 OptGrain 2 48 66.63456 66.99013
Grain 0 -0.02311833 -0.6420959 -0.3702962 -0.6708645
Grain 1 0.6307471 -0.5902913 0.002123058 0.503696
Grain 2 -0.1032635 -0.7132574 0.3083064 0.6209248
Grain 3 -0.4007389 0.3929038 -0.6883596 0.4595608
Guest-1 ori 80.43916 82.41813
Grain 0 -0.02311833 -0.6420959 -0.3702962 -0.6708645
Grain 1 0.6307471 -0.5902913 0.002123058 0.503696
Grain 2 0.444898 0.7221116 -0.05067335 -0.5273071
Grain 3 -0.4007389 0.3929038 -0.6883596 0.4595608
Guest-1 ori 83.62504 85.87225
Grain 0 -0.02311833 -0.6420959 -0.3702962 -0.6708645
Grain 1 0.6307471 -0.5902913 0.002123058 0.503696
Grain 2 -0.6601292 -0.3154546 -0.4414113 0.5194939
Grain 3 -0.4007389 0.3929038 -0.6883596 0.4595608
Guest-1 OptGrain 2 90 75.80093 76.50167
Grain 0 -0.02311833 -0.6420959 -0.3702962 -0.6708645
Grain 1 0.6307471 -0.5902913 0.002123058 0.503696
Grain 2 -0.714049 -0.2893281 -0.422132 0.4777319
Grain 3 -0.4007389 0.3929038 -0.6883596 0.4595608
Guest-1 OptGrain 1 30 80.36171 80.52599
Grain 0 -0.02311833 -0.6420959 -0.3702962 -0.6708645
Grain 1 0.6299434 -0.5956935 0.01171729 0.4981801
Grain 2 -0.7140491 -0.2893282 -0.422132 0.4777318
Grain 3 -0.4007389 0.3929038 -0.6883596 0.4595608
Guest-1 ori 94.26373 97.66408
Grain 0 -0.02311833 -0.6420959 -0.3702962 -0.6708645
Grain 1 0.6007078 -0.2777293 0.04241112 0.748477
Grain 2 -0.7140491 -0.2893282 -0.422132 0.4777318
Grain 3 -0.4007389 0.3929038 -0.6883596 0.4595608
Guest-1 OptGrain 1 300 86.38556 88.20496
Grain 0 -0.02311833 -0.6420959 -0.3702962 -0.6708645
Grain 1 0.6029004 -0.5401351 -0.1440959 0.5692114
Grain 2 -0.7140491 -0.2893282 -0.422132 0.4777318
Grain 3 -0.4007389 0.3929038 -0.6883596 0.4595608
Guest-1 ori 102.4003 102.5656
Grain 0 -0.02311833 -0.6420959 -0.3702962 -0.6708645
Grain 1 0.6029004 -0.5401351 -0.1440957 0.5692114
Grain 2 -0.7140491 -0.2893282 -0.422132 0.4777318
Grain 3 -0.4007389 0.3929038 -0.6883596 0.4595608
Guest-1 OptGrain 0 12 93.175 93.23322
Grain 0 -0.02872073 -0.6418697 -0.3761365 -0.6676075
Grain 1 0.6029004 -0.5401351 -0.1440957 0.5692114
Grain 2 -0.7140491 -0.2893282 -0.422132 0.4777318
Grain 3 -0.4007389 0.3929038 -0.6883596 0.4595608
Guest-1 OptGrain 3 18 96.64599 96.75033
Grain 0 -0.0287205 -0.6418698 -0.3761366 -0.6676074
Grain 1 0.6029004 -0.5401351 -0.1440957 0.5692114
Grain 2 -0.7140491 -0.2893282 -0.422132 0.4777318
Grain 3 -0.402675 0.3828874 -0.6882038 0.4665037
Guest-1 OptGrain 2 18 100.3287 100.4428
Grain 0 -0.0287205 -0.6418698 -0.3761366 -0.6676074
Grain 1 0.6029004 -0.5401351 -0.1440957 0.5692114
Grain 2 -0.70775 -0.2914005 -0.4324776 0.476591
Grain 3 -0.4026749 0.3828876 -0.6882037 0.4665038
Guest-1 ori 114.0677 117.184
Grain 0 -0.0287205 -0.6418698 -0.3761366 -0.6676074
Grain 1 0.6029004 -0.5401351 -0.1440957 0.5692114
Grain 2 -0.3933912 -0.2175978 -0.6875786 0.570202
Grain 3 -0.4026749 0.3828876 -0.6882037 0.4665038
Guest-1 OptGrain 2 12 106.53 106.5948
Grain 0 -0.0287205 -0.6418698 -0.3761366 -0.6676074
Grain 1 0.6029004 -0.5401351 -0.1440957 0.5692114
Grain 2 -0.387376 -0.2126136 -0.6909853 0.5720791
Grain 3 -0.4026749 0.3828876 -0.6882037 0.4665038
Guest-1 ori 120.1747 120.2915
Grain 0 -0.0287205 -0.6418698 -0.3761366 -0.6676074
Grain 1 0.6029004 -0.5401351 -0.1440957 0.5692114
Grain 2 -0.3813312 -0.2076132 -0.6943395 0.5739129
Grain 3 -0.4026749 0.3828876 -0.6882037 0.4665038
Guest-1 OptGrain 2 132 108.0867 109.1027
Grain 0 -0.0287205 -0.6418698 -0.3761366 -0.6676074
Grain 1 0.6029004 -0.5401351 -0.1440957 0.5692114
Grain 2 -0.3197855 -0.1109798 -0.715604 0.6110088
Grain 3 -0.4026749 0.3828876 -0.6882037 0.4665038
Guest-1 OptGrain 1 12 115.3319 115.3834
Grain 0 -0.0287205 -0.6418698 -0.3761366 -0.6676074
Grain 1 0.5979102 -0.5388571 -0.1488037 0.5744509
Grain 2 -0.3188049 -0.1137663 -0.7209086 0.6047407
Grain 3 -0.4026749 0.3828876 -0.6882037 0.4665038
Guest-1 ori 129.0605 129.1269
Grain 0 -0.0287205 -0.6418698 -0.3761366 -0.6676074
Grain 1 0.6025899 -0.533619 -0.1538111 0.5731304
Grain 2 -0.3188049 -0.1137663 -0.7209086 0.6047407
Grain 3 -0.4026749 0.3828876 -0.6882037 0.4665038
Guest-1 OptGrain 1 36 116.9241 117.1208
Grain 0 -0.0287205 -0.6418698 -0.3761366 -0.6676074
Grain 1 0.6149426 -0.522632 -0.1740537 0.5642755
Grain 2 -0.3188049 -0.1137663 -0.7209086 0.6047407
Grain 3 -0.4026749 0.3828876 -0.6882037 0.4665038
Guest-1 ori 131.2423 131.2915
Grain 0 -0.0287205 -0.6418698 -0.3761366 -0.6676074
Grain 1 0.6134002 -0.5275363 -0.1794133 0.5596932
Grain 2 -0.3188049 -0.1137663 -0.7209086 0.6047407
Grain 3 -0.4026749 0.3828876 -0.6882037 0.4665038
Guest-1 OptGrain 1 48 119.0757 119.3463
Grain 0 -0.0287205 -0.6418698 -0.3761366 -0.6676074
Grain 1 0.6193737 -0.5264657 -0.1997501 0.5470923
Grain 2 -0.3188049 -0.1137663 -0.7209086 0.6047407
Grain 3 -0.4026749 0.3828876 -0.6882037 0.4665038
Guest-1 ori 133.4179 133.4842
Grain 0 -0.0287205 -0.6418698 -0.3761366 -0.6676074
Grain 1 0.617607 -0.53122 -0.2051476 0.5424771
Grain 2 -0.3188049 -0.1137663 -0.7209086 0.6047407
Grain 3 -0.4026749 0.3828876 -0.6882037 0.4665038
Guest-1 OptGrain 1 18 121.2852 121.3794
Grain 0 -0.0287205 -0.6418698 -0.3761366 -0.6676074
Grain 1 0.6193737 -0.5264658 -0.1997502 0.5470921
Grain 2 -0.3188049 -0.1137663 -0.7209086 0.6047407
Grain 3 -0.4026749 0.3828876 -0.6882037 0.4665038
Guest-1 ori 137.3312 139.6212
Grain 0 -0.0287205 -0.6418698 -0.3761366 -0.6676074
Grain 1 0.6279578 -0.4712657 -0.04620565 0.6176105
Grain 2 -0.3188049 -0.1137663 -0.7209086 0.6047407
Grain 3 -0.4026749 0.3828876 -0.6882037 0.4665038
Guest-1 ori 140.5332 141.8435
Grain 0 -0.0287205 -0.6418698 -0.3761366 -0.6676074
Grain 1 0.5169073 -0.3222489 0.03128259 0.7924544
Grain 2 -0.3188049 -0.1137663 -0.7209086 0.6047407
Grain 3 -0.4026749 0.3828876 -0.6882037 0.4665038
Guest-1 ori 141.9767 144.7849
Grain 0 -0.0287205 -0.6418698 -0.3761366 -0.6676074
Grain 1 -0.7008792 0.2453362 -0.2353143 -0.6270612
Grain 2 -0.3188049 -0.1137663 -0.7209086 0.6047407
Grain 3 -0.4026749 0.3828876 -0.6882037 0.4665038
Guest-1 OptGrain 1 252 134.3862 135.8826
Grain 0 -0.0287205 -0.6418698 -0.3761366 -0.6676074
Grain 1 -0.8066449 0.05113966 -0.1288979 -0.5745382
Grain 2 -0.3188049 -0.1137663 -0.7209086 0.6047407
Grain 3 -0.4026749 0.3828876 -0.6882037 0.4665038
Guest-1 OptGrain 0 60 140.19 140.5862
Grain 0 -0.06565458 -0.6296654 -0.4212008 -0.6494619
Grain 1 -0.806645 0.05113959 -0.1288978 -0.5745381
Grain 2 -0.3188049 -0.1137663 -0.7209086 0.6047407
Grain 3 -0.4026749 0.3828876 -0.6882037 0.4665038
Guest-1 ori 154.36 158.6237
Grain 0 -0.02481268 -0.88993 -0.3036664 -0.3394048
Grain 1 -0.806645 0.05113959 -0.1288978 -0.5745381
Grain 2 -0.3188049 -0.1137663 -0.7209086 0.6047407
Grain 3 -0.4026749 0.3828876 -0.6882037 0.4665038
Guest-1 OptGrain 0 48 148.0563 148.3667
Grain 0 -0.06853221 -0.8845767 -0.3287451 -0.3236573
Grain 1 -0.806645 0.05113959 -0.1288978 -0.5745381
Grain 2 -0.3188049 -0.1137663 -0.7209086 0.6047407
Grain 3 -0.4026749 0.3828876 -0.6882037 0.4665038
Guest-1 ori 161.9125 161.9952
Grain 0 -0.07135415 -0.8874118 -0.3210132 -0.3230469
Grain 1 -0.806645 0.05113959 -0.1288978 -0.5745381
Grain 2 -0.3188049 -0.1137663 -0.7209086 0.6047407
Grain 3 -0.4026749 0.3828876 -0.6882037 0.4665038
Guest-1 OptGrain 0 18 149.7918 149.9008
Grain 0 -0.06853236 -0.8845767 -0.3287451 -0.3236573
Grain 1 -0.806645 0.05113959 -0.1288978 -0.5745381
Grain 2 -0.3188049 -0.1137663 -0.7209086 0.6047407
Grain 3 -0.4026749 0.3828876 -0.6882037 0.4665038
Guest-1 OptGrain 0 18 150.7125 150.8124
Grain 0 -0.06853236 -0.8845767 -0.3287451 -0.3236573
Grain 1 -0.806645 0.05113959 -0.1288978 -0.5745381
Grain 2 -0.3188049 -0.1137663 -0.7209086 0.6047407
Grain 3 -0.4026749 0.3828876 -0.6882037 0.4665038
Guest-1 OptGrain 2 18 154.1589 154.2733
Grain 0 -0.06853236 -0.8845767 -0.3287451 -0.3236573
Grain 1 -0.806645 0.05113959 -0.1288978 -0.5745381
Grain 2 -0.3167709 -0.1193129 -0.7313531 0.5920671
Grain 3 -0.4026749 0.3828876 -0.6882037 0.4665038
Guest-1 ori 167.5159 167.5658
Grain 0 -0.06853236 -0.8845767 -0.3287451 -0.3236573
Grain 1 -0.806645 0.05113959 -0.1288978 -0.5745381
Grain 2 -0.3177997 -0.1165441 -0.7261585 0.5984268
Grain 3 -0.4026749 0.3828876 -0.6882037 0.4665038
Guest-1 OptGrain 2 18 155.3671 155.4855
Grain 0 -0.06853236 -0.8845767 -0.3287451 -0.3236573
Grain 1 -0.806645 0.05113959 -0.1288978 -0.5745381
Grain 2 -0.3167706 -0.119313 -0.731353 0.5920672
Grain 3 -0.4026749 0.3828876 -0.6882037 0.4665038
Guest-1 ori 171.3819 174.9954
Grain 0 -0.06853236 -0.8845767 -0.3287451 -0.3236573
Grain 1 -0.806645 0.05113959 -0.1288978 -0.5745381
Grain 2 -0.3167706 -0.119313 -0.731353 0.5920672
Grain 3 -0.02863026 0.5970441 -0.7363231 0.3170916
Guest-1 ori 175.9722 180.7476
Grain 0 -0.06853236 -0.8845767 -0.3287451 -0.3236573
Grain 1 -0.806645 0.05113959 -0.1288978 -0.5745381
Grain 2 -0.3167706 -0.119313 -0.731353 0.5920672
Grain 3 0.003702231 0.5020131 -0.8301283 0.2426032
Guest-1 OptGrain 3 90 170.106 170.7085
Grain 0 -0.06853236 -0.8845767 -0.3287451 -0.3236573
Grain 1 -0.806645 0.05113959 -0.1288978 -0.5745381
Grain 2 -0.3167706 -0.119313 -0.731353 0.5920672
Grain 3 0.0870401 0.5247277 -0.8227118 0.2005744
Guest-1 OptGrain 1 18 175.1152 175.2041
Grain 0 -0.06853236 -0.8845767 -0.3287451 -0.3236573
Grain 1 -0.8011138 0.05925569 -0.1335167 -0.5804125
Grain 2 -0.3167706 -0.119313 -0.731353 0.5920672
Grain 3 0.08704009 0.5247278 -0.8227118 0.2005744
Guest-1 ori 190.9567 192.1768
Grain 0 -0.1417752 -0.5584621 -0.3281427 -0.7485602
Grain 1 -0.8011137 0.05925608 -0.133517 -0.5804126
Grain 2 -0.3167706 -0.119313 -0.731353 0.5920672
Grain 3 0.08704009 0.5247278 -0.8227118 0.2005744
Guest-1 OptGrain 0 12 181.6719 181.7331
Grain 0 -0.1352374 -0.5555773 -0.3330037 -0.7497689
Grain 1 -0.8011137 0.05925608 -0.133517 -0.5804126
Grain 2 -0.3167706 -0.119313 -0.731353 0.5920672
Grain 3 0.08704009 0.5247278 -0.8227118 0.2005744
Guest-1 ori 195.1284 195.1947
Grain 0 -0.1286892 -0.5526502 -0.3378393 -0.7509204
Grain 1 -0.8011137 0.05925608 -0.133517 -0.5804126
Grain 2 -0.3167706 -0.119313 -0.731353 0.5920672
Grain 3 0.08704009 0.5247278 -0.8227118 0.2005744
Guest-1 OptGrain 0 156 182.9928 184.0569
Grain 0 -0.0871405 -0.4581061 -0.3989196 -0.7895622
Grain 1 -0.8011137 0.05925608 -0.133517 -0.5804126
Grain 2 -0.3167706 -0.119313 -0.731353 0.5920672
Grain 3 0.08704009 0.5247278 -0.8227118 0.2005744
Guest-1 OptGrain 2 24 188.5134 188.673
Grain 0 -0.08714053 -0.4581061 -0.3989196 -0.7895622
Grain 1 -0.8011137 0.05925608 -0.133517 -0.5804126
Grain 2 -0.3231407 -0.1244751 -0.728561 0.5910034
Grain 3 0.08704009 0.5247278 -0.8227118 0.2005744
Guest-1 ori 201.6367 201.7038
Grain 0 -0.08714053 -0.4581061 -0.3989196 -0.7895622
Grain 1 -0.8011137 0.05925608 -0.133517 -0.5804126
Grain 2 -0.3231404 -0.1244752 -0.7285609 0.5910036
Grain 3 0.08704009 0.5247278 -0.8227118 0.2005744
Guest-1 OptGrain 2 24 189.485 189.6438
Grain 0 -0.08714053 -0.4581061 -0.3989196 -0.7895622
Grain 1 -0.8011137 0.05925608 -0.133517 -0.5804126
Grain 2 -0.3231405 -0.1244752 -0.7285609 0.5910037
Grain 3 0.08704009 0.5247278 -0.8227118 0.2005744
Guest-1 ori 202.4149 202.4978
Grain 0 -0.08714053 -0.4581061 -0.3989196 -0.7895622
Grain 1 -0.8011137 0.05925608 -0.133517 -0.5804126
Grain 2 -0.3294857 -0.1296277 -0.7257133 0.589895
Grain 3 0.08704009 0.5247278 -0.8227118 0.2005744
Guest-1 OptGrain 2 18 190.2899 190.4028
Grain 0 -0.08714053 -0.4581061 -0.3989196 -0.7895622
Grain 1 -0.8011137 0.05925608 -0.133517 -0.5804126
Grain 2 -0.3231402 -0.1244751 -0.7285609 0.5910037
Grain 3 0.08704009 0.5247278 -0.8227118 0.2005744
Guest-1 OptGrain 2 18 192.4405 192.5549
Grain 0 -0.08714053 -0.4581061 -0.3989196 -0.7895622
Grain 1 -0.8011137 0.05925608 -0.133517 -0.5804126
Grain 2 -0.3231402 -0.1244751 -0.7285609 0.5910037
Grain 3 0.08704009 0.5247278 -0.8227118 0.2005744
Guest-1 OptGrain 2 18 193.4164 193.5283
Grain 0 -0.08714053 -0.4581061 -0.3989196 -0.7895622
Grain 1 -0.8011137 0.05925608 -0.133517 -0.5804126
Grain 2 -0.3231402 -0.1244751 -0.7285609 0.5910037
Grain 3 0.08704009 0.5247278 -0.8227118 0.2005744
Guest-1 OptGrain 3 30 197.4387 197.6325
Grain 0 -0.08714053 -0.4581061 -0.3989196 -0.7895622
Grain 1 -0.8011137 0.05925608 -0.133517 -0.5804126
Grain 2 -0.3231402 -0.1244751 -0.7285609 0.5910037
Grain 3 0.1013851 0.5281485 -0.8210673 0.1913861
Guest-1 ori 214.0861 218.6637
Grain 0 -0.08714053 -0.4581061 -0.3989196 -0.7895622
Grain 1 -0.6211954 -0.1207258 -0.3126529 -0.7083712
Grain 2 -0.3231402 -0.1244751 -0.7285609 0.5910037
Grain 3 0.1013851 0.5281486 -0.8210673 0.1913861
Guest-1 OptGrain 1 234 208.4064 209.8115
Grain 0 -0.08714053 -0.4581061 -0.3989196 -0.7895622
Grain 1 -0.6879771 -0.07159936 -0.1110413 -0.7136043
Grain 2 -0.3231402 -0.1244751 -0.7285609 0.5910037
Grain 3 0.1013851 0.5281486 -0.8210673 0.1913861
Guest-1 ori 226.9353 229.2499
Grain 0 -0.08714053 -0.4581061 -0.3989196 -0.7895622
Grain 1 -0.687977 -0.0715993 -0.1110414 -0.7136043
Grain 2 -0.3231402 -0.1244751 -0.7285609 0.5910037
Grain 3 0.7275352 0.0410702 0.6848372 0.001911778
Guest-1 OptGrain 3 12 218.5734 218.646
Grain 0 -0.08714053 -0.4581061 -0.3989196 -0.7895622
Grain 1 -0.687977 -0.0715993 -0.1110414 -0.7136043
Grain 2 -0.3231402 -0.1244751 -0.7285609 0.5910037
Grain 3 0.7215313 0.04108532 0.69116 0.001553305
Guest-1 ori 231.9674 232.0502
Grain 0 -0.08714053 -0.4581061 -0.3989196 -0.7895622
Grain 1 -0.687977 -0.0715993 -0.1110414 -0.7136043
Grain 2 -0.3231402 -0.1244751 -0.7285609 0.5910037
Grain 3 0.7154723 0.04109732 0.6974303 0.001194713
Guest-1 OptGrain 3 270 219.8389 221.7044
Grain 0 -0.08714053 -0.4581061 -0.3989196 -0.7895622
Grain 1 -0.687977 -0.0715993 -0.1110414 -0.7136043
Grain 2 -0.3231402 -0.1244751 -0.7285609 0.5910037
Grain 3 0.6545937 0.02238285 0.7268786 -0.2065274
Guest-1 OptGrain 2 18 225.7301 225.8451
Grain 0 -0.08714053 -0.4581061 -0.3989196 -0.7895622
Grain 1 -0.687977 -0.0715993 -0.1110414 -0.7136043
Grain 2 -0.3103758 -0.1141417 -0.7340896 0.5930861
Grain 3 -0.6545937 -0.02238278 -0.7268786 0.2065274
Guest-1 ori 239.0533 239.1366
Grain 0 -0.08714053 -0.4581061 -0.3989196 -0.7895622
Grain 1 -0.687977 -0.0715993 -0.1110414 -0.7136043
Grain 2 -0.3093679 -0.1168457 -0.7392373 0.5866574
Grain 3 -0.6545937 -0.02238278 -0.7268786 0.2065274
Guest-1 OptGrain 2 18 226.9385 227.0527
Grain 0 -0.08714053 -0.4581061 -0.3989196 -0.7895622
Grain 1 -0.687977 -0.0715993 -0.1110414 -0.7136043
Grain 2 -0.3103758 -0.1141415 -0.7340897 0.593086
Grain 3 -0.6545937 -0.02238278 -0.7268786 0.2065274
Guest-1 OptGrain 2 18 228.1129 228.2235
Grain 0 -0.08714053 -0.4581061 -0.3989196 -0.7895622
Grain 1 -0.687977 -0.0715993 -0.1110414 -0.7136043
Grain 2 -0.3103758 -0.1141415 -0.7340897 0.593086
Grain 3 -0.6545937 -0.02238278 -0.7268786 0.2065274
Guest-1 ori 241.7347 243.5656
Grain 0 -0.08714053 -0.4581061 -0.3989196 -0.7895622
Grain 1 -0.687977 -0.0715993 -0.1110414 -0.7136043
Grain 2 -0.6135899 0.03721385 -0.6400189 0.4609753
Grain 3 -0.6545937 -0.02238278 -0.7268786 0.2065274
Guest-1 ori 244.9963 246.497
Grain 0 -0.08714053 -0.4581061 -0.3989196 -0.7895622
Grain 1 -0.687977 -0.0715993 -0.1110414 -0.7136043
Grain 2 -0.8060381 0.09554524 -0.4899238 0.3180383
Grain 3 -0.6545937 -0.02238278 -0.7268786 0.2065274
Guest-1 OptGrain 2 114 235.8739 236.7752
Grain 0 -0.08714053 -0.4581061 -0.3989196 -0.7895622
Grain 1 -0.687977 -0.0715993 -0.1110414 -0.7136043
Grain 2 -0.8392214 0.1091012 -0.4006809 0.3510828
Grain 3 -0.6545937 -0.02238278 -0.7268786 0.2065274
Guest-1 ori 250.048 252.8566
Grain 0 -0.08714053 -0.4581061 -0.3989196 -0.7895622
Grain 1 -0.687977 -0.0715993 -0.1110414 -0.7136043
Grain 2 0.237962 0.101603 0.1878209 -0.9475095
Grain 3 -0.6545937 -0.02238278 -0.7268786 0.2065274
Guest-1 ori 257.142 259.2577
Grain 0 -0.4232691 0.09897797 -0.3323334 -0.8370193
Grain 1 -0.687977 -0.0715993 -0.1110414 -0.7136043
Grain 2 0.237962 0.101603 0.1878209 -0.9475095
Grain 3 -0.6545937 -0.02238278 -0.7268786 0.2065274
Guest-1 ori 263.6826 267.3444
Grain 0 -0.4232691 0.09897797 -0.3323334 -0.8370193
Grain 1 0.8375961 -0.3409239 -0.2688995 0.3315068
Grain 2 0.237962 0.101603 0.1878209 -0.9475095
Grain 3 -0.6545937 -0.02238278 -0.7268786 0.2065274
Guest-1 OptGrain 1 12 256.5644 256.6185
Grain 0 -0.4232691 0.09897797 -0.3323334 -0.8370193
Grain 1 0.8399108 -0.338018 -0.2615799 0.3344693
Grain 2 0.237962 0.101603 0.1878209 -0.9475095
Grain 3 -0.6545937 -0.02238278 -0.7268786 0.2065274
Guest-1 ori 269.8683 269.9676
Grain 0 -0.4232691 0.09897797 -0.3323334 -0.8370193
Grain 1 0.83696 -0.3357224 -0.2645198 0.341786
Grain 2 0.237962 0.101603 0.1878209 -0.9475095
Grain 3 -0.6545937 -0.02238278 -0.7268786 0.2065274
Guest-1 OptGrain 1 240 257.7616 259.1781
Grain 0 -0.4232691 0.09897797 -0.3323334 -0.8370193
Grain 1 0.8034012 -0.2366606 -0.1679158 0.5199447
Grain 2 0.237962 0.101603 0.1878209 -0.9475095
Grain 3 -0.6545937 -0.02238278 -0.7268786 0.2065274
Guest-1 OptGrain 3 114 263.8666 264.6354
Grain 0 -0.4232691 0.09897797 -0.3323334 -0.8370193
Grain 1 0.8054359 -0.2296408 -0.1724466 0.5184596
Grain 2 0.237962 0.101603 0.1878209 -0.9475095
Grain 3 -0.6026401 0.001879191 -0.7811691 0.1630838
Guest-1 OptGrain 2 12 269.6057 269.6706
Grain 0 -0.4232691 0.09897797 -0.3323334 -0.8370193
Grain 1 0.8054359 -0.2296408 -0.1724466 0.5184596
Grain 2 0.2395919 0.1098676 0.1857371 -0.9465868
Grain 3 -0.6026007 0.007138416 -0.7797162 0.1698948
Guest-1 ori 282.6275 282.7101
Grain 0 -0.4232691 0.09897797 -0.3323334 -0.8370193
Grain 1 0.8054359 -0.2296408 -0.1724466 0.5184596
Grain 2 0.2379619 0.1016029 0.1878209 -0.9475095
Grain 3 -0.6026007 0.007138416 -0.7797162 0.1698948
Guest-1 OptGrain 2 18 270.499 270.6182
Grain 0 -0.4232691 0.09897797 -0.3323334 -0.8370193
Grain 1 0.8054359 -0.2296408 -0.1724466 0.5184596
Grain 2 0.2395919 0.1098675 0.1857372 -0.9465868
Grain 3 -0.6026007 0.007138416 -0.7797162 0.1698948
Guest-1 OptGrain 2 18 271.4134 271.5276
Grain 0 -0.4232691 0.09897797 -0.3323334 -0.8370193
Grain 1 0.8054359 -0.2296408 -0.1724466 0.5184596
Grain 2 0.2395919 0.1098675 0.1857372 -0.9465868
Grain 3 -0.6026007 0.007138416 -0.7797162 0.1698948
Guest-1 OptGrain 1 18 275.9675 276.0545
Grain 0 -0.4232691 0.09897797 -0.3323334 -0.8370193
Grain 1 0.7988334 -0.2351864 -0.1699745 0.5269358
Grain 2 0.2395919 0.1098675 0.1857372 -0.9465868
Grain 3 -0.6026007 0.007138416 -0.7797162 0.1698948
Guest-1 ori 289.1776 289.277
Grain 0 -0.4232691 0.09897797 -0.3323334 -0.8370193
Grain 1 0.8034012 -0.236661 -0.1679156 0.5199445
Grain 2 0.2395919 0.1098675 0.1857372 -0.9465868
Grain 3 -0.6026007 0.007138416 -0.7797162 0.1698948
Guest-1 OptGrain 1 18 277.0652 277.153
Grain 0 -0.4232691 0.09897797 -0.3323334 -0.8370193
Grain 1 0.7988334 -0.2351867 -0.1699745 0.5269357
Grain 2 0.2395919 0.1098675 0.1857372 -0.9465868
Grain 3 -0.6026007 0.007138416 -0.7797162 0.1698948
Guest-1 ori 290.124 303.4589
Grain 0 -0.4232691 0.09897797 -0.3323334 -0.8370193
Grain 1 -0.13528 0.07761279 0.5940354 -0.7891753
Grain 2 0.2395919 0.1098675 0.1857372 -0.9465868
Grain 3 -0.6026007 0.007138416 -0.7797162 0.1698948
Guest-1 OptGrain 1 12 293.37 293.4232
Grain 0 -0.4232691 0.09897797 -0.3323334 -0.8370193
Grain 1 -0.128388 0.07242597 0.5946901 -0.7903257
Grain 2 0.2395919 0.1098675 0.1857372 -0.9465868
Grain 3 -0.6026007 0.007138416 -0.7797162 0.1698948
Guest-1 ori 306.8626 306.9455
Grain 0 -0.4232691 0.09897797 -0.3323334 -0.8370193
Grain 1 -0.1214862 0.0672337 0.5952996 -0.7914159
Grain 2 0.2395919 0.1098675 0.1857372 -0.9465868
Grain 3 -0.6026007 0.007138416 -0.7797162 0.1698948
Guest-1 OptGrain 1 72 294.732 295.1509
Grain 0 -0.4232691 0.09897797 -0.3323334 -0.8370193
Grain 1 -0.143803 0.007226273 0.5943015 -0.7912486
Grain 2 0.2395919 0.1098675 0.1857372 -0.9465868
Grain 3 -0.6026007 0.007138416 -0.7797162 0.1698948
Guest-1 ori 308.8377 308.9697
Grain 0 -0.4232691 0.09897797 -0.3323334 -0.8370193
Grain 1 -0.1489837 0.0003210957 0.593024 -0.7912815
Grain 2 0.2395919 0.1098675 0.1857372 -0.9465868
Grain 3 -0.6026007 0.007138416 -0.7797162 0.1698948
Guest-1 OptGrain 1 18 296.7745 296.8803
Grain 0 -0.4232691 0.09897797 -0.3323334 -0.8370193
Grain 1 -0.143803 0.00722623 0.5943015 -0.7912486
Grain 2 0.2395919 0.1098675 0.1857372 -0.9465868
Grain 3 -0.6026007 0.007138416 -0.7797162 0.1698948
Guest-1 OptGrain 1 18 297.7419 297.8369
Grain 0 -0.4232691 0.09897797 -0.3323334 -0.8370193
Grain 1 -0.143803 0.007226229 0.5943014 -0.7912486
Grain 2 0.2395919 0.1098675 0.1857372 -0.9465868
Grain 3 -0.6026007 0.007138416 -0.7797162 0.1698948
Guest-1 OptGrain 3 18 302.2277 302.3303
Grain 0 -0.4232691 0.09897797 -0.3323334 -0.8370193
Grain 1 -0.143803 0.007226229 0.5943014 -0.7912486
Grain 2 0.2395919 0.1098675 0.1857372 -0.9465868
Grain 3 -0.6011939 -0.004937442 -0.7811556 0.1683368
Guest-1 ori 315.3198 315.4509
Grain 0 -0.4232691 0.09897797 -0.3323334 -0.8370193
Grain 1 -0.143803 0.007226229 0.5943014 -0.7912486
Grain 2 0.2395919 0.1098675 0.1857372 -0.9465868
Grain 3 -0.60264 0.001879443 -0.781169 0.163084
Guest-1 OptGrain 3 18 303.2414 303.3468
Grain 0 -0.4232691 0.09897797 -0.3323334 -0.8370193
Grain 1 -0.143803 0.007226229 0.5943014 -0.7912486
Grain 2 0.2395919 0.1098675 0.1857372 -0.9465868
Grain 3 -0.6011939 -0.004937528 -0.7811556 0.1683368
Guest-1 OptGrain 0 108 306.2794 307.0147
Grain 0 -0.3953323 0.1385658 -0.4382031 -0.7952923
Grain 1 -0.143803 0.007226229 0.5943014 -0.7912486
Grain 2 0.2395919 0.1098675 0.1857372 -0.9465868
Grain 3 -0.6011939 -0.004937528 -0.7811556 0.1683368
Guest-1 OptGrain 2 12 311.5706 311.6306
Grain 0 -0.3953324 0.1385658 -0.4382031 -0.7952924
Grain 1 -0.143803 0.007226229 0.5943014 -0.7912486
Grain 2 0.2478432 0.1082425 0.1866889 -0.94446
Grain 3 -0.6011939 -0.004937528 -0.7811556 0.1683368
Guest-1 ori 324.6852 324.7681
Grain 0 -0.3953324 0.1385658 -0.4382031 -0.7952924
Grain 1 -0.143803 0.007226229 0.5943014 -0.7912486
Grain 2 0.239592 0.1098676 0.1857372 -0.9465868
Grain 3 -0.6011939 -0.004937528 -0.7811556 0.1683368
Guest-1 OptGrain 2 18 312.5585 312.6733
Grain 0 -0.3953324 0.1385658 -0.4382031 -0.7952924
Grain 1 -0.143803 0.007226229 0.5943014 -0.7912486
Grain 2 0.2478433 0.1082426 0.1866889 -0.94446
Grain 3 -0.6011939 -0.004937528 -0.7811556 0.1683368
