Guest-2 ori 18.9357 20.9906
Grain 0 0 1 0 0
Grain 1 0 1 0 0
Grain 2 0 1 0 0
Grain 3 0.164985 -0.8649086 0.3668987 -0.3001638
Guest-2 ori 25.97065 26.98506
Grain 0 0 1 0 0
Grain 1 0.3332275 0.8613694 0.3635684 -0.1217385
Grain 2 0 1 0 0
Grain 3 0.164985 -0.8649086 0.3668987 -0.3001638
Guest-2 ori 31.33096 34.74775
Grain 0 0.0937143 -0.8698507 -0.04351543 -0.4823732
Grain 1 0.3332275 0.8613694 0.3635684 -0.1217385
Grain 2 0 1 0 0
Grain 3 0.164985 -0.8649086 0.3668987 -0.3001638
Guest-2 ori 38.75914 40.80378
Grain 0 0.0937143 -0.8698507 -0.04351543 -0.4823732
Grain 1 0.3332275 0.8613694 0.3635684 -0.1217385
Grain 2 -0.09047405 -0.8251591 0.2496508 0.4985994
Grain 3 0.164985 -0.8649086 0.3668987 -0.3001638
Guest-2 ori 41.83252 46.21838
Grain 0 0.0937143 -0.8698507 -0.04351543 -0.4823732
Grain 1 0.3332275 0.8613694 0.3635684 -0.1217385
Grain 2 -0.01712468 0.6963718 0.04017741 -0.7163511
Grain 3 0.164985 -0.8649086 0.3668987 -0.3001638
Guest-2 ori 50.84188 56.77209
Grain 0 0.0937143 -0.8698507 -0.04351543 -0.4823732
Grain 1 0.3332275 0.8613694 0.3635684 -0.1217385
Grain 2 -0.01712468 0.6963718 0.04017741 -0.7163511
Grain 3 0.1259648 0.9083145 -0.3616479 0.1682512
Guest-2 ori 57.70028 59.41257
Grain 0 0.0937143 -0.8698507 -0.04351543 -0.4823732
Grain 1 0.3332275 0.8613694 0.3635684 -0.1217385
Grain 2 -0.01712468 0.6963718 0.04017741 -0.7163511
Grain 3 0.04486312 0.7257224 -0.6689617 0.1542873
Guest-2 ori 60.19424 61.35367
Grain 0 0.0937143 -0.8698507 -0.04351543 -0.4823732
Grain 1 0.3332275 0.8613694 0.3635684 -0.1217385
Grain 2 -0.01712468 0.6963718 0.04017741 -0.7163511
Grain 3 0.006042548 0.889766 -0.3505928 0.2921726
Guest-2 ori 65.84183 69.20279
Grain 0 -0.007794186 0.879858 -0.3716333 0.2961046
Grain 1 0.3332275 0.8613694 0.3635684 -0.1217385
Grain 2 -0.01712468 0.6963718 0.04017741 -0.7163511
Grain 3 0.006042548 0.889766 -0.3505928 0.2921726
Guest-2 ori 70.4226 74.01752
Grain 0 0.5166301 -0.8427384 0.1416829 0.05302113
Grain 1 0.3332275 0.8613694 0.3635684 -0.1217385
Grain 2 -0.01712468 0.6963718 0.04017741 -0.7163511
Grain 3 0.006042548 0.889766 -0.3505928 0.2921726
Guest-2 ori 77.97977 89.74459
Grain 0 0.5166301 -0.8427384 0.1416829 0.05302113
Grain 1 0.2976142 -0.8561851 0.2015331 -0.3711568
Grain 2 -0.01712468 0.6963718 0.04017741 -0.7163511
Grain 3 0.006042548 0.889766 -0.3505928 0.2921726
Guest-2 ori 90.75901 95.01604
Grain 0 0.5166301 -0.8427384 0.1416829 0.05302113
Grain 1 -0.04065473 0.4209259 -0.8059837 0.4141968
Grain 2 -0.01712468 0.6963718 0.04017741 -0.7163511
Grain 3 0.006042548 0.889766 -0.3505928 0.2921726
Guest-2 ori 96.57495 99.56524
Grain 0 0.5166301 -0.8427384 0.1416829 0.05302113
Grain 1 -0.07575659 0.2558928 -0.8523824 0.4496934
Grain 2 -0.01712468 0.6963718 0.04017741 -0.7163511
Grain 3 0.006042548 0.889766 -0.3505928 0.2921726
Guest-2 ori 100.3625 103.5198
Grain 0 0.5166301 -0.8427384 0.1416829 0.05302113
Grain 1 0.1061231 0.3927066 -0.8466657 0.3430402
Grain 2 -0.01712468 0.6963718 0.04017741 -0.7163511
Grain 3 0.006042548 0.889766 -0.3505928 0.2921726
Guest-2 ori 105.0037 105.7315
Grain 0 0.5166301 -0.8427384 0.1416829 0.05302113
Grain 1 0.1085234 0.4618286 -0.8124616 0.3388853
Grain 2 -0.01712468 0.6963718 0.04017741 -0.7163511
Grain 3 0.006042548 0.889766 -0.3505928 0.2921726
Guest-2 ori 106.2353 106.5335
Grain 0 0.5166301 -0.8427384 0.1416829 0.05302113
Grain 1 0.1114889 0.3957296 -0.8465472 0.3381215
Grain 2 -0.01712468 0.6963718 0.04017741 -0.7163511
Grain 3 0.006042548 0.889766 -0.3505928 0.2921726
Guest-2 ori 107.402 107.617
Grain 0 0.5166301 -0.8427384 0.1416829 0.05302113
Grain 1 0.09797302 0.3347684 -0.8701904 0.3479945
Grain 2 -0.01712468 0.6963718 0.04017741 -0.7163511
Grain 3 0.006042548 0.889766 -0.3505928 0.2921726
Guest-2 ori 108.3803 108.5466
Grain 0 0.5166301 -0.8427384 0.1416829 0.05302113
Grain 1 0.09448822 0.3643697 -0.8577698 0.3500539
Grain 2 -0.01712468 0.6963718 0.04017741 -0.7163511
Grain 3 0.006042548 0.889766 -0.3505928 0.2921726
Guest-2 ori 112.1947 112.5113
Grain 0 0.5166301 -0.8427384 0.1416829 0.05302113
Grain 1 0.09568337 0.3805094 -0.851095 0.3488478
Grain 2 -0.006543189 0.7518384 0.08381695 -0.6539655
Grain 3 0.006042548 0.889766 -0.3505928 0.2921726
Guest-2 ori 113.1312 113.4008
Grain 0 0.5166301 -0.8427384 0.1416829 0.05302113
Grain 1 0.09568337 0.3805094 -0.851095 0.3488478
Grain 2 0.02949151 0.7758861 0.1644552 -0.6083466
Grain 3 0.006042548 0.889766 -0.3505928 0.2921726
Guest-2 ori 113.9498 114.1504
Grain 0 0.5166301 -0.8427384 0.1416829 0.05302113
Grain 1 0.09568337 0.3805094 -0.851095 0.3488478
Grain 2 0.03939735 0.7861455 0.1865266 -0.5879039
Grain 3 0.006042548 0.889766 -0.3505928 0.2921726
Guest-2 ori 114.747 114.9295
Grain 0 0.5166301 -0.8427384 0.1416829 0.05302113
Grain 1 0.09568337 0.3805094 -0.851095 0.3488478
Grain 2 0.02573366 0.7770844 0.1576274 -0.6087949
Grain 3 0.006042548 0.889766 -0.3505928 0.2921726
Guest-2 ori 115.1281 115.2786
Grain 0 0.5166301 -0.8427384 0.1416829 0.05302113
Grain 1 0.09568337 0.3805094 -0.851095 0.3488478
Grain 2 0.01265218 0.7619045 0.1277815 -0.6348333
Grain 3 0.006042548 0.889766 -0.3505928 0.2921726
Guest-2 ori 115.8465 116.0614
Grain 0 0.5166301 -0.8427384 0.1416829 0.05302113
Grain 1 0.09568337 0.3805094 -0.851095 0.3488478
Grain 2 0.06354256 -0.7036878 0.0324881 0.7069162
Grain 3 0.006042548 0.889766 -0.3505928 0.2921726
Guest-2 ori 116.7238 116.9574
Grain 0 0.5166301 -0.8427384 0.1416829 0.05302113
Grain 1 0.09568337 0.3805094 -0.851095 0.3488478
Grain 2 0.09564052 -0.7229146 0.06616545 0.6810797
Grain 3 0.006042548 0.889766 -0.3505928 0.2921726
Guest-2 ori 117.5636 117.7188
Grain 0 0.5166301 -0.8427384 0.1416829 0.05302113
Grain 1 0.09568337 0.3805094 -0.851095 0.3488478
Grain 2 0.03347689 -0.6978011 -0.01296587 0.7153915
Grain 3 0.006042548 0.889766 -0.3505928 0.2921726
Guest-2 ori 118.3749 118.5572
Grain 0 0.5166301 -0.8427384 0.1416829 0.05302113
Grain 1 0.09568337 0.3805094 -0.851095 0.3488478
Grain 2 0.1130518 0.5839197 0.1806566 -0.7833391
Grain 3 0.006042548 0.889766 -0.3505928 0.2921726
Guest-2 ori 119.1715 119.354
Grain 0 0.5166301 -0.8427384 0.1416829 0.05302113
Grain 1 0.09568337 0.3805094 -0.851095 0.3488478
Grain 2 0.06003393 0.6497158 0.1167042 -0.7487627
Grain 3 0.006042548 0.889766 -0.3505928 0.2921726
Guest-2 ori 120.5157 120.7145
Grain 0 0.5166301 -0.8427384 0.1416829 0.05302113
Grain 1 0.09568337 0.3805094 -0.851095 0.3488478
Grain 2 0.05484711 0.7280547 0.1226917 -0.6722165
Grain 3 0.006042548 0.889766 -0.3505928 0.2921726
Guest-2 ori 121.7913 122.125
Grain 0 0.5166301 -0.8427384 0.1416829 0.05302113
Grain 1 0.09568337 0.3805094 -0.851095 0.3488478
Grain 2 0.07381523 0.7870551 0.1664299 -0.5894037
Grain 3 0.006042548 0.889766 -0.3505928 0.2921726
Guest-2 ori 122.8385 123.0237
Grain 0 0.5166301 -0.8427384 0.1416829 0.05302113
Grain 1 0.09568337 0.3805094 -0.851095 0.3488478
Grain 2 0.05380812 0.8024225 0.1244985 -0.5811394
Grain 3 0.006042548 0.889766 -0.3505928 0.2921726
Guest-2 ori 123.6702 123.8354
Grain 0 0.5166301 -0.8427384 0.1416829 0.05302113
Grain 1 0.09568337 0.3805094 -0.851095 0.3488478
Grain 2 0.0166504 0.7811224 0.02974097 -0.6234469
Grain 3 0.006042548 0.889766 -0.3505928 0.2921726
Guest-2 ori 124.9495 125.1815
Grain 0 0.5166301 -0.8427384 0.1416829 0.05302113
Grain 1 0.09568337 0.3805094 -0.851095 0.3488478
Grain 2 0.04084881 -0.6560735 0.1420459 0.7400824
Grain 3 0.006042548 0.889766 -0.3505928 0.2921726
Guest-2 ori 126.0441 128.3246
Grain 0 0.5166301 -0.8427384 0.1416829 0.05302113
Grain 1 0.09568337 0.3805094 -0.851095 0.3488478
Grain 2 0.01225399 0.7554954 0.006447162 -0.6550077
Grain 3 0.006042548 0.889766 -0.3505928 0.2921726
Guest-2 ori 133.066 137.1986
Grain 0 0.5166301 -0.8427384 0.1416829 0.05302113
Grain 1 0.09568337 0.3805094 -0.851095 0.3488478
Grain 2 0.01225399 0.7554954 0.006447162 -0.6550077
Grain 3 0.08291459 0.720499 -0.5484453 0.41619
Guest-2 ori 138.0435 141.5176
Grain 0 0.5166301 -0.8427384 0.1416829 0.05302113
Grain 1 0.09568337 0.3805094 -0.851095 0.3488478
Grain 2 0.01225399 0.7554954 0.006447162 -0.6550077
Grain 3 0.3362729 0.8330619 -0.4202286 0.1278139
Guest-2 ori 145.3187 149.1564
Grain 0 0.6832199 -0.7178922 -0.1332948 -0.008599162
Grain 1 0.09568337 0.3805094 -0.851095 0.3488478
Grain 2 0.01225399 0.7554954 0.006447162 -0.6550077
Grain 3 0.3362729 0.8330619 -0.4202286 0.1278139
Guest-2 ori 150.4271 152.4194
Grain 0 0.6216246 -0.6569326 -0.4131468 0.1064532
Grain 1 0.09568337 0.3805094 -0.851095 0.3488478
Grain 2 0.01225399 0.7554954 0.006447162 -0.6550077
Grain 3 0.3362729 0.8330619 -0.4202286 0.1278139
Guest-2 ori 153.2974 155.6465
Grain 0 0.4935333 -0.6373273 -0.5916926 0.0117784
Grain 1 0.09568337 0.3805094 -0.851095 0.3488478
Grain 2 0.01225399 0.7554954 0.006447162 -0.6550077
Grain 3 0.3362729 0.8330619 -0.4202286 0.1278139
Guest-2 ori 156.394 157.2597
Grain 0 0.6201689 -0.6877124 -0.3703096 0.07289064
Grain 1 0.09568337 0.3805094 -0.851095 0.3488478
Grain 2 0.01225399 0.7554954 0.006447162 -0.6550077
Grain 3 0.3362729 0.8330619 -0.4202286 0.1278139
Guest-2 ori 161.0832 162.6453
Grain 0 0.6201689 -0.6877124 -0.3703096 0.07289064
Grain 1 0.09432672 0.3174111 -0.8609115 0.3862435
Grain 2 0.01225399 0.7554954 0.006447162 -0.6550077
Grain 3 0.3362729 0.8330619 -0.4202286 0.1278139
Guest-2 ori 167.8215 170.4577
Grain 0 0.6201689 -0.6877124 -0.3703096 0.07289064
Grain 1 0.09432672 0.3174111 -0.8609115 0.3862435
Grain 2 0.01225399 0.7554954 0.006447162 -0.6550077
Grain 3 0.2872843 0.8502435 -0.3921204 0.2019788
Guest-2 ori 171.2216 171.5365
Grain 0 0.6201689 -0.6877124 -0.3703096 0.07289064
Grain 1 0.09432672 0.3174111 -0.8609115 0.3862435
Grain 2 0.01225399 0.7554954 0.006447162 -0.6550077
Grain 3 0.3289185 0.8130385 -0.4512614 0.1647552
Guest-2 ori 172.3285 172.5776
Grain 0 0.6201689 -0.6877124 -0.3703096 0.07289064
Grain 1 0.09432672 0.3174111 -0.8609115 0.3862435
Grain 2 0.01225399 0.7554954 0.006447162 -0.6550077
Grain 3 0.3620214 0.7726958 -0.5037924 0.1344432
Guest-2 ori 173.1738 173.3756
Grain 0 0.6201689 -0.6877124 -0.3703096 0.07289064
Grain 1 0.09432672 0.3174111 -0.8609115 0.3862435
Grain 2 0.01225399 0.7554954 0.006447162 -0.6550077
Grain 3 0.3572334 0.7236578 -0.570514 0.1523727
Guest-2 ori 174.0779 174.2797
Grain 0 0.6201689 -0.6877124 -0.3703096 0.07289064
Grain 1 0.09432672 0.3174111 -0.8609115 0.3862435
Grain 2 0.01225399 0.7554954 0.006447162 -0.6550077
Grain 3 0.3228383 0.7373738 -0.563563 0.1856126
Guest-2 ori 174.8283 174.9816
Grain 0 0.6201689 -0.6877124 -0.3703096 0.07289064
Grain 1 0.09432672 0.3174111 -0.8609115 0.3862435
Grain 2 0.01225399 0.7554954 0.006447162 -0.6550077
Grain 3 0.0975053 0.7569252 -0.5220799 0.3807749
Guest-2 ori 175.5304 175.68
Grain 0 0.6201689 -0.6877124 -0.3703096 0.07289064
Grain 1 0.09432672 0.3174111 -0.8609115 0.3862435
Grain 2 0.01225399 0.7554954 0.006447162 -0.6550077
Grain 3 -0.0182189 0.7461087 -0.4744726 0.4667608
Guest-2 ori 176.3495 176.501
Grain 0 0.6201689 -0.6877124 -0.3703096 0.07289064
Grain 1 0.09432672 0.3174111 -0.8609115 0.3862435
Grain 2 0.01225399 0.7554954 0.006447162 -0.6550077
Grain 3 -0.09950565 0.7485217 -0.4251391 0.4990699
Guest-2 ori 177.1169 177.283
Grain 0 0.6201689 -0.6877124 -0.3703096 0.07289064
Grain 1 0.09432672 0.3174111 -0.8609115 0.3862435
Grain 2 0.01225399 0.7554954 0.006447162 -0.6550077
Grain 3 -0.09950565 0.7485217 -0.4251391 0.4990699
Guest-2 ori 183.1863 184.0021
Grain 0 0.6201689 -0.6877124 -0.3703096 0.07289064
Grain 1 0.09432672 0.3174111 -0.8609115 0.3862435
Grain 2 0.02760314 -0.7338422 0.03115016 0.6780439
Grain 3 -0.1132758 0.7505924 -0.4147952 0.5017217
Guest-2 ori 184.7526 184.968
Grain 0 0.6201689 -0.6877124 -0.3703096 0.07289064
Grain 1 0.09432672 0.3174111 -0.8609115 0.3862435
Grain 2 0.09786882 0.7241728 0.07526028 -0.6784773
Grain 3 -0.1132758 0.7505924 -0.4147952 0.5017217
Guest-2 ori 185.6141 185.8461
Grain 0 0.6201689 -0.6877124 -0.3703096 0.07289064
Grain 1 0.09432672 0.3174111 -0.8609115 0.3862435
Grain 2 0.09414977 0.691445 0.07987642 -0.7118002
Grain 3 -0.1132758 0.7505924 -0.4147952 0.5017217
Guest-2 ori 186.4081 186.6405
Grain 0 0.6201689 -0.6877124 -0.3703096 0.07289064
Grain 1 0.09432672 0.3174111 -0.8609115 0.3862435
Grain 2 0.02293481 0.6390159 0.04298087 -0.7676492
Grain 3 -0.1132758 0.7505924 -0.4147952 0.5017217
Guest-2 ori 187.1717 187.4116
Grain 0 0.6201689 -0.6877124 -0.3703096 0.07289064
Grain 1 0.09432672 0.3174111 -0.8609115 0.3862435
Grain 2 0.08864753 0.7514422 0.07627101 -0.6493527
Grain 3 -0.1132758 0.7505924 -0.4147952 0.5017217
Guest-2 ori 188.0411 188.3724
Grain 0 0.6201689 -0.6877124 -0.3703096 0.07289064
Grain 1 0.09432672 0.3174111 -0.8609115 0.3862435
Grain 2 0.1460477 0.8366515 0.1022479 -0.517909
Grain 3 -0.1132758 0.7505924 -0.4147952 0.5017217
Guest-2 ori 189.0057 189.3704
Grain 0 0.6201689 -0.6877124 -0.3703096 0.07289064
Grain 1 0.09432672 0.3174111 -0.8609115 0.3862435
Grain 2 0.1636674 0.8017524 0.1406063 -0.5573473
Grain 3 -0.1132758 0.7505924 -0.4147952 0.5017217
Guest-2 ori 189.9335 190.3145
Grain 0 0.6201689 -0.6877124 -0.3703096 0.07289064
Grain 1 0.09432672 0.3174111 -0.8609115 0.3862435
Grain 2 0.141139 0.6930205 0.173205 -0.6854213
Grain 3 -0.1132758 0.7505924 -0.4147952 0.5017217
Guest-2 ori 191.5651 191.9997
Grain 0 0.6201689 -0.6877124 -0.3703096 0.07289064
Grain 1 0.09432672 0.3174111 -0.8609115 0.3862435
Grain 2 0.1401794 0.6399454 0.1926441 -0.7305532
Grain 3 -0.1132758 0.7505924 -0.4147952 0.5017217
Guest-2 ori 192.4856 192.8998
Grain 0 0.6201689 -0.6877124 -0.3703096 0.07289064
Grain 1 0.09432672 0.3174111 -0.8609115 0.3862435
Grain 2 0.06910691 0.6497246 0.1456327 -0.7428818
Grain 3 -0.1132758 0.7505924 -0.4147952 0.5017217
Guest-2 ori 193.7803 196.0352
Grain 0 0.6201689 -0.6877124 -0.3703096 0.07289064
Grain 1 0.09432672 0.3174111 -0.8609115 0.3862435
Grain 2 -0.02213366 0.7452222 0.08681277 -0.6607704
Grain 3 -0.1132758 0.7505924 -0.4147952 0.5017217
Guest-2 ori 197.3465 203.8097
Grain 0 0.6201689 -0.6877124 -0.3703096 0.07289064
Grain 1 0.09432672 0.3174111 -0.8609115 0.3862435
Grain 2 0.347297 0.6146511 -0.2367154 0.6674989
Grain 3 -0.1132758 0.7505924 -0.4147952 0.5017217
Guest-2 ori 208.2456 209.4221
Grain 0 0.4596126 -0.7683513 -0.3624223 -0.2589263
Grain 1 0.09432672 0.3174111 -0.8609115 0.3862435
Grain 2 0.347297 0.6146511 -0.2367154 0.6674989
Grain 3 -0.1132758 0.7505924 -0.4147952 0.5017217
Guest-2 ori 211.0491 215.5141
Grain 0 0.08504808 -0.4900277 -0.6156482 -0.6112422
Grain 1 0.09432672 0.3174111 -0.8609115 0.3862435
Grain 2 0.347297 0.6146511 -0.2367154 0.6674989
Grain 3 -0.1132758 0.7505924 -0.4147952 0.5017217
Guest-2 ori 216.767 217.2649
Grain 0 0.1588867 -0.6424528 -0.5027528 -0.5561016
Grain 1 0.09432672 0.3174111 -0.8609115 0.3862435
Grain 2 0.347297 0.6146511 -0.2367154 0.6674989
Grain 3 -0.1132758 0.7505924 -0.4147952 0.5017217
Guest-2 ori 220.3759 225.3207
Grain 0 0.1588867 -0.6424528 -0.5027528 -0.5561016
Grain 1 -0.1464065 -0.643537 0.7277927 0.1863949
Grain 2 0.347297 0.6146511 -0.2367154 0.6674989
Grain 3 -0.1132758 0.7505924 -0.4147952 0.5017217
Guest-2 ori 226.7801 230.1294
Grain 0 0.1588867 -0.6424528 -0.5027528 -0.5561016
Grain 1 0.1989189 0.7047149 -0.6556203 -0.1843103
Grain 2 0.347297 0.6146511 -0.2367154 0.6674989
Grain 3 -0.1132758 0.7505924 -0.4147952 0.5017217
Guest-2 ori 230.9598 233.8783
Grain 0 0.1588867 -0.6424528 -0.5027528 -0.5561016
Grain 1 0.3448128 0.7056685 -0.4943939 -0.3724389
Grain 2 0.347297 0.6146511 -0.2367154 0.6674989
Grain 3 -0.1132758 0.7505924 -0.4147952 0.5017217
Guest-2 ori 235.3068 241.7187
Grain 0 0.1588867 -0.6424528 -0.5027528 -0.5561016
Grain 1 -0.4203112 0.05321931 -0.9008136 0.09508444
Grain 2 0.347297 0.6146511 -0.2367154 0.6674989
Grain 3 -0.1132758 0.7505924 -0.4147952 0.5017217
Guest-2 ori 247.1828 248.948
Grain 0 0.1588867 -0.6424528 -0.5027528 -0.5561016
Grain 1 -0.4203112 0.05321931 -0.9008136 0.09508444
Grain 2 0.3190203 0.6072863 -0.2151362 0.6950869
Grain 3 -0.1132758 0.7505924 -0.4147952 0.5017217
Guest-2 ori 249.7459 250.4258
Grain 0 0.1588867 -0.6424528 -0.5027528 -0.5561016
Grain 1 -0.4203112 0.05321931 -0.9008136 0.09508444
Grain 2 0.3611681 0.6395306 -0.1967356 0.6495023
Grain 3 -0.1132758 0.7505924 -0.4147952 0.5017217
Guest-2 ori 251.2966 253.7643
Grain 0 0.1588867 -0.6424528 -0.5027528 -0.5561016
Grain 1 -0.4203112 0.05321931 -0.9008136 0.09508444
Grain 2 0.6563105 0.7257224 -0.02540782 0.2047877
Grain 3 -0.1132758 0.7505924 -0.4147952 0.5017217
Guest-2 ori 254.5666 257.0452
Grain 0 0.1588867 -0.6424528 -0.5027528 -0.5561016
Grain 1 -0.4203112 0.05321931 -0.9008136 0.09508444
Grain 2 0.7793751 0.4614968 0.2938012 0.3054115
Grain 3 -0.1132758 0.7505924 -0.4147952 0.5017217
Guest-2 ori 258.559 263.5006
Grain 0 0.1588867 -0.6424528 -0.5027528 -0.5561016
Grain 1 -0.4203112 0.05321931 -0.9008136 0.09508444
Grain 2 0.1705195 0.9080968 0.3767103 0.06612628
Grain 3 -0.1132758 0.7505924 -0.4147952 0.5017217
Guest-2 ori 266.9044 271.0767
Grain 0 0.193078 -0.9218622 -0.2873181 -0.1741816
Grain 1 -0.4203112 0.05321931 -0.9008136 0.09508444
Grain 2 0.1705195 0.9080968 0.3767103 0.06612628
Grain 3 -0.1132758 0.7505924 -0.4147952 0.5017217
Guest-2 ori 274.693 276.8905
Grain 0 0.1911209 -0.9204087 -0.2887522 -0.1815019
Grain 1 -0.4203112 0.05321931 -0.9008136 0.09508444
Grain 2 0.1705195 0.9080968 0.3767103 0.06612628
Grain 3 0.1842003 -0.8385712 0.1837287 -0.4786569
Guest-2 ori 282.2046 289.4787
Grain 0 0.1911209 -0.9204087 -0.2887522 -0.1815019
Grain 1 -0.5535149 0.1551666 -0.7899819 0.2132445
Grain 2 0.1705195 0.9080968 0.3767103 0.06612628
Grain 3 0.1842003 -0.8385712 0.1837287 -0.4786569
Guest-2 ori 290.6423 292.262
Grain 0 0.1911209 -0.9204087 -0.2887522 -0.1815019
Grain 1 -0.683432 0.119264 -0.6630106 0.2812718
Grain 2 0.1705195 0.9080968 0.3767103 0.06612628
Grain 3 0.1842003 -0.8385712 0.1837287 -0.4786569
Guest-2 ori 292.9255 294.7122
Grain 0 0.1911209 -0.9204087 -0.2887522 -0.1815019
Grain 1 -0.6981427 -0.1667372 -0.3939036 0.5741389
Grain 2 0.1705195 0.9080968 0.3767103 0.06612628
Grain 3 0.1842003 -0.8385712 0.1837287 -0.4786569
Guest-2 ori 295.5925 298.0356
Grain 0 0.1911209 -0.9204087 -0.2887522 -0.1815019
Grain 1 0.5682639 0.3343762 0.1700299 -0.732365
Grain 2 0.1705195 0.9080968 0.3767103 0.06612628
Grain 3 0.1842003 -0.8385712 0.1837287 -0.4786569
Guest-2 ori 299.2938 309.7123
Grain 0 0.1911209 -0.9204087 -0.2887522 -0.1815019
Grain 1 -0.003489018 0.1572927 0.2600479 -0.952692
Grain 2 0.1705195 0.9080968 0.3767103 0.06612628
Grain 3 0.1842003 -0.8385712 0.1837287 -0.4786569
Guest-2 ori 311.1897 312.899
Grain 0 0.1911209 -0.9204087 -0.2887522 -0.1815019
Grain 1 0.03298906 0.1734348 -0.323577 0.929586
Grain 2 0.1705195 0.9080968 0.3767103 0.06612628
Grain 3 0.1842003 -0.8385712 0.1837287 -0.4786569
Guest-2 ori 314.3122 320.4237
Grain 0 0.1911209 -0.9204087 -0.2887522 -0.1815019
Grain 1 -0.03774143 -0.3480173 -0.03532955 -0.9360616
Grain 2 0.1705195 0.9080968 0.3767103 0.06612628
Grain 3 0.1842003 -0.8385712 0.1837287 -0.4786569
Guest-2 ori 322.4841 323.2792
Grain 0 0.1911209 -0.9204087 -0.2887522 -0.1815019
Grain 1 0.02823188 -0.3947054 -0.06788009 -0.9158619
Grain 2 0.1705195 0.9080968 0.3767103 0.06612628
Grain 3 0.1842003 -0.8385712 0.1837287 -0.4786569
Guest-2 ori 324.0087 324.2903
Grain 0 0.1911209 -0.9204087 -0.2887522 -0.1815019
Grain 1 0.09499326 0.3286075 0.00632565 0.939656
Grain 2 0.1705195 0.9080968 0.3767103 0.06612628
Grain 3 0.1842003 -0.8385712 0.1837287 -0.4786569
Guest-2 ori 324.8745 325.0738
Grain 0 0.1911209 -0.9204087 -0.2887522 -0.1815019
Grain 1 0.1577558 0.3074276 -0.02758354 0.9379982
Grain 2 0.1705195 0.9080968 0.3767103 0.06612628
Grain 3 0.1842003 -0.8385712 0.1837287 -0.4786569
Guest-2 ori 325.6544 325.8788
Grain 0 0.1911209 -0.9204087 -0.2887522 -0.1815019
Grain 1 0.2045286 0.4238629 -0.05290429 0.8807437
Grain 2 0.1705195 0.9080968 0.3767103 0.06612628
Grain 3 0.1842003 -0.8385712 0.1837287 -0.4786569
Guest-2 ori 326.4583 326.6076
Grain 0 0.1911209 -0.9204087 -0.2887522 -0.1815019
Grain 1 0.1281919 0.4718399 0.007704001 0.8722813
Grain 2 0.1705195 0.9080968 0.3767103 0.06612628
Grain 3 0.1842003 -0.8385712 0.1837287 -0.4786569
Guest-2 ori 327.0049 327.1414
Grain 0 0.1911209 -0.9204087 -0.2887522 -0.1815019
Grain 1 0.01473238 -0.4285435 -0.1365383 -0.8930234
Grain 2 0.1705195 0.9080968 0.3767103 0.06612628
Grain 3 0.1842003 -0.8385712 0.1837287 -0.4786569
Guest-2 ori 327.6384 327.7727
Grain 0 0.1911209 -0.9204087 -0.2887522 -0.1815019
Grain 1 0.1243439 -0.3988604 -0.2199322 -0.8815208
Grain 2 0.1705195 0.9080968 0.3767103 0.06612628
Grain 3 0.1842003 -0.8385712 0.1837287 -0.4786569
Guest-2 ori 328.2209 328.3697
Grain 0 0.1911209 -0.9204087 -0.2887522 -0.1815019
Grain 1 0.14629 -0.3861509 -0.2398153 -0.8786213
Grain 2 0.1705195 0.9080968 0.3767103 0.06612628
Grain 3 0.1842003 -0.8385712 0.1837287 -0.4786569
Guest-2 ori 328.5844 328.7503
Grain 0 0.1911209 -0.9204087 -0.2887522 -0.1815019
Grain 1 0.09902732 -0.3547748 -0.2317394 -0.9003474
Grain 2 0.1705195 0.9080968 0.3767103 0.06612628
Grain 3 0.1842003 -0.8385712 0.1837287 -0.4786569
Guest-2 ori 328.9986 329.1677
Grain 0 0.1911209 -0.9204087 -0.2887522 -0.1815019
Grain 1 0.07729078 -0.3155618 -0.238869 -0.9150894
Grain 2 0.1705195 0.9080968 0.3767103 0.06612628
Grain 3 0.1842003 -0.8385712 0.1837287 -0.4786569
Guest-2 ori 330.0963 330.2811
Grain 0 0.1911209 -0.9204087 -0.2887522 -0.1815019
Grain 1 -0.03637058 -0.245023 -0.2166143 -0.9443088
Grain 2 0.1705195 0.9080968 0.3767103 0.06612628
Grain 3 0.1842003 -0.8385712 0.1837287 -0.4786569
Guest-2 ori 331.25 331.4872
Grain 0 0.1911209 -0.9204087 -0.2887522 -0.1815019
Grain 1 -0.06605348 -0.2208879 -0.2101115 -0.9501045
Grain 2 0.1705195 0.9080968 0.3767103 0.06612628
Grain 3 0.1842003 -0.8385712 0.1837287 -0.4786569
Guest-2 ori 332.2054 332.3538
Grain 0 0.1911209 -0.9204087 -0.2887522 -0.1815019
Grain 1 -0.09142998 -0.2112908 -0.2022813 -0.9518818
Grain 2 0.1705195 0.9080968 0.3767103 0.06612628
Grain 3 0.1842003 -0.8385712 0.1837287 -0.4786569
Guest-2 ori 333.1329 333.3312
Grain 0 0.1911209 -0.9204087 -0.2887522 -0.1815019
Grain 1 -0.06416254 -0.1486518 -0.2242411 -0.96099
Grain 2 0.1705195 0.9080968 0.3767103 0.06612628
Grain 3 0.1842003 -0.8385712 0.1837287 -0.4786569
Guest-2 ori 333.9114 334.0971
Grain 0 0.1911209 -0.9204087 -0.2887522 -0.1815019
Grain 1 -0.05272594 -0.08131922 -0.2395556 -0.9660333
Grain 2 0.1705195 0.9080968 0.3767103 0.06612628
Grain 3 0.1842003 -0.8385712 0.1837287 -0.4786569
Guest-2 ori 334.7462 334.9445
Grain 0 0.1911209 -0.9204087 -0.2887522 -0.1815019
Grain 1 -0.0795901 -0.09638736 -0.2296822 -0.9652051
Grain 2 0.1705195 0.9080968 0.3767103 0.06612628
Grain 3 0.1842003 -0.8385712 0.1837287 -0.4786569
Guest-2 ori 335.4266 335.6579
Grain 0 0.1911209 -0.9204087 -0.2887522 -0.1815019
Grain 1 -0.09752226 -0.06064174 -0.2300484 -0.9663797
Grain 2 0.1705195 0.9080968 0.3767103 0.06612628
Grain 3 0.1842003 -0.8385712 0.1837287 -0.4786569
Guest-2 ori 336.2235 336.3897
Grain 0 0.1911209 -0.9204087 -0.2887522 -0.1815019
Grain 1 -0.07060184 -0.1261743 -0.2255574 -0.9634414
Grain 2 0.1705195 0.9080968 0.3767103 0.06612628
Grain 3 0.1842003 -0.8385712 0.1837287 -0.4786569
Guest-2 ori 336.8372 336.9856
Grain 0 0.1911209 -0.9204087 -0.2887522 -0.1815019
Grain 1 -0.03879131 -0.1820759 -0.2248046 -0.9564552
Grain 2 0.1705195 0.9080968 0.3767103 0.06612628
Grain 3 0.1842003 -0.8385712 0.1837287 -0.4786569
Guest-2 ori 337.6817 337.8644
Grain 0 0.1911209 -0.9204087 -0.2887522 -0.1815019
Grain 1 -0.02012165 -0.1931896 -0.2285888 -0.9539497
Grain 2 0.1705195 0.9080968 0.3767103 0.06612628
Grain 3 0.1842003 -0.8385712 0.1837287 -0.4786569
Guest-2 ori 338.4792 338.6283
Grain 0 0.1911209 -0.9204087 -0.2887522 -0.1815019
Grain 1 -0.038794 -0.1820784 -0.224803 -0.956455
Grain 2 0.1705195 0.9080968 0.3767103 0.06612628
Grain 3 0.1842003 -0.8385712 0.1837287 -0.4786569
Guest-2 ori 339.4095 339.6415
Grain 0 0.1911209 -0.9204087 -0.2887522 -0.1815019
Grain 1 -0.06458066 -0.1726807 -0.2181852 -0.958335
Grain 2 0.1705195 0.9080968 0.3767103 0.06612628
Grain 3 0.1842003 -0.8385712 0.1837287 -0.4786569
Guest-2 ori 343.5732 343.772
Grain 0 0.2137657 -0.9236354 -0.2907077 -0.1291932
Grain 1 -0.06458066 -0.1726807 -0.2181852 -0.958335
Grain 2 0.1705195 0.9080968 0.3767103 0.06612628
Grain 3 0.1842003 -0.8385712 0.1837287 -0.4786569
Guest-2 ori 344.3192 344.518
Grain 0 0.1817426 -0.9415852 -0.2338933 -0.1602527
Grain 1 -0.06458066 -0.1726807 -0.2181852 -0.958335
Grain 2 0.1705195 0.9080968 0.3767103 0.06612628
Grain 3 0.1842003 -0.8385712 0.1837287 -0.4786569
Guest-2 ori 344.8157 345.0003
Grain 0 0.1676982 -0.9403086 -0.2259742 -0.1913971
Grain 1 -0.06458066 -0.1726807 -0.2181852 -0.958335
Grain 2 0.1705195 0.9080968 0.3767103 0.06612628
Grain 3 0.1842003 -0.8385712 0.1837287 -0.4786569
Guest-2 ori 345.6801 345.8336
Grain 0 0.1544528 -0.9246379 -0.2437646 -0.2485316
Grain 1 -0.06458066 -0.1726807 -0.2181852 -0.958335
Grain 2 0.1705195 0.9080968 0.3767103 0.06612628
Grain 3 0.1842003 -0.8385712 0.1837287 -0.4786569
Guest-2 ori 346.3638 346.5504
Grain 0 0.1315378 -0.9307418 -0.213533 -0.2661226
Grain 1 -0.06458066 -0.1726807 -0.2181852 -0.958335
Grain 2 0.1705195 0.9080968 0.3767103 0.06612628
Grain 3 0.1842003 -0.8385712 0.1837287 -0.4786569
Guest-2 ori 347.0137 347.1628
Grain 0 0.13677 -0.9422395 -0.2011946 -0.2302164
Grain 1 -0.06458066 -0.1726807 -0.2181852 -0.958335
Grain 2 0.1705195 0.9080968 0.3767103 0.06612628
Grain 3 0.1842003 -0.8385712 0.1837287 -0.4786569
Guest-2 ori 347.8436 348.1136
Grain 0 0.1438238 -0.9738426 -0.1313558 -0.1170089
Grain 1 -0.06458066 -0.1726807 -0.2181852 -0.958335
Grain 2 0.1705195 0.9080968 0.3767103 0.06612628
Grain 3 0.1842003 -0.8385712 0.1837287 -0.4786569
Guest-2 ori 349.0606 349.3449
Grain 0 0.1415785 -0.9811155 -0.1036354 -0.08141081
Grain 1 -0.06458066 -0.1726807 -0.2181852 -0.958335
Grain 2 0.1705195 0.9080968 0.3767103 0.06612628
Grain 3 0.1842003 -0.8385712 0.1837287 -0.4786569
Guest-2 ori 349.9943 350.1601
Grain 0 0.1531503 -0.9684608 -0.1605948 -0.113305
Grain 1 -0.06458066 -0.1726807 -0.2181852 -0.958335
Grain 2 0.1705195 0.9080968 0.3767103 0.06612628
Grain 3 0.1842003 -0.8385712 0.1837287 -0.4786569
Guest-2 ori 350.711 350.8931
Grain 0 0.1536897 -0.9543911 -0.1977236 -0.16255
Grain 1 -0.06458066 -0.1726807 -0.2181852 -0.958335
Grain 2 0.1705195 0.9080968 0.3767103 0.06612628
Grain 3 0.1842003 -0.8385712 0.1837287 -0.4786569
Guest-2 ori 351.7652 351.9807
Grain 0 0.1539792 -0.9417362 -0.2248201 -0.1971785
Grain 1 -0.06458066 -0.1726807 -0.2181852 -0.958335
Grain 2 0.1705195 0.9080968 0.3767103 0.06612628
Grain 3 0.1842003 -0.8385712 0.1837287 -0.4786569
Guest-2 ori 352.8139 353.0305
Grain 0 0.1586358 -0.9360503 -0.2396508 -0.2030076
Grain 1 -0.06458066 -0.1726807 -0.2181852 -0.958335
Grain 2 0.1705195 0.9080968 0.3767103 0.06612628
Grain 3 0.1842003 -0.8385712 0.1837287 -0.4786569
Guest-2 ori 353.7811 353.9633
Grain 0 0.1530814 -0.9365665 -0.2343076 -0.2109723
Grain 1 -0.06458066 -0.1726807 -0.2181852 -0.958335
Grain 2 0.1705195 0.9080968 0.3767103 0.06612628
Grain 3 0.1842003 -0.8385712 0.1837287 -0.4786569
Guest-2 ori 354.6787 354.8327
Grain 0 0.1530814 -0.9365665 -0.2343076 -0.2109723
Grain 1 -0.06458066 -0.1726807 -0.2181852 -0.958335
Grain 2 0.1705195 0.9080968 0.3767103 0.06612628
Grain 3 0.1842003 -0.8385712 0.1837287 -0.4786569
Guest-2 ori 355.892 356.1263
Grain 0 0.1818511 -0.9390988 -0.2505744 -0.149118
Grain 1 -0.06458066 -0.1726807 -0.2181852 -0.958335
Grain 2 0.1705195 0.9080968 0.3767103 0.06612628
Grain 3 0.1842003 -0.8385712 0.1837287 -0.4786569
Guest-2 ori 356.7719 357.0046
Grain 0 0.1754272 -0.946681 -0.2282926 -0.144578
Grain 1 -0.06458066 -0.1726807 -0.2181852 -0.958335
Grain 2 0.1705195 0.9080968 0.3767103 0.06612628
Grain 3 0.1842003 -0.8385712 0.1837287 -0.4786569
Guest-2 ori 361.8266 361.9923
Grain 0 0.1754272 -0.946681 -0.2282926 -0.144578
Grain 1 -0.06458066 -0.1726807 -0.2181852 -0.958335
Grain 2 0.1864634 0.8953553 0.3930269 0.09539527
Grain 3 0.1842003 -0.8385712 0.1837287 -0.4786569
Guest-2 ori 362.5932 362.7589
Grain 0 0.1754272 -0.946681 -0.2282926 -0.144578
Grain 1 -0.06458066 -0.1726807 -0.2181852 -0.958335
Grain 2 0.1937296 0.8835495 0.4204404 0.070986
Grain 3 0.1842003 -0.8385712 0.1837287 -0.4786569
Guest-2 ori 363.1127 363.295
Grain 0 0.1754272 -0.946681 -0.2282926 -0.144578
Grain 1 -0.06458066 -0.1726807 -0.2181852 -0.958335
Grain 2 0.169644 0.9030006 0.3923697 0.04309077
Grain 3 0.1842003 -0.8385712 0.1837287 -0.4786569
Guest-2 ori 363.7278 363.8934
Grain 0 0.1754272 -0.946681 -0.2282926 -0.144578
Grain 1 -0.06458066 -0.1726807 -0.2181852 -0.958335
Grain 2 0.1525628 0.9165996 0.3683546 0.02974173
Grain 3 0.1842003 -0.8385712 0.1837287 -0.4786569
Guest-2 ori 364.6747 364.7907
Grain 0 0.1754272 -0.946681 -0.2282926 -0.144578
Grain 1 -0.06458066 -0.1726807 -0.2181852 -0.958335
Grain 2 0.155396 0.9158019 0.3675886 0.04513917
Grain 3 0.1842003 -0.8385712 0.1837287 -0.4786569
Guest-2 ori 365.2218 365.3875
Grain 0 0.1754272 -0.946681 -0.2282926 -0.144578
Grain 1 -0.06458066 -0.1726807 -0.2181852 -0.958335
Grain 2 0.1611588 0.913543 0.3656684 0.07585295
Grain 3 0.1842003 -0.8385712 0.1837287 -0.4786569
Guest-2 ori 365.8686 366.0544
Grain 0 0.1754272 -0.946681 -0.2282926 -0.144578
Grain 1 -0.06458066 -0.1726807 -0.2181852 -0.958335
Grain 2 0.1681383 0.9094539 0.3627616 0.1141368
Grain 3 0.1842003 -0.8385712 0.1837287 -0.4786569
Guest-2 ori 366.551 366.7332
Grain 0 0.1754272 -0.946681 -0.2282926 -0.144578
Grain 1 -0.06458066 -0.1726807 -0.2181852 -0.958335
Grain 2 0.1619829 0.9165199 0.3416532 0.1304831
Grain 3 0.1842003 -0.8385712 0.1837287 -0.4786569
Guest-2 ori 367.1045 367.2561
Grain 0 0.1754272 -0.946681 -0.2282926 -0.144578
Grain 1 -0.06458066 -0.1726807 -0.2181852 -0.958335
Grain 2 0.1625275 0.9155774 0.3494605 0.1148053
Grain 3 0.1842003 -0.8385712 0.1837287 -0.4786569
Guest-2 ori 367.5711 367.688
Grain 0 0.1754272 -0.946681 -0.2282926 -0.144578
Grain 1 -0.06458066 -0.1726807 -0.2181852 -0.958335
Grain 2 0.1692422 0.9052196 0.3853024 0.05896263
Grain 3 0.1842003 -0.8385712 0.1837287 -0.4786569
Guest-2 ori 368.0193 368.1586
Grain 0 0.1754272 -0.946681 -0.2282926 -0.144578
Grain 1 -0.06458066 -0.1726807 -0.2181852 -0.958335
Grain 2 0.1695813 0.9003481 0.3998316 0.02739252
Grain 3 0.1842003 -0.8385712 0.1837287 -0.4786569
Guest-2 ori 368.608 368.8729
Grain 0 0.1754272 -0.946681 -0.2282926 -0.144578
Grain 1 -0.06458066 -0.1726807 -0.2181852 -0.958335
Grain 2 0.171434 0.8972542 0.4064184 0.01922051
Grain 3 0.1842003 -0.8385712 0.1837287 -0.4786569
Guest-2 ori 369.1053 369.2868
Grain 0 0.1754272 -0.946681 -0.2282926 -0.144578
Grain 1 -0.06458066 -0.1726807 -0.2181852 -0.958335
Grain 2 0.1549418 0.9107044 0.3826473 0.01384148
Grain 3 0.1842003 -0.8385712 0.1837287 -0.4786569
Guest-2 ori 369.7325 369.9684
Grain 0 0.1754272 -0.946681 -0.2282926 -0.144578
Grain 1 -0.06458066 -0.1726807 -0.2181852 -0.958335
Grain 2 0.1577178 0.9125218 0.3747015 0.04503046
Grain 3 0.1842003 -0.8385712 0.1837287 -0.4786569
Guest-2 ori 370.4819 370.6654
Grain 0 0.1754272 -0.946681 -0.2282926 -0.144578
Grain 1 -0.06458066 -0.1726807 -0.2181852 -0.958335
Grain 2 0.1595537 0.9149656 0.3590432 0.09202474
Grain 3 0.1842003 -0.8385712 0.1837287 -0.4786569
Guest-2 ori 371.2182 371.3839
Grain 0 0.1754272 -0.946681 -0.2282926 -0.144578
Grain 1 -0.06458066 -0.1726807 -0.2181852 -0.958335
Grain 2 0.1603246 0.9153426 0.3508798 0.1154442
Grain 3 0.1842003 -0.8385712 0.1837287 -0.4786569
Guest-2 ori 372.088 372.2702
Grain 0 0.1754272 -0.946681 -0.2282926 -0.144578
Grain 1 -0.06458066 -0.1726807 -0.2181852 -0.958335
Grain 2 0.1493851 0.9231086 0.3474001 0.06976922
Grain 3 0.1842003 -0.8385712 0.1837287 -0.4786569
Guest-2 ori 372.8531 373.002
Grain 0 0.1754272 -0.946681 -0.2282926 -0.144578
Grain 1 -0.06458066 -0.1726807 -0.2181852 -0.958335
Grain 2 0.1594485 0.9140523 0.3666129 0.06840666
Grain 3 0.1842003 -0.8385712 0.1837287 -0.4786569
Guest-2 ori 373.4874 373.6371
Grain 0 0.1754272 -0.946681 -0.2282926 -0.144578
Grain 1 -0.06458066 -0.1726807 -0.2181852 -0.958335
Grain 2 0.1723785 0.9031362 0.3845177 0.08232186
Grain 3 0.1842003 -0.8385712 0.1837287 -0.4786569
Guest-2 ori 374.4179 374.6493
Grain 0 0.1754272 -0.946681 -0.2282926 -0.144578
Grain 1 -0.06458066 -0.1726807 -0.2181852 -0.958335
Grain 2 0.1676304 0.9088265 0.3710642 0.09080721
Grain 3 0.1842003 -0.8385712 0.1837287 -0.4786569
Guest-2 ori 377.6114 377.8098
Grain 0 0.1754272 -0.946681 -0.2282926 -0.144578
Grain 1 -0.06458066 -0.1726807 -0.2181852 -0.958335
Grain 2 0.1676304 0.9088265 0.3710642 0.09080721
Grain 3 0.1851126 -0.8439506 0.1777887 -0.4710329
Guest-2 ori 378.3751 378.5767
Grain 0 0.1754272 -0.946681 -0.2282926 -0.144578
Grain 1 -0.06458066 -0.1726807 -0.2181852 -0.958335
Grain 2 0.1676304 0.9088265 0.3710642 0.09080721
Grain 3 0.1990181 -0.8198431 0.1720648 -0.5085696
Guest-2 ori 379.0594 379.2579
Grain 0 0.1754272 -0.946681 -0.2282926 -0.144578
Grain 1 -0.06458066 -0.1726807 -0.2181852 -0.958335
Grain 2 0.1676304 0.9088265 0.3710642 0.09080721
Grain 3 0.1771157 -0.8164622 0.2053596 -0.5097519
Guest-2 ori 379.54 379.705
Grain 0 0.1754272 -0.946681 -0.2282926 -0.144578
Grain 1 -0.06458066 -0.1726807 -0.2181852 -0.958335
Grain 2 0.1676304 0.9088265 0.3710642 0.09080721
Grain 3 0.1648774 -0.8271075 0.2137732 -0.4929601
Guest-2 ori 380.058 380.2569
Grain 0 0.1754272 -0.946681 -0.2282926 -0.144578
Grain 1 -0.06458066 -0.1726807 -0.2181852 -0.958335
Grain 2 0.1676304 0.9088265 0.3710642 0.09080721
Grain 3 0.1491501 -0.8354297 0.2288257 -0.4769176
Guest-2 ori 380.5551 380.7377
Grain 0 0.1754272 -0.946681 -0.2282926 -0.144578
Grain 1 -0.06458066 -0.1726807 -0.2181852 -0.958335
Grain 2 0.1676304 0.9088265 0.3710642 0.09080721
Grain 3 0.167512 -0.8171601 0.2195244 -0.5059626
Guest-2 ori 381.0852 381.3414
Grain 0 0.1754272 -0.946681 -0.2282926 -0.144578
Grain 1 -0.06458066 -0.1726807 -0.2181852 -0.958335
Grain 2 0.1676304 0.9088265 0.3710642 0.09080721
Grain 3 0.1827331 -0.8019461 0.2105015 -0.528375
Guest-2 ori 381.5613 381.8103
Grain 0 0.1754272 -0.946681 -0.2282926 -0.144578
Grain 1 -0.06458066 -0.1726807 -0.2181852 -0.958335
Grain 2 0.1676304 0.9088265 0.3710642 0.09080721
Grain 3 0.199221 -0.7750827 0.2061541 -0.5630793
Guest-2 ori 382.5224 382.721
Grain 0 0.1754272 -0.946681 -0.2282926 -0.144578
Grain 1 -0.06458066 -0.1726807 -0.2181852 -0.958335
Grain 2 0.1676304 0.9088265 0.3710642 0.09080721
Grain 3 0.1922685 -0.7779973 0.2131248 -0.5588658
Guest-2 ori 383.5333 383.7505
Grain 0 0.1754272 -0.946681 -0.2282926 -0.144578
Grain 1 -0.06458066 -0.1726807 -0.2181852 -0.958335
Grain 2 0.1676304 0.9088265 0.3710642 0.09080721
Grain 3 0.1922705 -0.7948477 0.2027028 -0.5386658
Guest-2 ori 384.1481 384.4133
Grain 0 0.1754272 -0.946681 -0.2282926 -0.144578
Grain 1 -0.06458066 -0.1726807 -0.2181852 -0.958335
Grain 2 0.1676304 0.9088265 0.3710642 0.09080721
Grain 3 0.1880115 -0.8095146 0.1984386 -0.5195767
Guest-2 ori 384.9961 385.1813
Grain 0 0.1754272 -0.946681 -0.2282926 -0.144578
Grain 1 -0.06458066 -0.1726807 -0.2181852 -0.958335
Grain 2 0.1676304 0.9088265 0.3710642 0.09080721
Grain 3 0.1973082 -0.802441 0.1904818 -0.529976
Guest-2 ori 385.4296 385.7108
Grain 0 0.1754272 -0.946681 -0.2282926 -0.144578
Grain 1 -0.06458066 -0.1726807 -0.2181852 -0.958335
Grain 2 0.1676304 0.9088265 0.3710642 0.09080721
Grain 3 0.1777084 -0.7836208 0.226605 -0.5504621
Guest-2 ori 385.9447 386.1288
Grain 0 0.1754272 -0.946681 -0.2282926 -0.144578
Grain 1 -0.06458066 -0.1726807 -0.2181852 -0.958335
Grain 2 0.1676304 0.9088265 0.3710642 0.09080721
Grain 3 0.1706889 -0.7862507 0.2334901 -0.546038
Guest-2 ori 386.9572 387.1065
Grain 0 0.1754272 -0.946681 -0.2282926 -0.144578
Grain 1 -0.06458066 -0.1726807 -0.2181852 -0.958335
Grain 2 0.1676304 0.9088265 0.3710642 0.09080721
Grain 3 -0.1443066 0.8082587 -0.2489424 0.5137327
Guest-2 ori 387.8021 387.9844
Grain 0 0.1754272 -0.946681 -0.2282926 -0.144578
Grain 1 -0.06458066 -0.1726807 -0.2181852 -0.958335
Grain 2 0.1676304 0.9088265 0.3710642 0.09080721
Grain 3 -0.1556062 0.7848375 -0.2530317 0.5438675
Guest-2 ori 388.6058 388.7552
Grain 0 0.1754272 -0.946681 -0.2282926 -0.144578
Grain 1 -0.06458066 -0.1726807 -0.2181852 -0.958335
Grain 2 0.1676304 0.9088265 0.3710642 0.09080721
Grain 3 -0.1472539 0.7807195 -0.2654493 0.546196
