Guest-0 ori 17.38965 18.48926
Grain 0 0 1 0 0
Grain 1 0 1 0 0
Grain 2 0 1 0 0
Grain 3 0.3939216 0.8949435 0.0173884 0.2088053
Guest-0 ori 20.66246 21.25886
Grain 0 0 1 0 0
Grain 1 0 1 0 0
Grain 2 0 1 0 0
Grain 3 0.3276395 0.8657107 -0.1670127 0.3395646
Guest-0 ori 24.33178 25.12688
Grain 0 0.3276708 -0.8773479 -0.2421053 -0.2535302
Grain 1 0 1 0 0
Grain 2 0 1 0 0
Grain 3 0.3276395 0.8657107 -0.1670127 0.3395646
Guest-0 ori 28.90008 30.79107
Grain 0 0.3276708 -0.8773479 -0.2421053 -0.2535302
Grain 1 0.3364708 0.8398119 -0.4014155 0.1427204
Grain 2 0 1 0 0
Grain 3 0.3276395 0.8657107 -0.1670127 0.3395646
Guest-0 ori 37.13099 41.75869
Grain 0 0.3276708 -0.8773479 -0.2421053 -0.2535302
Grain 1 0.3364708 0.8398119 -0.4014155 0.1427204
Grain 2 0.3073376 0.36584 -0.2448827 0.8436452
Grain 3 0.3276395 0.8657107 -0.1670127 0.3395646
Guest-0 OptGrain 2 192 31.13464 32.84866
Grain 0 0.3276708 -0.8773479 -0.2421053 -0.2535302
Grain 1 0.3364708 0.8398119 -0.4014155 0.1427204
Grain 2 0.2687581 0.4496686 -0.3890941 0.7577422
Grain 3 0.3276395 0.8657107 -0.1670127 0.3395646
Guest-0 OptGrain 3 12 37.23931 37.30588
Grain 0 0.3276708 -0.8773479 -0.2421053 -0.2535302
Grain 1 0.3364708 0.8398119 -0.4014155 0.1427204
Grain 2 0.2687581 0.4496686 -0.389094 0.757742
Grain 3 0.3261696 0.8627145 -0.1698655 0.3471063
Guest-0 ori 132.8127 136.5623
Grain 0 0.3276708 -0.8773479 -0.2421053 -0.2535302
Grain 1 0.3364708 0.8398119 -0.4014155 0.1427204
Grain 2 0.2687581 0.4496686 -0.389094 0.757742
Grain 3 -0.0718895 -0.8276739 -0.1426037 -0.5380075
Guest-0 ori 137.4605 138.0597
Grain 0 0.3276708 -0.8773479 -0.2421053 -0.2535302
Grain 1 0.3364708 0.8398119 -0.4014155 0.1427204
Grain 2 0.2687581 0.4496686 -0.389094 0.757742
Grain 3 0.06102178 -0.6663958 -0.312681 -0.6741096
Guest-0 OptGrain 1 114 127.6069 128.2945
Grain 0 0.3276708 -0.8773479 -0.2421053 -0.2535302
Grain 1 0.3218893 0.7977049 -0.4885834 0.1460843
Grain 2 0.2687581 0.4496686 -0.389094 0.757742
Grain 3 0.06102178 -0.6663958 -0.312681 -0.6741096
Guest-0 OptGrain 2 12 132.8338 132.8968
Grain 0 0.3276708 -0.8773479 -0.2421053 -0.2535302
Grain 1 0.314916 0.8004833 -0.4898396 0.1418153
Grain 2 0.2653524 0.443039 -0.3914246 0.7616373
Grain 3 0.06102178 -0.6663958 -0.312681 -0.6741096
Guest-0 ori 148.3405 156.5416
Grain 0 0.3276708 -0.8773479 -0.2421053 -0.2535302
Grain 1 0.314916 0.8004833 -0.4898396 0.1418153
Grain 2 0.4421695 0.7819906 -0.2993009 -0.3215521
Grain 3 0.06102178 -0.6663958 -0.312681 -0.6741096
Guest-0 OptGrain 2 114 144.2865 145.1803
Grain 0 0.3276708 -0.8773479 -0.2421053 -0.2535302
Grain 1 0.314916 0.8004833 -0.4898396 0.1418153
Grain 2 0.3590125 0.8393536 -0.2525416 -0.3206529
Grain 3 0.06102178 -0.6663958 -0.312681 -0.6741096
Guest-0 OptGrain 0 12 150.5479 150.6062
Grain 0 0.3255456 -0.8751021 -0.2449555 -0.2611768
Grain 1 0.314916 0.8004833 -0.4898396 0.1418153
Grain 2 0.3562006 0.8371179 -0.2598566 -0.3237736
Grain 3 0.06102178 -0.6663958 -0.312681 -0.6741096
Guest-0 OptGrain 3 36 154.3006 154.5277
Grain 0 0.3255457 -0.8751019 -0.2449556 -0.2611769
Grain 1 0.314916 0.8004833 -0.4898396 0.1418153
Grain 2 0.3562006 0.8371179 -0.2598566 -0.3237736
Grain 3 0.0604038 -0.6763712 -0.3289858 -0.6562331
Guest-0 OptGrain 1 18 159.2992 159.387
Grain 0 0.3255457 -0.8751019 -0.2449556 -0.2611769
Grain 1 0.3230774 0.793389 -0.495574 0.1433918
Grain 2 0.3562006 0.8371179 -0.2598566 -0.3237736
Grain 3 0.06040385 -0.6763712 -0.3289858 -0.656233
Guest-0 ori 174.9821 175.0645
Grain 0 0.3255457 -0.8751019 -0.2449556 -0.2611769
Grain 1 0.3161416 0.7961783 -0.4968064 0.1390618
Grain 2 0.3562006 0.8371179 -0.2598566 -0.3237736
Grain 3 0.06040385 -0.6763712 -0.3289858 -0.656233
Guest-0 OptGrain 1 18 160.8451 160.9298
Grain 0 0.3255457 -0.8751019 -0.2449556 -0.2611769
Grain 1 0.3230774 0.7933891 -0.4955739 0.1433919
Grain 2 0.3562006 0.8371179 -0.2598566 -0.3237736
Grain 3 0.06040385 -0.6763712 -0.3289858 -0.656233
Guest-0 ori 177.8789 183.5955
Grain 0 0.3255457 -0.8751019 -0.2449556 -0.2611769
Grain 1 0.5388075 0.3212608 -0.7786659 0.01254542
Grain 2 0.3562006 0.8371179 -0.2598566 -0.3237736
Grain 3 0.06040385 -0.6763712 -0.3289858 -0.656233
Guest-0 OptGrain 1 360 170.8797 173.0146
Grain 0 0.3255457 -0.8751019 -0.2449556 -0.2611769
Grain 1 0.6651693 0.07972047 -0.6579731 0.3438982
Grain 2 0.3562006 0.8371179 -0.2598566 -0.3237736
Grain 3 0.06040385 -0.6763712 -0.3289858 -0.656233
Guest-0 OptGrain 2 156 177.6202 178.8245
Grain 0 0.3255457 -0.8751019 -0.2449556 -0.2611769
Grain 1 -0.6651691 -0.07972045 0.6579732 -0.3438982
Grain 2 0.4004152 0.8718398 -0.1596614 -0.2325324
Grain 3 0.06040385 -0.6763712 -0.3289858 -0.656233
Guest-0 ori 195.1287 195.1955
Grain 0 0.3255457 -0.8751019 -0.2449556 -0.2611769
Grain 1 -0.6651691 -0.07972045 0.6579732 -0.3438982
Grain 2 0.4017932 0.8697774 -0.1561609 -0.2401318
Grain 3 0.06040385 -0.6763712 -0.3289858 -0.656233
Guest-0 OptGrain 2 18 180.9786 181.0889
Grain 0 0.3255457 -0.8751019 -0.2449556 -0.2611769
Grain 1 -0.6651691 -0.07972045 0.6579732 -0.3438982
Grain 2 0.4004151 0.8718398 -0.1596612 -0.2325325
Grain 3 0.06040385 -0.6763712 -0.3289858 -0.656233
Guest-0 OptGrain 0 48 185.1974 185.5044
Grain 0 0.3332741 -0.8796821 -0.2067745 -0.2689464
Grain 1 -0.6651691 -0.07972045 0.6579732 -0.3438982
Grain 2 0.4004151 0.8718398 -0.1596612 -0.2325325
Grain 3 0.06040385 -0.6763712 -0.3289858 -0.656233
Guest-0 OptGrain 3 18 191.3359 191.4569
Grain 0 0.333274 -0.8796822 -0.2067745 -0.2689464
Grain 1 -0.6651691 -0.07972045 0.6579732 -0.3438982
Grain 2 0.4004151 0.8718398 -0.1596612 -0.2325325
Grain 3 0.07205288 -0.6729718 -0.3291318 -0.6584753
Guest-0 ori 206.8095 206.8757
Grain 0 0.333274 -0.8796822 -0.2067745 -0.2689464
Grain 1 -0.6651691 -0.07972045 0.6579732 -0.3438982
Grain 2 0.4004151 0.8718398 -0.1596612 -0.2325325
Grain 3 0.0663041 -0.6758185 -0.3232465 -0.6590789
Guest-0 OptGrain 3 18 192.6663 192.7683
Grain 0 0.333274 -0.8796822 -0.2067745 -0.2689464
Grain 1 -0.6651691 -0.07972045 0.6579732 -0.3438982
Grain 2 0.4004151 0.8718398 -0.1596612 -0.2325325
Grain 3 0.07205305 -0.672972 -0.3291317 -0.6584752
Guest-0 OptGrain 2 18 197.523 197.6366
Grain 0 0.333274 -0.8796822 -0.2067745 -0.2689464
Grain 1 -0.6651691 -0.07972045 0.6579732 -0.3438982
Grain 2 0.4044123 0.8744935 -0.1444212 -0.2255088
Grain 3 0.07205305 -0.672972 -0.3291317 -0.6584752
Guest-0 ori 217.1012 218.5963
Grain 0 0.333274 -0.8796822 -0.2067745 -0.2689464
Grain 1 -0.6651691 -0.07972045 0.6579732 -0.3438982
Grain 2 0.4676107 0.849578 0.01387164 -0.2436497
Grain 3 0.07205305 -0.672972 -0.3291317 -0.6584752
Guest-0 OptGrain 2 168 206.3256 207.6251
Grain 0 0.333274 -0.8796822 -0.2067745 -0.2689464
Grain 1 -0.6651691 -0.07972045 0.6579732 -0.3438982
Grain 2 0.5786507 0.7884001 0.02439407 -0.2073491
Grain 3 0.07205305 -0.672972 -0.3291317 -0.6584752
Guest-0 ori 1183.389 1183.455
Grain 0 0.333274 -0.8796822 -0.2067745 -0.2689464
Grain 1 -0.6651691 -0.07972045 0.6579732 -0.3438982
Grain 2 0.5786506 0.7884002 0.02439378 -0.2073489
Grain 3 0.07205305 -0.672972 -0.3291317 -0.6584752
