Guest-0 ori 141.7446 143.0037
Grain 0 0 1 0 0
Grain 1 0 1 0 0
Grain 2 0 1 0 0
Grain 3 0.04026005 -0.8874477 -0.3421796 -0.3061515
Guest-0 ori 148.11 149.3856
Grain 0 0 1 0 0
Grain 1 0 1 0 0
Grain 2 0.3552502 -0.8887016 -0.2888563 -0.02384712
Grain 3 0.04026005 -0.8874477 -0.3421796 -0.3061515
Guest-0 OptGrain 2 36 16.52262 16.81017
Grain 0 0 1 0 0
Grain 1 0 1 0 0
Grain 2 0.3656458 -0.8832393 -0.2931773 -0.01544775
Grain 3 0.04026005 -0.8874477 -0.3421796 -0.3061515
Guest-0 ori 155.7012 160.5307
Grain 0 0.07237797 -0.6622958 0.7409938 0.08398805
Grain 1 0 1 0 0
Grain 2 0.3656458 -0.8832393 -0.2931773 -0.01544776
Grain 3 0.04026005 -0.8874477 -0.3421796 -0.3061515
Guest-0 OptGrain 0 312 27.40588 29.85489
Grain 0 -0.2365266 -0.597972 0.7045263 0.3002121
Grain 1 0 1 0 0
Grain 2 0.3656458 -0.8832393 -0.2931773 -0.01544776
Grain 3 0.04026005 -0.8874477 -0.3421796 -0.3061515
Guest-0 ori 168.6702 171.9836
Grain 0 -0.2365265 -0.5979722 0.7045262 0.3002121
Grain 1 -0.01570227 -0.9180865 0.3941517 0.03892344
Grain 2 0.3656458 -0.8832393 -0.2931773 -0.01544776
Grain 3 0.04026005 -0.8874477 -0.3421796 -0.3061515
Guest-0 OptGrain 1 96 39.15593 39.79456
Grain 0 -0.2365265 -0.5979722 0.7045262 0.3002121
Grain 1 -0.1032866 -0.8979791 0.4277256 0.004026087
Grain 2 0.3656458 -0.8832393 -0.2931773 -0.01544776
Grain 3 0.04026005 -0.8874477 -0.3421796 -0.3061515
Guest-0 ori 184.9979 191.7807
Grain 0 -0.2365265 -0.5979722 0.7045262 0.3002121
Grain 1 0.09544642 0.8988463 -0.427674 -0.007758524
Grain 2 0.3656458 -0.8832393 -0.2931773 -0.01544776
Grain 3 0.1873922 -0.6755451 -0.6299013 -0.3342864
Guest-0 OptGrain 3 180 59.2221 60.61541
Grain 0 -0.2365265 -0.5979722 0.7045262 0.3002121
Grain 1 0.09544642 0.8988463 -0.427674 -0.007758524
Grain 2 0.3656458 -0.8832393 -0.2931773 -0.01544776
Grain 3 0.2038257 -0.7413466 -0.4878356 -0.4133724
Guest-0 ori 200.7315 202.8358
Grain 0 -0.2365265 -0.5979722 0.7045262 0.3002121
Grain 1 0.009851018 0.8209727 -0.5706916 0.01475518
Grain 2 0.3656458 -0.8832393 -0.2931773 -0.01544776
Grain 3 0.2038257 -0.7413467 -0.4878356 -0.4133724
Guest-0 OptGrain 1 96 69.82199 70.48109
Grain 0 -0.2365265 -0.5979722 0.7045262 0.3002121
Grain 1 0.02196201 0.8799886 -0.4737561 0.02632288
Grain 2 0.3656458 -0.8832393 -0.2931773 -0.01544776
Grain 3 0.2038257 -0.7413467 -0.4878356 -0.4133724
Guest-0 ori 206.3656 210.4114
Grain 0 -0.2365265 -0.5979722 0.7045262 0.3002121
Grain 1 0.1071017 0.7998193 -0.5812365 0.1047975
Grain 2 0.3656458 -0.8832393 -0.2931773 -0.01544776
Grain 3 0.2038257 -0.7413467 -0.4878356 -0.4133724
Guest-0 OptGrain 1 12 77.55521 77.61958
Grain 0 -0.2365265 -0.5979722 0.7045262 0.3002121
Grain 1 0.1121698 0.8007034 -0.5802798 0.09781387
Grain 2 0.3656458 -0.8832393 -0.2931773 -0.01544776
Grain 3 0.2038257 -0.7413467 -0.4878356 -0.4133724
Guest-0 ori 216.3256 219.5069
Grain 0 -0.2365265 -0.5979722 0.7045262 0.3002121
Grain 1 0.1121698 0.8007033 -0.5802798 0.09781393
Grain 2 0.3328937 -0.8740982 -0.3523303 -0.03158446
Grain 3 0.2038257 -0.7413467 -0.4878356 -0.4133724
Guest-0 OptGrain 2 174 86.57201 88.09934
Grain 0 -0.2365265 -0.5979722 0.7045262 0.3002121
Grain 1 0.1121698 0.8007033 -0.5802798 0.09781393
Grain 2 0.2450285 -0.9285148 -0.2759185 0.04111312
Grain 3 0.2038257 -0.7413467 -0.4878356 -0.4133724
Guest-0 ori 223.3333 224.1277
Grain 0 -0.2365265 -0.5979722 0.7045262 0.3002121
Grain 1 0.1121698 0.8007033 -0.5802798 0.09781393
Grain 2 0.2344658 -0.9136298 -0.3271757 0.0571193
Grain 3 0.2038257 -0.7413467 -0.4878356 -0.4133724
Guest-0 OptGrain 2 54 91.35521 91.7922
Grain 0 -0.2365265 -0.5979722 0.7045262 0.3002121
Grain 1 0.1121698 0.8007033 -0.5802798 0.09781393
Grain 2 0.2445658 -0.9249737 -0.2875886 0.04363574
Grain 3 0.2038257 -0.7413467 -0.4878356 -0.4133724
Guest-0 ori 231.2624 233.9131
Grain 0 -0.2365265 -0.5979722 0.7045262 0.3002121
Grain 1 0.2941218 0.4611905 -0.8249275 0.1424442
Grain 2 0.2445657 -0.9249737 -0.2875886 0.04363573
Grain 3 0.2038257 -0.7413467 -0.4878356 -0.4133724
Guest-0 OptGrain 1 102 100.955 101.6284
Grain 0 -0.2365265 -0.5979722 0.7045262 0.3002121
Grain 1 0.2372694 0.4742577 -0.8244745 0.1975467
Grain 2 0.2445657 -0.9249737 -0.2875886 0.04363573
Grain 3 0.2038257 -0.7413467 -0.4878356 -0.4133724
Guest-0 ori 245.305 246.4974
Grain 0 -0.1978017 -0.7037857 0.6448897 0.2228846
Grain 1 0.2372695 0.4742579 -0.8244743 0.1975467
Grain 2 0.2445657 -0.9249737 -0.2875886 0.04363573
Grain 3 0.2038257 -0.7413467 -0.4878356 -0.4133724
Guest-0 OptGrain 0 12 113.6384 113.7059
Grain 0 -0.2034218 -0.7018139 0.643139 0.2290177
Grain 1 0.2372695 0.4742579 -0.8244743 0.1975467
Grain 2 0.2445657 -0.9249737 -0.2875886 0.04363573
Grain 3 0.2038257 -0.7413467 -0.4878356 -0.4133724
Guest-0 ori 250.8585 254.2921
Grain 0 0.04243519 -0.8207837 0.4811544 0.3049654
Grain 1 0.2372695 0.4742579 -0.8244743 0.1975467
Grain 2 0.2445657 -0.9249737 -0.2875886 0.04363573
Grain 3 0.2038257 -0.7413467 -0.4878356 -0.4133724
Guest-0 OptGrain 0 12 121.2883 121.3535
Grain 0 0.04663238 -0.8234137 0.4807658 0.2977912
Grain 1 0.2372695 0.4742579 -0.8244743 0.1975467
Grain 2 0.2445657 -0.9249737 -0.2875886 0.04363573
Grain 3 0.2038257 -0.7413467 -0.4878356 -0.4133724
Guest-0 ori 264.8813 266.9683
Grain 0 0.04663241 -0.8234137 0.4807658 0.2977911
Grain 1 0.2372695 0.4742579 -0.8244743 0.1975467
Grain 2 0.2445657 -0.9249737 -0.2875886 0.04363573
Grain 3 -0.08415455 -0.7859998 -0.1433102 -0.59547
Guest-0 OptGrain 3 12 133.9546 134.0154
Grain 0 0.04663241 -0.8234137 0.4807658 0.2977911
Grain 1 0.2372695 0.4742579 -0.8244743 0.1975467
Grain 2 0.2445657 -0.9249737 -0.2875886 0.04363573
Grain 3 -0.0910104 -0.7852355 -0.1485011 -0.5941967
Guest-0 ori 270.2499 273.4368
Grain 0 -0.7683714 -0.4105027 0.3724788 -0.3199257
Grain 1 0.2372695 0.4742579 -0.8244743 0.1975467
Grain 2 0.2445657 -0.9249737 -0.2875886 0.04363573
Grain 3 -0.09101042 -0.7852355 -0.1485011 -0.5941967
Guest-0 OptGrain 0 180 140.4047 141.8127
Grain 0 -0.8424559 -0.4199975 0.2830451 -0.1837271
Grain 1 0.2372695 0.4742579 -0.8244743 0.1975467
Grain 2 0.2445657 -0.9249737 -0.2875886 0.04363573
Grain 3 -0.09101042 -0.7852355 -0.1485011 -0.5941967
Guest-0 ori 277.9767 281.6567
Grain 0 0.8322179 0.4098536 -0.3615386 0.09339778
Grain 1 0.2372695 0.4742579 -0.8244743 0.1975467
Grain 2 0.2445657 -0.9249737 -0.2875886 0.04363573
Grain 3 -0.09101042 -0.7852355 -0.1485011 -0.5941967
Guest-0 OptGrain 0 138 148.7381 149.8376
Grain 0 0.8853667 0.315569 -0.311176 0.1403974
Grain 1 0.2372695 0.4742579 -0.8244743 0.1975467
Grain 2 0.2445657 -0.9249737 -0.2875886 0.04363573
Grain 3 -0.09101042 -0.7852355 -0.1485011 -0.5941967
Guest-0 ori 288.8352 290.79
Grain 0 -0.8853668 -0.315569 0.3111759 -0.1403974
Grain 1 0.2372695 0.4742579 -0.8244743 0.1975467
Grain 2 0.2445657 -0.9249737 -0.2875886 0.04363573
Grain 3 0.5031694 0.5142822 -0.3812561 0.5804983
Guest-0 ori 291.4967 291.6126
Grain 0 -0.8853668 -0.315569 0.3111759 -0.1403974
Grain 1 0.2372695 0.4742579 -0.8244743 0.1975467
Grain 2 0.2445657 -0.9249737 -0.2875886 0.04363573
Grain 3 0.5076381 0.5098717 -0.3761759 0.5838032
Guest-0 OptGrain 3 150 157.7545 158.9218
Grain 0 -0.8853668 -0.315569 0.3111759 -0.1403974
Grain 1 0.2372695 0.4742579 -0.8244743 0.1975467
Grain 2 0.2445657 -0.9249737 -0.2875886 0.04363573
Grain 3 0.6046821 0.4755631 -0.3438193 0.538505
Guest-0 ori 299.0688 300.4604
Grain 0 -0.8853668 -0.315569 0.3111759 -0.1403974
Grain 1 0.2372695 0.4742579 -0.8244743 0.1975467
Grain 2 0.5345731 -0.8271474 0.03832976 0.1690849
Grain 3 0.6046821 0.4755631 -0.3438194 0.538505
Guest-0 OptGrain 2 12 167.5711 167.6384
Grain 0 -0.8853668 -0.315569 0.3111759 -0.1403974
Grain 1 0.2372695 0.4742579 -0.8244743 0.1975467
Grain 2 0.5330772 -0.8274503 0.03111017 0.1737434
Grain 3 0.6046821 0.4755631 -0.3438194 0.538505
Guest-0 ori 305.0648 305.131
Grain 0 -0.8853668 -0.315569 0.3111759 -0.1403974
Grain 1 0.2372695 0.4742579 -0.8244743 0.1975467
Grain 2 0.5315406 -0.8276905 0.02388811 0.1783888
Grain 3 0.6046821 0.4755631 -0.3438194 0.538505
Guest-0 OptGrain 2 516 171.2711 175.9468
Grain 0 -0.8853668 -0.315569 0.3111759 -0.1403974
Grain 1 0.2372695 0.4742579 -0.8244743 0.1975467
Grain 2 0.1942015 -0.8668506 0.1890075 0.4184878
Grain 3 0.6046821 0.4755631 -0.3438194 0.538505
Guest-0 ori 315.5075 321.6281
Grain 0 -0.8853668 -0.315569 0.3111759 -0.1403974
Grain 1 -0.009591913 0.9510788 -0.2785307 0.1333335
Grain 2 0.1942015 -0.8668506 0.1890075 0.4184877
Grain 3 0.6046821 0.4755631 -0.3438194 0.538505
Guest-0 OptGrain 1 150 188.8542 189.8568
Grain 0 -0.8853668 -0.315569 0.3111759 -0.1403974
Grain 1 -0.066884 0.9679293 -0.2396985 0.03441166
Grain 2 0.1942015 -0.8668506 0.1890075 0.4184877
Grain 3 0.6046821 0.4755631 -0.3438194 0.538505
Guest-0 Undo 0 0
Grain 1 0.0689732 -0.9675922 0.2391055 -0.04285701
Guest-0 ori 334.4717 336.0471
Grain 0 -0.8853668 -0.315569 0.3111759 -0.1403974
Grain 1 0.2372695 0.4742579 -0.8244743 0.1975467
Grain 2 0.1750332 -0.8587402 0.407535 0.2566008
Grain 3 0.6046821 0.4755631 -0.3438194 0.538505
Guest-0 OptGrain 2 72 203.0545 203.7447
Grain 0 -0.8853668 -0.315569 0.3111759 -0.1403974
Grain 1 0.2372695 0.4742579 -0.8244743 0.1975467
Grain 2 0.1662503 -0.8887295 0.3348892 0.2652734
Grain 3 0.6046821 0.4755631 -0.3438194 0.538505
Guest-0 ori 343.8233 345.4634
Grain 0 -0.8853668 -0.315569 0.3111759 -0.1403974
Grain 1 0.2224708 0.3676864 -0.8785018 0.2086821
Grain 2 0.1662503 -0.8887296 0.3348891 0.2652732
Grain 3 0.6046821 0.4755631 -0.3438194 0.538505
Guest-0 OptGrain 1 72 212.3875 212.87
Grain 0 -0.8853668 -0.315569 0.3111759 -0.1403974
Grain 1 0.274739 0.3615475 -0.855388 0.2492252
Grain 2 0.1662503 -0.8887296 0.3348891 0.2652732
Grain 3 0.6046821 0.4755631 -0.3438194 0.538505
Guest-0 ori 353.8402 356.166
Grain 0 -0.8674377 -0.372192 0.3032225 -0.1306952
Grain 1 0.274739 0.3615475 -0.855388 0.2492252
Grain 2 0.1662503 -0.8887296 0.3348891 0.2652732
Grain 3 0.6046821 0.4755631 -0.3438194 0.538505
Guest-0 OptGrain 0 96 223.5707 224.3029
Grain 0 -0.905234 -0.2808763 0.289964 -0.1325924
Grain 1 0.274739 0.3615475 -0.855388 0.2492252
Grain 2 0.1662503 -0.8887296 0.3348891 0.2652732
Grain 3 0.6046821 0.4755631 -0.3438194 0.538505
Guest-0 ori 363.8421 365.5153
Grain 0 -0.9052341 -0.2808764 0.2899638 -0.1325923
Grain 1 0.274739 0.3615475 -0.855388 0.2492252
Grain 2 0.1662503 -0.8887296 0.3348891 0.2652732
Grain 3 0.6165785 0.4399053 -0.3648819 0.5414569
Guest-0 OptGrain 3 36 233.2371 233.5527
Grain 0 -0.9052341 -0.2808764 0.2899638 -0.1325923
Grain 1 0.274739 0.3615475 -0.855388 0.2492252
Grain 2 0.1662503 -0.8887296 0.3348891 0.2652732
Grain 3 0.6172606 0.4623573 -0.3492996 0.53217
Guest-0 ori 373.0271 374.7706
Grain 0 -0.9052341 -0.2808764 0.2899638 -0.1325923
Grain 1 0.274739 0.3615475 -0.855388 0.2492252
Grain 2 0.155004 -0.8841354 0.3373181 0.2837163
Grain 3 0.6212718 0.4569534 -0.3446425 0.5351977
Guest-0 OptGrain 2 36 242.954 243.2461
Grain 0 -0.9052341 -0.2808764 0.2899638 -0.1325923
Grain 1 0.274739 0.3615475 -0.855388 0.2492252
Grain 2 0.1690163 -0.8905447 0.3394479 0.2512742
Grain 3 0.6212718 0.4569534 -0.3446425 0.5351977
Guest-0 ori 379.5248 381.3015
Grain 0 -0.9052341 -0.2808764 0.2899638 -0.1325923
Grain 1 0.274739 0.3615475 -0.855388 0.2492252
Grain 2 0.1534499 -0.8738977 0.3386649 0.3131487
Grain 3 0.6212718 0.4569534 -0.3446425 0.5351977
Guest-0 OptGrain 2 66 248.3204 248.8732
Grain 0 -0.9052341 -0.2808764 0.2899638 -0.1325923
Grain 1 0.274739 0.3615475 -0.855388 0.2492252
Grain 2 0.1655388 -0.88756 0.3403803 0.2626318
Grain 3 0.6212718 0.4569534 -0.3446425 0.5351977
Guest-0 ori 387.1498 390.4849
Grain 0 -0.9052341 -0.2808764 0.2899638 -0.1325923
Grain 1 0.3056166 0.4002964 -0.8309798 0.2362919
Grain 2 0.1655392 -0.8875599 0.3403803 0.2626318
Grain 3 0.6212718 0.4569534 -0.3446425 0.5351977
Guest-0 OptGrain 1 54 257.637 257.9719
Grain 0 -0.9052341 -0.2808764 0.2899638 -0.1325923
Grain 1 0.2755017 0.3674779 -0.8535063 0.2461421
Grain 2 0.1655392 -0.8875599 0.3403803 0.2626318
Grain 3 0.6212718 0.4569534 -0.3446425 0.5351977
Guest-0 ori 397.4938 400.1952
Grain 0 0.8348805 0.2159516 -0.5043563 0.04432043
Grain 1 0.2755017 0.3674779 -0.8535063 0.246142
Grain 2 0.1655392 -0.8875599 0.3403803 0.2626318
Grain 3 0.6212718 0.4569534 -0.3446425 0.5351977
Guest-0 OptGrain 0 18 267.1203 267.2289
Grain 0 0.8373369 0.2235688 -0.4974357 0.03796792
Grain 1 0.2755017 0.3674779 -0.8535063 0.246142
Grain 2 0.1655392 -0.8875599 0.3403803 0.2626318
Grain 3 0.6212718 0.4569534 -0.3446425 0.5351977
Guest-0 ori 403.5748 404.3871
Grain 0 0.778596 0.3335622 -0.5134774 0.1373516
Grain 1 0.2755017 0.3674779 -0.8535063 0.246142
Grain 2 0.1655392 -0.8875599 0.3403803 0.2626318
Grain 3 0.6212718 0.4569534 -0.3446425 0.5351977
Guest-0 OptGrain 0 84 271.7703 272.399
Grain 0 0.7439698 0.3902946 -0.5361594 0.08192885
Grain 1 0.2755017 0.3674779 -0.8535063 0.246142
Grain 2 0.1655392 -0.8875599 0.3403803 0.2626318
Grain 3 0.6212718 0.4569534 -0.3446425 0.5351977
Guest-0 ori 412.9205 415.4268
Grain 0 0.7439698 0.3902946 -0.5361593 0.08192883
Grain 1 0.2755017 0.3674779 -0.8535063 0.246142
Grain 2 0.1655392 -0.8875599 0.3403803 0.2626318
Grain 3 -0.6087766 -0.3755205 0.39675 -0.5752954
Guest-0 OptGrain 3 12 282.4533 282.5113
Grain 0 0.7439698 0.3902946 -0.5361593 0.08192883
Grain 1 0.2755017 0.3674779 -0.8535063 0.246142
Grain 2 0.1655392 -0.8875599 0.3403803 0.2626318
Grain 3 -0.6137737 -0.3720439 0.4000119 -0.569961
Guest-0 ori 421.0273 421.1106
Grain 0 0.7439698 0.3902946 -0.5361593 0.08192883
Grain 1 0.2755017 0.3674779 -0.8535063 0.246142
Grain 2 0.1655392 -0.8875599 0.3403803 0.2626318
Grain 3 -0.6105037 -0.3773859 0.4049706 -0.5664486
Guest-0 OptGrain 3 48 287.2536 287.6076
Grain 0 0.7439698 0.3902946 -0.5361593 0.08192883
Grain 1 0.2755017 0.3674779 -0.8535063 0.246142
Grain 2 0.1655392 -0.8875599 0.3403803 0.2626318
Grain 3 -0.5896925 -0.3988568 0.4344558 -0.5517465
Guest-0 ori 424.0591 424.1259
Grain 0 0.7439698 0.3902946 -0.5361593 0.08192883
Grain 1 0.2755017 0.3674779 -0.8535063 0.246142
Grain 2 0.1655392 -0.8875599 0.3403803 0.2626318
Grain 3 -0.5934614 -0.4036567 0.4292933 -0.5482447
Guest-0 OptGrain 3 18 290.2702 290.3883
Grain 0 0.7439698 0.3902946 -0.5361593 0.08192883
Grain 1 0.2755017 0.3674779 -0.8535063 0.246142
Grain 2 0.1655392 -0.8875599 0.3403803 0.2626318
Grain 3 -0.5896926 -0.3988571 0.4344558 -0.5517463
Guest-0 ori 427.4077 429.2305
Grain 0 0.7439698 0.3902946 -0.5361593 0.08192883
Grain 1 0.2755017 0.3674779 -0.8535063 0.246142
Grain 2 0.1503725 -0.9048017 0.3090324 0.2514378
Grain 3 -0.5896926 -0.3988571 0.4344558 -0.5517463
Guest-0 OptGrain 2 12 296.2369 296.3073
Grain 0 0.7439698 0.3902946 -0.5361593 0.08192883
Grain 1 0.2755017 0.3674779 -0.8535063 0.246142
Grain 2 0.1582626 -0.903455 0.3068265 0.2541251
Grain 3 -0.5896926 -0.3988571 0.4344558 -0.5517463
Guest-0 ori 432.3777 432.4936
Grain 0 0.7439698 0.3902946 -0.5361593 0.08192883
Grain 1 0.2755017 0.3674779 -0.8535063 0.246142
Grain 2 0.1604742 -0.9007431 0.3146988 0.2527342
Grain 3 -0.5896926 -0.3988571 0.4344558 -0.5517463
Guest-0 OptGrain 2 42 298.637 298.9998
Grain 0 0.7439698 0.3902946 -0.5361593 0.08192883
Grain 1 0.2755017 0.3674779 -0.8535063 0.246142
Grain 2 0.177752 -0.8899539 0.3274506 0.2629877
Grain 3 -0.5896926 -0.3988571 0.4344558 -0.5517463
Guest-0 ori 451.2488 451.3648
Grain 0 0.7439698 0.3902946 -0.5361593 0.08192883
Grain 1 0.2755017 0.3674779 -0.8535063 0.246142
Grain 2 0.1777519 -0.8899539 0.3274506 0.2629876
Grain 3 -0.5896926 -0.3988571 0.4344558 -0.5517463
