0 1 Grain 0 Grain 1  0.000424768120451893 0.00382404639233956 -0.8322384 -0.3771727 0.4063494
0 2 Grain 0 Grain 1  0.00123340686903638 0.00355557096811609 0.8322383 0.3771725 -0.4063502
2 3 Grain 0 Grain 1  0.0010524573130553 0.00251272159528892 0.8322381 0.3771725 -0.4063504
4 5 Grain 0 Grain 5  0.00102566231796079 0.00231197319110404 -0.9664958 0.2303007 -0.1133468
6 7 Grain 0 Grain 3  0.000769676384506305 0.00236152155395286 0.2874281 -0.3315681 0.898581
8 9 Grain 0 Grain 3  0.0010113500147943 0.00203888649354452 -0.2874284 0.3315676 -0.8985811
10 11 Grain 0 Grain 4  0.000527567153075805 0.00117777686337293 -0.5475823 0.7273115 -0.4137289
12 13 Grain 0 Grain 4  0.00062727421099807 0.00161492804719519 0.5475831 -0.727311 0.4137289
8 14 Grain 1 Grain 7  0.000483922725180148 0.0020277775636012 -0.1062816 -0.6713014 -0.7335249
134 15 Grain 1 Grain 7  0.000770747845416495 0.00248833478974413 0.1062823 0.6713021 0.7335242
10 16 Grain 1 Grain 3  0.000724370260585342 0.00203048968075096 0.8380756 -0.04381483 0.5437918
10 17 Grain 1 Grain 3  0.000754554256611333 0.00197185759508858 0.8380756 -0.04381483 0.5437918
134 18 Grain 1 Grain 8  0.000596371324616565 0.00120243152580161 -0.4856186 -0.06683054 -0.8716124
19 20 Grain 1 Grain 4  0.00058189256410661 0.00169757664741162 0.9069007 -0.4023469 0.1250926
134 21 Grain 1 Grain 6  0.000455796350095153 0.00140614501339372 0.4367458 -0.4839782 0.7582995
134 22 Grain 1 Grain 6  0.000586823908379394 0.00178810307944893 -0.4367459 0.4839782 -0.7582996
134 23 Grain 1 Grain 6  0.00070965512010804 0.00234291702205747 0.4367458 -0.4839781 0.7582996
24 25 Grain 1 Grain 9  0.000638691407488391 0.00202946123824064 0.7864221 -0.6142939 -0.06467886
26 27 Grain 1 Grain 9  0.000792195232570361 0.00190202954956708 -0.786422 0.6142941 0.064679
28 29 Grain 2 Grain 3  0.00126236606753764 0.00281919441567991 -0.6758024 -0.4836577 -0.5562071
133 30 Grain 2 Grain 3  0.00108866109043267 0.00268562744576704 -0.6758025 -0.4836576 -0.5562071
133 31 Grain 2 Grain 3  0.000661478121526767 0.00195807444835289 0.6758024 0.4836577 0.5562071
32 33 Grain 2 Grain 8  0.00104520731035085 0.00279080246593752 -0.945331 -0.318418 -0.07042326
34 35 Grain 2 Grain 6  0.000545463785327169 0.000774723385660631 -0.6372128 -0.7706054 -0.01127418
36 37 Grain 2 Grain 6  0.000526130399180445 0.00159577512888127 -0.6372133 -0.770605 -0.01127397
38 39 Grain 3 Grain 8  0.00115596881916496 0.00276030685511406 -0.5808082 0.2225669 0.7830235
38 40 Grain 3 Grain 8  0.00124335616670712 0.00365498839334816 -0.580808 0.2225667 0.7830237
41 42 Grain 3 Grain 4  0.00145089076575757 0.00409128811558225 0.4651451 -0.6850144 -0.5607097
43 44 Grain 3 Grain 4  0.000683351835226324 0.00297263777186574 -0.4651453 0.6850142 0.5607097
10 45 Grain 3 Grain 4  0.00121809669482429 0.00376839396041933 -0.4651451 0.6850142 0.5607098
41 46 Grain 3 Grain 6  0.00143085657552334 0.00399090865466408 0.3227098 0.7487082 -0.5790461
43 47 Grain 3 Grain 5  0.000824808902085014 0.00247036597223831 0.6281217 0.1071682 -0.7706997
43 48 Grain 3 Grain 5  0.000735077639627953 0.00242968942525965 0.6281217 0.1071682 -0.7706997
8 49 Grain 3 Grain 7  0.000612041679478776 0.00180628072473183 -0.7977987 0.6020473 0.03250046
133 50 Grain 4 Grain 9  0.00131598662649844 0.00238861047738182 -0.06585107 -0.8225818 -0.5648212
51 52 Grain 4 Grain 9  0.00106957930594532 0.00156222777998665 -0.06585095 -0.8225819 -0.564821
53 54 Grain 4 Grain 9  0.00129546621895815 0.0016983969674413 -0.06585109 -0.8225818 -0.5648211
133 55 Grain 4 Grain 9  0.0012620038095782 0.00248486866069132 -0.06585109 -0.8225818 -0.5648211
19 56 Grain 4 Grain 9  0.000733572921543194 0.00157298708495719 0.06585111 0.8225818 0.5648211
57 58 Grain 4 Grain 9  0.000937763333234424 0.00185622224963895 0.06585111 0.8225818 0.5648211
43 59 Grain 4 Grain 5  0.00106948313950036 0.00258488156540874 0.3785075 0.7950197 -0.4739999
34 60 Grain 4 Grain 6  0.00112369678054885 0.00151449479961077 0.5583053 0.1252875 -0.8201209
34 61 Grain 4 Grain 6  0.00147455392031845 0.00326606669902148 0.5583053 0.1252875 -0.8201209
41 62 Grain 4 Grain 6  0.00151467249955212 0.00173900554363911 -0.5583054 -0.1252873 0.8201208
36 63 Grain 6 Grain 8  0.00123425375569159 0.00379608794439107 0.06596799 -0.9952811 0.07115872
64 65 Grain 6 Grain 8  0.00137214470307345 0.00244099061239383 0.06596791 -0.9952813 0.0711588
38 66 Grain 7 Grain 8  0.00100099633250405 0.00289542156719262 0.6047122 -0.609114 0.5131308
38 67 Grain 7 Grain 8  0.00106358794558099 0.00305179706680577 0.6047122 -0.609114 0.5131308
19 68 Grain 0 Grain 1  0.001285070326215 0.00381495671415802 -0.8322384 -0.3771727 0.4063494
69 20 Grain 1 Grain 4  0.0011409871813347 0.000529121799383651 0.9069007 -0.4023469 0.1250926
21 22 Grain 1 Grain 6  0.000937430008929145 0.000529121799383651 -0.4367459 0.4839782 -0.7582996
70 62 Grain 4 Grain 6  0.00113575030158195 0.000529121799383651 -0.5583054 -0.1252873 0.8201208
133 44 Grain 3 Grain 4  0.00116680850197653 0.00297263777186574 -0.4651453 0.6850142 0.5607097
133 44 Grain 3 Grain 4  0.00099087925728858 0.00211214327793768 -0.4651453 0.6850142 0.5607097
45 71 Grain 3 Grain 4  0.000986861089544907 0.00297263777186574 -0.4651451 0.6850145 0.5607096
72 73 Grain 0 Grain 9  0.000333115659468679 0.000291448794159315 0.431431 -0.8901752 0.1464767
69 74 Grain 1 Grain 9  0.00109812021656483 0.000291448794159315 0.7864221 -0.6142939 -0.06467886
68 24 Grain 0 Grain 1  0.000194299196106209 0.00382404639233956 -0.8322384 -0.3771727 0.4063494
56 58 Grain 4 Grain 9  0.000984499166958282 0.00176537569126791 0.06585111 0.8225818 0.5648211
75 69 Grain 1 Grain 4  0.000659231534605764 0.00169757664741162 0.9069007 -0.4023469 0.1250926
19 74 Grain 1 Grain 9  0.000638691407488392 0.00165276950476394 0.7864221 -0.6142939 -0.06467886
44 133 Grain 3 Grain 4  0.000627440218312896 0.00240064147940252 -0.4651453 0.6850142 0.5607097
19 1 Grain 0 Grain 1  0.00120743610480102 0.00382404639233956 -0.8322384 -0.3771727 0.4063494
68 1 Grain 0 Grain 1  0.00254936426155971 0.000291448794159315 -0.8322384 -0.3771727 0.4063494
10 1 Grain 0 Grain 1  0.00127468213077985 0.00355551965668341 0.8322383 0.3771725 -0.4063502
76 21 Grain 1 Grain 6  0.000573954654215404 0.000781414637131451 0.4367458 -0.4839782 0.7582995
44 77 Grain 3 Grain 4  0.00160042765293501 0.000941160327469344 -0.4651453 0.6850142 0.5607097
48 133 Grain 3 Grain 5  0.000140082671350019 0.00240064147940252 0.6281217 0.1071682 -0.7706998
59 133 Grain 4 Grain 5  0.0016632329944571 0.00240064147940252 0.3785075 0.7950197 -0.4739999
10 2 Grain 0 Grain 1  0.000662975591762587 0.00355557096811609 0.8322383 0.3771725 -0.4063502
1 2 Grain 0 Grain 1  0.00237038064541073 0.000995208777394816 0.8322383 0.3771725 -0.4063502
78 2 Grain 0 Grain 1  0.000856757374386952 0.00312152374229068 0.8322383 0.3771725 -0.4063502
27 79 Grain 1 Grain 9  0.00102718710200445 0.000860931981323107 -0.786422 0.6142941 0.06467903
70 80 Grain 6 Grain 9  0.00113930271510052 0.000860931981323107 0.4375256 -0.1901868 -0.878863
81 21 Grain 1 Grain 6  0.000468715004464573 0.000852280249967341 0.4367458 -0.4839782 0.7582995
133 45 Grain 3 Grain 4  0.000901328398452161 0.00376839396041933 -0.4651451 0.6850145 0.5607096
82 42 Grain 3 Grain 4  0.000927321947798888 0.00376839396041933 -0.4651451 0.6850142 0.5607098
44 45 Grain 3 Grain 4  0.00198175851457716 0.00148029163431736 -0.4651451 0.6850145 0.5607096
11 72 Grain 0 Grain 4  0.000332965652599955 0.000995208777394816 -0.5475823 0.7273115 -0.4137289
82 20 Grain 1 Grain 4  0.000979952346572906 0.000995208777394816 -0.9069006 0.402347 -0.1250925
1 83 Grain 0 Grain 1  0.00066347251826321 0.00355557096811609 0.8322383 0.3771725 -0.4063502
57 21 Grain 1 Grain 6  0.00029796696834813 0.00140614501339372 0.4367458 -0.4839782 0.7582995
84 21 Grain 1 Grain 6  0.000520943091420968 0.000860931981323107 0.4367458 -0.4839782 0.7582995
57 22 Grain 1 Grain 6  0.00059603435981631 0.00114765619059685 -0.4367459 0.4839782 -0.7582996
36 46 Grain 3 Grain 6  0.00143085657552334 0.00399090865466408 0.3227099 0.7487082 -0.5790462
64 46 Grain 3 Grain 6  0.00133030288488803 0.00368017909715072 0.3227098 0.7487082 -0.5790461
85 86 Grain 3 Grain 6  0.00163717881938645 0.00399090865466408 0.3227099 0.7487082 -0.5790462
2 87 Grain 0 Grain 1  0.000737563595529998 0.00315737193916589 0.8322383 0.3771725 -0.4063502
41 22 Grain 1 Grain 6  0.000694949758086314 0.00178810307944893 -0.4367459 0.4839782 -0.7582996
75 22 Grain 1 Grain 6  0.000352747866255768 0.00140614501339372 -0.4367459 0.4839782 -0.7582996
23 88 Grain 1 Grain 6  0.000904804320347744 0.00178810307944893 0.4367458 -0.4839781 0.7582996
89 47 Grain 3 Grain 5  0.000824808902085014 0.00247036597223831 0.6281217 0.1071682 -0.7706997
90 47 Grain 3 Grain 5  0.000823455324079435 0.00200653851950241 -0.628122 -0.107168 0.7706996
48 91 Grain 3 Grain 5  0.00124390789768455 0.00247036597223831 0.6281217 0.1071682 -0.7706997
10 92 Grain 0 Grain 1  0.000856757374386952 0.00315737193916589 0.8322383 0.3771725 -0.4063502
8 92 Grain 0 Grain 1  0.0010524573130553 0.00185474419589121 0.8322381 0.3771725 -0.4063504
2 92 Grain 0 Grain 1  0.00166750315316343 0.001106345393295 0.8322383 0.3771725 -0.4063502
64 23 Grain 1 Grain 6  0.00070965512010804 0.00234291702205747 0.4367458 -0.4839781 0.7582996
22 23 Grain 1 Grain 6  0.00119206871963262 0.00135720648052162 0.4367458 -0.4839781 0.7582996
134 93 Grain 1 Grain 6  0.000930014619482493 0.00234291702205747 0.4367453 -0.483978 0.7582998
47 94 Grain 3 Grain 5  0.00049689583999025 0.00212342061612173 -0.628122 -0.107168 0.7706996
92 3 Grain 0 Grain 1  0.000967907692352945 0.00198256084942662 0.8322381 0.3771725 -0.4063504
95 96 Grain 0 Grain 7  0.00100551007060836 0.00166552972820449 -0.480995 0.2599748 0.8372914
14 97 Grain 1 Grain 7  0.000409314015194381 0.00166552972820449 -0.1062816 -0.6713014 -0.7335249
23 134 Grain 1 Grain 6  0.00153826797241238 0.000992590894956742 0.4367453 -0.483978 0.7582998
133 48 Grain 3 Grain 5  0.000735077639627953 0.00242968942525965 0.6281217 0.1071682 -0.7706997
47 48 Grain 3 Grain 5  0.00148703109525121 0.00202752168319523 0.6281217 0.1071682 -0.7706997
77 48 Grain 3 Grain 5  0.00160042765293501 0.000210124007025028 0.6281217 0.1071682 -0.7706998
9 71 Grain 0 Grain 3  0.000986919753053084 0.00198256084942662 -0.2874284 0.3315676 -0.8985811
98 16 Grain 1 Grain 3  0.000845167494099361 0.00198256084942662 -0.8380755 0.0438149 -0.5437918
92 99 Grain 0 Grain 1  0.00132170723295108 0.00166552972820449 0.8322381 0.3771725 -0.4063504
69 27 Grain 1 Grain 9  0.000638691407488391 0.00202946123824064 0.7864221 -0.6142939 -0.06467886
24 74 Grain 1 Grain 9  0.000733292032636132 0.00176537569126791 -0.786422 0.6142941 0.064679
25 27 Grain 1 Grain 9  0.00109035182727169 0.00191607422246518 -0.786422 0.6142941 0.064679
133 48 Grain 3 Grain 5  0.000809896475086551 0.00238978503608458 0.6281217 0.1071682 -0.7706998
43 100 Grain 0 Grain 5  0.000885626568769154 0.00252188560471901 -0.9664958 0.2303007 -0.1133468
74 25 Grain 1 Grain 9  0.00109401409984417 0.00190202954956708 -0.786422 0.6142941 0.064679
101 49 Grain 3 Grain 7  0.000740372516826613 0.00180628072473183 -0.7977987 0.6020473 0.03250055
98 102 Grain 3 Grain 7  0.000685329389117488 0.00180628072473183 -0.7977987 0.6020473 0.03250046
6 49 Grain 3 Grain 7  0.000602093574910611 0.00160336418430395 -0.7977987 0.6020473 0.03250055
71 13 Grain 0 Grain 4  0.000956514127696115 0.00116800614388577 0.5475831 -0.727311 0.4137289
59 103 Grain 4 Grain 5  0.00138953996606292 0.00116800614388577 0.3785075 0.7950196 -0.474
100 104 Grain 0 Grain 5  0.000778670762590513 0.00231197319110404 -0.9664958 0.2303007 -0.1133468
57 27 Grain 1 Grain 9  0.000772235951063646 0.00190202954956708 -0.786422 0.6142941 0.06467903
76 27 Grain 1 Grain 9  0.000573954654215404 0.00154078065300668 -0.786422 0.6142941 0.06467903
74 27 Grain 1 Grain 9  0.000730928255417784 0.0018888768589105 0.7864221 -0.6142939 -0.06467886
49 105 Grain 3 Grain 7  0.000674921642328346 0.00137542543586922 -0.7977987 0.6020473 0.03250055
43 5 Grain 0 Grain 5  0.00089761503432013 0.00231197319110404 -0.9664958 0.2303007 -0.1133468
100 5 Grain 0 Grain 5  0.00154131546073603 0.00116800614388577 -0.9664958 0.2303007 -0.1133468
106 107 Grain 0 Grain 5  0.000997590166036215 0.00231197319110404 0.9664958 -0.2303008 0.1133466
81 27 Grain 1 Grain 9  0.000634009849855694 0.0016163852841643 -0.786422 0.6142941 0.06467903
50 52 Grain 4 Grain 9  0.000966251792228153 0.00280878061880658 -0.06585095 -0.8225819 -0.564821
5 106 Grain 0 Grain 5  0.00112869590553723 0.00212342061612173 0.9664958 -0.2303008 0.1133466
91 29 Grain 2 Grain 3  0.00135168112213015 0.00177343175835055 -0.6758024 -0.4836577 -0.5562071
108 50 Grain 4 Grain 9  0.00131598662649844 0.00238861047738182 -0.06585107 -0.8225818 -0.5648212
55 133 Grain 4 Grain 9  0.00151631529964194 0.00238861047738182 -0.06585107 -0.8225818 -0.5648212
109 50 Grain 4 Grain 9  0.00165827425415438 0.00156222777998665 -0.06585095 -0.8225819 -0.564821
110 7 Grain 0 Grain 3  0.00104257861517994 0.00212342061612173 0.2874286 -0.3315679 0.8985809
47 107 Grain 3 Grain 5  0.00141561374408115 0.000745343759985375 -0.628122 -0.107168 0.7706996
5 107 Grain 0 Grain 5  0.00137704344183525 0.00162543302919433 0.9664958 -0.2303008 0.1133466
133 91 Grain 2 Grain 5  0.000675840561065077 0.00202438980306409 0.007555652 -0.2534386 -0.967322
47 91 Grain 3 Grain 5  0.00127033301504504 0.00242968942525965 0.6281217 0.1071682 -0.7706997
89 29 Grain 2 Grain 3  0.000939731471893302 0.00256202099938808 -0.6758024 -0.4836577 -0.5562071
108 52 Grain 4 Grain 9  0.00106957930594532 0.00156222777998665 -0.06585095 -0.8225819 -0.564821
109 52 Grain 4 Grain 9  0.00128901979941835 0.00238861047738182 -0.06585095 -0.8225819 -0.564821
56 72 Grain 4 Grain 9  0.000578015634974344 0.00156222777998665 0.0658515 0.8225821 0.5648208
107 110 Grain 0 Grain 3  0.000854993483343271 0.00236152155395286 0.2874286 -0.3315679 0.8985809
133 29 Grain 2 Grain 3  0.00126236606753764 0.00281919441567991 -0.6758024 -0.4836577 -0.5562071
111 29 Grain 2 Grain 3  0.00118228783890036 0.00202752168319523 -0.6758024 -0.4836577 -0.5562071
30 112 Grain 2 Grain 3  0.00167079583991544 0.00281919441567991 -0.6758024 -0.4836577 -0.5562072
54 55 Grain 4 Grain 9  0.00115734513653386 0.00246236048422487 -0.06585109 -0.8225818 -0.5648211
43 7 Grain 0 Grain 3  0.000769676384506305 0.00236152155395286 0.2874286 -0.3315679 0.8985809
95 9 Grain 0 Grain 3  0.000851203231810688 0.00236152155395286 0.2874281 -0.3315681 0.898581
107 7 Grain 0 Grain 3  0.00143768173958675 0.00125261297551908 0.2874286 -0.3315679 0.8985809
36 30 Grain 2 Grain 3  0.00108866109043267 0.00268562744576704 -0.6758025 -0.4836576 -0.5562071
133 30 Grain 2 Grain 3  0.000895209148589015 0.00165146968138365 -0.6758025 -0.4836576 -0.5562071
29 30 Grain 2 Grain 3  0.00152743633213079 0.00305341581238087 -0.6758024 -0.4836577 -0.5562072
108 54 Grain 4 Grain 9  0.00129546621895815 0.0016983969674413 0.06585111 0.8225818 0.564821
58 70 Grain 4 Grain 9  0.00104603047894594 0.0016983969674413 0.06585111 0.8225818 0.564821
113 54 Grain 4 Grain 9  0.00114119676780737 0.00248486866069132 -0.06585109 -0.8225818 -0.5648211
7 95 Grain 0 Grain 3  0.00109443543159027 0.00203888649354452 0.2874281 -0.3315681 0.898581
49 95 Grain 3 Grain 7  0.000916950290579479 0.00101238246349252 -0.7977987 0.6020473 0.03250055
3 95 Grain 0 Grain 7  0.000766423297806166 0.00201120033004104 -0.480995 0.2599748 0.8372914
29 112 Grain 2 Grain 3  0.00174259754313111 0.00268562744576704 -0.6758024 -0.4836577 -0.5562072
114 33 Grain 2 Grain 8  0.00110841058638038 0.00305341581238087 -0.9453309 -0.3184178 -0.07042448
39 40 Grain 3 Grain 8  0.00190418019853693 0.00305341581238087 0.5808081 -0.2225666 -0.7830237
108 55 Grain 4 Grain 9  0.0012620038095782 0.00248486866069132 -0.06585109 -0.8225818 -0.5648211
113 55 Grain 4 Grain 9  0.00154887165278837 0.0016983969674413 -0.06585109 -0.8225818 -0.5648211
50 55 Grain 4 Grain 9  0.00136363290946436 0.00265039848723172 -0.06585107 -0.8225818 -0.5648212
43 9 Grain 0 Grain 3  0.0010113500147943 0.00203888649354452 0.2874281 -0.3315681 0.898581
99 9 Grain 0 Grain 3  0.00124650391040279 0.00148029163431736 -0.2874284 0.3315676 -0.8985811
7 9 Grain 0 Grain 3  0.00139745360634773 0.00137542543586922 0.2874281 -0.3315681 0.898581
30 133 Grain 2 Grain 3  0.000710529660871483 0.00195807444835289 -0.6758025 -0.4836576 -0.5562071
50 133 Grain 4 Grain 9  0.00146384471120368 0.00248486866069132 -0.06585107 -0.8225818 -0.5648212
43 45 Grain 3 Grain 4  0.00125613132013978 0.00280265664143521 -0.4651451 0.6850145 0.5607096
99 71 Grain 0 Grain 3  0.000947896123883488 0.00203888649354452 -0.2874284 0.3315676 -0.8985811
104 71 Grain 0 Grain 4  0.000707343288647511 0.00161492804719519 0.5475831 -0.727311 0.4137289
36 31 Grain 2 Grain 3  0.000810977727475085 0.00195807444835289 0.6758024 0.4836577 0.5562071
85 115 Grain 2 Grain 3  0.000686996107522354 0.00195807444835289 0.6758024 0.4836577 0.5562071
30 31 Grain 2 Grain 3  0.0013053829655686 0.00106579449130722 -0.6758025 -0.4836576 -0.5562071
108 56 Grain 4 Grain 9  0.000733572921543194 0.00157298708495719 0.06585111 0.8225818 0.5648211
69 56 Grain 4 Grain 9  0.00092712928269464 0.00185622224963895 0.06585111 0.8225818 0.5648211
52 56 Grain 4 Grain 9  0.00103173205118237 0.000499448478899933 0.0658515 0.8225821 0.5648208
3 96 Grain 0 Grain 7  0.00114241639404982 0.00137542543586922 -0.480995 0.2599748 0.8372914
35 37 Grain 2 Grain 6  0.000678416331032616 0.00146668016574344 -0.6372133 -0.770605 -0.01127397
46 85 Grain 3 Grain 6  0.00142528300389199 0.00422777960947178 0.3227099 0.7487082 -0.5790462
31 85 Grain 2 Grain 3  0.00105833721840838 0.00137466850438204 0.6758024 0.4836577 0.5562071
108 58 Grain 4 Grain 9  0.000937763333234424 0.00185622224963895 0.06585111 0.8225818 0.564821
69 58 Grain 4 Grain 9  0.00108780800865811 0.00157298708495719 0.06585111 0.8225818 0.5648211
54 58 Grain 4 Grain 9  0.00104028321868546 0.00170895407265078 0.06585111 0.8225818 0.564821
51 11 Grain 0 Grain 4  0.000527567153075805 0.00117777686337293 0.5475831 -0.727311 0.4137289
83 11 Grain 0 Grain 4  0.000663472518263212 0.000499448478899933 -0.5475823 0.7273115 -0.4137289
13 116 Grain 0 Grain 4  0.000847818334635256 0.00117777686337293 0.5475831 -0.727311 0.4137289
31 115 Grain 2 Grain 3  0.00101633258860144 0.00146668016574344 0.6758024 0.4836577 0.5562071
117 133 Grain 2 Grain 4  0.000150833551836427 0.00137466850438204 0.2074519 0.7007029 0.6826266
42 86 Grain 3 Grain 4  0.00273527988096688 0.00137466850438204 0.4651451 -0.6850144 -0.5607097
54 70 Grain 4 Grain 9  0.0009524583118805 0.00185622224963895 0.06585111 0.8225818 0.564821
75 70 Grain 4 Grain 6  0.000612540023292609 0.00173900554363911 -0.5583054 -0.1252873 0.8201208
57 80 Grain 6 Grain 9  0.000698937570915842 0.00171079871564412 0.4375256 -0.1901868 -0.878863
52 72 Grain 4 Grain 9  0.000568205798968497 0.00157298708495719 0.0658515 0.8225821 0.5648208
24 72 Grain 0 Grain 9  0.000204508287532998 0.000540712130766121 0.431431 -0.8901752 0.1464767
19 11 Grain 0 Grain 4  0.000392592287790975 0.0010452847685974 -0.5475823 0.7273115 -0.4137289
112 114 Grain 2 Grain 8  0.00131915273356485 0.00279080246593752 -0.9453309 -0.3184178 -0.07042448
133 59 Grain 4 Grain 5  0.00106948313950036 0.00258488156540874 0.3785075 0.7950197 -0.4739999
77 59 Grain 4 Grain 5  0.00134333372283631 0.0029408289684122 0.3785075 0.7950197 -0.4739999
104 59 Grain 4 Grain 5  0.000778670762590513 0.00208430994909438 0.3785075 0.7950196 -0.474
10 13 Grain 0 Grain 4  0.00062727421099807 0.00161492804719519 0.5475831 -0.727311 0.4137289
11 13 Grain 0 Grain 4  0.000860886727885923 0.00114898574872679 0.5475831 -0.727311 0.4137289
104 13 Grain 0 Grain 4  0.00079952753944058 0.00148029163431736 0.5475831 -0.727311 0.4137289
36 33 Grain 2 Grain 8  0.00104520731035085 0.00279080246593752 -0.945331 -0.318418 -0.07042326
118 33 Grain 2 Grain 8  0.000930267488645841 0.00275148009308571 -0.945331 -0.318418 -0.07042326
112 33 Grain 2 Grain 8  0.00188037154338636 0.00154973506889603 -0.9453309 -0.3184178 -0.07042448
12 59 Grain 4 Grain 5  0.000861627188469579 0.00217613416978539 0.3785075 0.7950196 -0.474
11 116 Grain 0 Grain 4  0.000558436366983743 0.00161492804719519 0.5475831 -0.727311 0.4137289
37 119 Grain 2 Grain 6  0.00106491404743192 0.000214675496592369 -0.6372133 -0.770605 -0.0112733
63 120 Grain 6 Grain 8  0.00251364351510538 0.000214675496592369 0.06596799 -0.9952811 0.07115872
33 121 Grain 2 Grain 8  0.000143116997728246 0.00276288345473127 -0.945331 -0.318418 -0.07042326
77 133 Grain 4 Grain 5  0.00156849171573524 0.00258488156540874 0.3785075 0.7950197 -0.4739999
24 73 Grain 0 Grain 9  0.000236918934301179 0.000499448478899933 0.431431 -0.8901752 0.1464767
33 122 Grain 2 Grain 8  0.00184192230315418 0.000214675496592369 -0.945331 -0.318418 -0.07042326
133 60 Grain 4 Grain 6  0.00112369678054885 0.00151449479961077 0.5583053 0.1252875 -0.8201209
123 61 Grain 4 Grain 6  0.00201519074173671 0.00151449479961077 0.5583053 0.1252875 -0.8201209
133 60 Grain 4 Grain 6  0.000504831599870257 0.00127959523096528 0.558305 0.1252875 -0.820121
134 14 Grain 1 Grain 7  0.000783710266513679 0.0020277775636012 0.1062824 0.6713021 0.7335241
15 98 Grain 1 Grain 7  0.000685329389117488 0.0020277775636012 0.1062824 0.6713021 0.7335241
3 14 Grain 1 Grain 7  0.00111035315213633 0.000613971022791572 -0.1062816 -0.6713014 -0.7335249
91 124 Grain 2 Grain 5  0.000585098826960662 0.00182598814107298 0.007555652 -0.2534386 -0.967322
60 123 Grain 4 Grain 6  0.001126866450581 0.00326606669902148 0.5583053 0.1252875 -0.8201209
78 14 Grain 1 Grain 7  0.000675925854533733 0.00147987078397978 -0.1062816 -0.6713014 -0.7335249
91 133 Grain 2 Grain 5  0.00121732542738199 0.000877648240440993 0.007555652 -0.2534386 -0.967322
53 61 Grain 4 Grain 6  0.000995855973449903 0.00326606669902148 0.5583053 0.1252875 -0.8201209
60 61 Grain 4 Grain 6  0.00138112856547451 0.00295873745568665 0.5583053 0.1252875 -0.8201209
62 86 Grain 4 Grain 6  0.00115933702909274 0.00326606669902148 0.5583054 0.1252873 -0.8201209
38 15 Grain 1 Grain 7  0.000884316617669096 0.00248833478974413 0.1062824 0.6713021 0.7335241
134 125 Grain 1 Grain 7  0.000896138347467166 0.00248833478974413 0.1062823 0.6713021 0.7335242
14 15 Grain 1 Grain 7  0.00135185170906746 0.00102799408367623 0.1062824 0.6713021 0.7335241
35 133 Grain 2 Grain 6  0.000437378109875192 0.000226250327754641 -0.6372128 -0.7706054 -0.01127418
60 117 Grain 4 Grain 6  0.000150833551836427 0.00138359676776491 0.558305 0.1252875 -0.820121
34 133 Grain 2 Grain 4  0.000507134810891224 0.00125185221481569 0.2074519 0.7007029 0.6826266
60 133 Grain 4 Grain 6  0.000922397845176605 0.000226250327754641 0.558305 0.1252875 -0.820121
8 15 Grain 1 Grain 7  0.000829444929914711 0.00203604944468068 0.1062824 0.6713021 0.7335241
99 98 Grain 1 Grain 3  0.000806346380759048 0.00203048968075096 -0.8380755 0.0438149 -0.5437918
8 102 Grain 3 Grain 7  0.00074643992328318 0.00190375701012056 -0.7977987 0.6020473 0.03250046
115 133 Grain 2 Grain 4  0.000916445669588024 0.000226250327754641 0.2074519 0.7007029 0.6826266
53 62 Grain 4 Grain 6  0.00123938839850987 0.00173900554363911 -0.5583054 -0.1252873 0.8201208
75 62 Grain 4 Grain 6  0.00064011251583447 0.00170895407265078 -0.5583054 -0.1252873 0.8201208
53 86 Grain 4 Grain 6  0.00140925986982393 0.0030835926287796 0.5583054 0.1252873 -0.8201209
15 134 Grain 1 Grain 7  0.00165888985982942 0.00134420752120075 0.1062823 0.6713021 0.7335242
133 35 Grain 2 Grain 6  0.000545463785327169 0.000774723385660631 -0.6372128 -0.7706054 -0.01127418
117 35 Grain 2 Grain 6  0.000150833551836427 0.000656067164812789 -0.6372128 -0.7706054 -0.01127418
85 35 Grain 2 Grain 6  0.000573119708631171 0.00159577512888127 -0.6372133 -0.770605 -0.01127397
134 63 Grain 6 Grain 8  0.00123425375569159 0.00379608794439107 0.06596799 -0.9952811 0.07115872
65 126 Grain 6 Grain 8  0.00160878276530482 0.00379608794439107 0.06596799 -0.9952812 0.07115882
121 63 Grain 6 Grain 8  0.000143116997728246 0.00377046527265808 0.06596799 -0.9952811 0.07115872
127 18 Grain 1 Grain 8  0.000692764388168039 0.00134420752120075 -0.4856186 -0.06683054 -0.8716124
66 134 Grain 7 Grain 8  0.00161444028493113 0.00134420752120075 0.6047121 -0.6091141 0.5131309
38 134 Grain 1 Grain 7  0.00101992053860587 0.00257590112895981 0.1062823 0.6713021 0.7335242
133 37 Grain 2 Grain 6  0.000526130399180445 0.00159577512888127 -0.6372133 -0.770605 -0.01127397
85 37 Grain 2 Grain 6  0.000988551219197568 0.000774723385660631 -0.6372133 -0.770605 -0.01127397
121 37 Grain 2 Grain 6  0.000538045274968531 0.00160615478716803 -0.6372133 -0.770605 -0.0112733
134 65 Grain 6 Grain 8  0.00137214470307345 0.00244099061239383 0.06596799 -0.9952812 0.07115882
134 65 Grain 6 Grain 8  0.000813663537464611 0.00157861219498358 0.06596791 -0.9952813 0.0711588
63 65 Grain 6 Grain 8  0.00175891102974328 0.00359075557615928 0.06596799 -0.9952812 0.07115882
38 16 Grain 1 Grain 3  0.000724370260585342 0.00203048968075096 0.8380756 -0.04381483 0.5437918
127 17 Grain 1 Grain 3  0.000874837737092806 0.00203048968075096 0.8380756 -0.04381483 0.5437918
99 16 Grain 1 Grain 3  0.00129314860770813 0.00102799408367623 -0.8380755 0.0438149 -0.5437918
121 119 Grain 2 Grain 6  0.000548243587022721 0.00159577512888127 -0.6372133 -0.770605 -0.0112733
118 63 Grain 6 Grain 8  0.00126536264813036 0.00375695411214513 0.06596799 -0.9952811 0.07115872
40 126 Grain 3 Grain 8  0.00237785325525779 0.00127171403805927 -0.580808 0.2225667 0.7830237
125 127 Grain 1 Grain 8  0.000774773037379892 0.00120243152580161 -0.4856186 -0.06683054 -0.8716124
16 127 Grain 1 Grain 3  0.00091845688831006 0.00197185759508858 0.8380756 -0.04381483 0.5437918
133 35 Grain 2 Grain 6  0.000258241128553544 0.000602519997028875 -0.6372128 -0.7706054 -0.01127418
65 134 Grain 6 Grain 8  0.00119999798726161 0.000992590894956742 0.06596791 -0.9952813 0.0711588
64 17 Grain 1 Grain 3  0.000754554256611333 0.00197185759508858 0.8380756 -0.04381483 0.5437918
16 17 Grain 1 Grain 3  0.00126512910378929 0.00127171403805927 0.8380756 -0.04381483 0.5437918
41 17 Grain 1 Grain 3  0.000657285865029528 0.00191454001346122 -0.8380756 0.04381543 -0.5437918
28 39 Grain 3 Grain 8  0.00115596881916496 0.00276030685511406 -0.5808082 0.2225669 0.7830235
101 39 Grain 3 Grain 8  0.000920102285038021 0.00188037275242064 -0.5808082 0.2225669 0.7830235
112 39 Grain 3 Grain 8  0.00151020027957533 0.00365498839334816 0.5808081 -0.2225666 -0.7830237
76 80 Grain 6 Grain 9  0.000573954654215404 0.00170895407265078 0.4375256 -0.1901868 -0.878863
17 82 Grain 1 Grain 3  0.000927321947798888 0.00135720648052162 -0.8380756 0.04381543 -0.5437918
83 82 Grain 1 Grain 4  0.000574338414011476 0.00169757664741162 -0.9069006 0.402347 -0.1250925
10 42 Grain 3 Grain 4  0.00136376270519408 0.00394114382052446 -0.4651451 0.6850142 0.5607098
39 128 Grain 3 Grain 8  0.000500219853699381 0.00223931976984954 -0.5808082 0.2225669 0.7830235
134 66 Grain 7 Grain 8  0.00100099633250405 0.00289542156719262 0.6047122 -0.609114 0.5131308
67 129 Grain 7 Grain 8  0.0011643188410173 0.00289542156719262 0.6047122 -0.609114 0.5131308
125 66 Grain 7 Grain 8  0.000896138347467166 0.00242166042739669 0.6047121 -0.6091141 0.5131309
46 88 Grain 3 Grain 6  0.000904804320347744 0.00359075557615928 0.3227098 0.7487082 -0.5790461
41 23 Grain 1 Grain 6  0.000780972340685822 0.00214228474642439 0.4367458 -0.4839781 0.7582996
17 88 Grain 1 Grain 3  0.000904804320347744 0.00139098292169833 -0.8380756 0.04381543 -0.5437918
39 102 Grain 3 Grain 8  0.00149287984656636 0.000750329780549073 -0.5808082 0.2225669 0.7830235
67 130 Grain 7 Grain 8  0.00174066430531138 0.00223931976984954 0.604712 -0.6091141 0.5131309
49 102 Grain 3 Grain 7  0.00120418714982122 0.00102799408367623 -0.7977987 0.6020473 0.03250046
134 66 Grain 7 Grain 8  0.000965140522397541 0.00263802959035327 0.6047121 -0.6091141 0.5131309
64 18 Grain 1 Grain 8  0.000596371324616566 0.00120243152580161 -0.4856186 -0.06683054 -0.8716124
125 18 Grain 1 Grain 8  0.000736976878424545 0.00127171403805927 -0.4856186 -0.06683054 -0.8716124
134 93 Grain 1 Grain 8  0.000424646174035791 0.00120243152580161 0.4856184 0.0668302 0.8716126
36 40 Grain 3 Grain 8  0.00124335616670712 0.00365498839334816 -0.580808 0.2225667 0.7830237
127 40 Grain 3 Grain 8  0.00137674607892404 0.00359075557615928 -0.580808 0.2225667 0.7830237
112 40 Grain 3 Grain 8  0.00204790631901692 0.00276030685511406 0.5808081 -0.2225666 -0.7830237
131 67 Grain 7 Grain 8  0.00106358794558099 0.00305179706680577 0.604712 -0.6091141 0.5131309
66 67 Grain 7 Grain 8  0.00195548295974205 0.000989262515656578 0.6047122 -0.609114 0.5131308
102 67 Grain 7 Grain 8  0.00155733463724683 0.00261312383669207 0.604712 -0.6091141 0.5131309
18 134 Grain 1 Grain 8  0.000577805621543053 0.000992590894956742 0.4856184 0.0668302 0.8716126
63 126 Grain 6 Grain 8  0.00232496555311987 0.00244099061239383 0.06596799 -0.9952812 0.07115882
46 126 Grain 3 Grain 6  0.00239383705077286 0.00135720648052162 0.3227098 0.7487082 -0.5790461
127 126 Grain 3 Grain 8  0.00131920111553766 0.00365498839334816 -0.580808 0.2225667 0.7830237
66 129 Grain 7 Grain 8  0.00102256471766558 0.00305179706680577 0.6047122 -0.609114 0.5131308
65 93 Grain 6 Grain 8  0.000661727263304495 0.00179999698089242 0.06596791 -0.9952813 0.0711588
23 93 Grain 1 Grain 6  0.000900458398483347 0.00237730220363389 0.4367453 -0.483978 0.7582998
18 93 Grain 1 Grain 8  0.000692259804838945 0.000741042361423637 0.4856184 0.0668302 0.8716126
133 42 Grain 3 Grain 4  0.00145089076575757 0.00409128811558225 0.4651451 -0.6850144 -0.5607097
115 42 Grain 3 Grain 4  0.0014675218513241 0.00422777960947178 0.4651451 -0.6850144 -0.5607097
45 42 Grain 3 Grain 4  0.00251226264027955 0.00139098292169833 -0.4651451 0.6850142 0.5607098
102 130 Grain 7 Grain 8  0.00126370148980816 0.00305179706680577 0.604712 -0.6091141 0.5131309
41 20 Grain 1 Grain 4  0.00058189256410661 0.00169757664741162 0.9069007 -0.4023469 0.1250926
75 20 Grain 1 Grain 4  0.000596929306583178 0.00176537569126791 0.9069007 -0.4023469 0.1250926
83 20 Grain 1 Grain 4  0.000803435711348144 0.00139098292169833 -0.9069006 0.402347 -0.1250925
46 86 Grain 3 Grain 6  0.00269674276620459 0.00146668016574344 0.3227099 0.7487082 -0.5790462
61 86 Grain 4 Grain 6  0.00217737779934765 0.00173900554363911 0.5583054 0.1252873 -0.8201209
115 86 Grain 3 Grain 4  0.00159126188227059 0.00409128811558225 0.4651451 -0.6850144 -0.5607097
0 1 Grain 0 Grain 1  0.000424768120451893 0.00382404639233956 -0.8322384 -0.3771727 0.4063494
0 2 Grain 0 Grain 1  0.00123340686903638 0.00355557096811609 0.8322383 0.3771725 -0.4063502
2 3 Grain 0 Grain 1  0.0010524573130553 0.00251272159528892 0.8322381 0.3771725 -0.4063504
4 5 Grain 0 Grain 5  0.00102566231796079 0.00231197319110404 -0.9664958 0.2303007 -0.1133468
6 7 Grain 0 Grain 3  0.000769676384506305 0.00236152155395286 0.2874281 -0.3315681 0.898581
8 9 Grain 0 Grain 3  0.0010113500147943 0.00203888649354452 -0.2874284 0.3315676 -0.8985811
10 11 Grain 0 Grain 4  0.000527567153075805 0.00117777686337293 -0.5475823 0.7273115 -0.4137289
12 13 Grain 0 Grain 4  0.00062727421099807 0.00161492804719519 0.5475831 -0.727311 0.4137289
8 14 Grain 1 Grain 7  0.000483922725180148 0.0020277775636012 -0.1062816 -0.6713014 -0.7335249
134 15 Grain 1 Grain 7  0.000770747845416495 0.00248833478974413 0.1062823 0.6713021 0.7335242
10 16 Grain 1 Grain 3  0.000724370260585342 0.00203048968075096 0.8380756 -0.04381483 0.5437918
10 17 Grain 1 Grain 3  0.000754554256611333 0.00197185759508858 0.8380756 -0.04381483 0.5437918
134 18 Grain 1 Grain 8  0.000596371324616565 0.00120243152580161 -0.4856186 -0.06683054 -0.8716124
19 20 Grain 1 Grain 4  0.00058189256410661 0.00169757664741162 0.9069007 -0.4023469 0.1250926
134 21 Grain 1 Grain 6  0.000455796350095153 0.00140614501339372 0.4367458 -0.4839782 0.7582995
134 22 Grain 1 Grain 6  0.000586823908379394 0.00178810307944893 -0.4367459 0.4839782 -0.7582996
134 23 Grain 1 Grain 6  0.00070965512010804 0.00234291702205747 0.4367458 -0.4839781 0.7582996
24 25 Grain 1 Grain 9  0.000638691407488391 0.00202946123824064 0.7864221 -0.6142939 -0.06467886
26 27 Grain 1 Grain 9  0.000792195232570361 0.00190202954956708 -0.786422 0.6142941 0.064679
28 29 Grain 2 Grain 3  0.00126236606753764 0.00281919441567991 -0.6758024 -0.4836577 -0.5562071
133 30 Grain 2 Grain 3  0.00108866109043267 0.00268562744576704 -0.6758025 -0.4836576 -0.5562071
133 31 Grain 2 Grain 3  0.000661478121526767 0.00195807444835289 0.6758024 0.4836577 0.5562071
32 33 Grain 2 Grain 8  0.00104520731035085 0.00279080246593752 -0.945331 -0.318418 -0.07042326
34 35 Grain 2 Grain 6  0.000545463785327169 0.000774723385660631 -0.6372128 -0.7706054 -0.01127418
36 37 Grain 2 Grain 6  0.000526130399180445 0.00159577512888127 -0.6372133 -0.770605 -0.01127397
38 39 Grain 3 Grain 8  0.00115596881916496 0.00276030685511406 -0.5808082 0.2225669 0.7830235
38 40 Grain 3 Grain 8  0.00124335616670712 0.00365498839334816 -0.580808 0.2225667 0.7830237
41 42 Grain 3 Grain 4  0.00145089076575757 0.00409128811558225 0.4651451 -0.6850144 -0.5607097
43 44 Grain 3 Grain 4  0.000683351835226324 0.00297263777186574 -0.4651453 0.6850142 0.5607097
10 45 Grain 3 Grain 4  0.00121809669482429 0.00376839396041933 -0.4651451 0.6850142 0.5607098
41 46 Grain 3 Grain 6  0.00143085657552334 0.00399090865466408 0.3227098 0.7487082 -0.5790461
43 47 Grain 3 Grain 5  0.000824808902085014 0.00247036597223831 0.6281217 0.1071682 -0.7706997
43 48 Grain 3 Grain 5  0.000735077639627953 0.00242968942525965 0.6281217 0.1071682 -0.7706997
8 49 Grain 3 Grain 7  0.000612041679478776 0.00180628072473183 -0.7977987 0.6020473 0.03250046
133 50 Grain 4 Grain 9  0.00131598662649844 0.00238861047738182 -0.06585107 -0.8225818 -0.5648212
51 52 Grain 4 Grain 9  0.00106957930594532 0.00156222777998665 -0.06585095 -0.8225819 -0.564821
53 54 Grain 4 Grain 9  0.00129546621895815 0.0016983969674413 -0.06585109 -0.8225818 -0.5648211
133 55 Grain 4 Grain 9  0.0012620038095782 0.00248486866069132 -0.06585109 -0.8225818 -0.5648211
19 56 Grain 4 Grain 9  0.000733572921543194 0.00157298708495719 0.06585111 0.8225818 0.5648211
57 58 Grain 4 Grain 9  0.000937763333234424 0.00185622224963895 0.06585111 0.8225818 0.5648211
43 59 Grain 4 Grain 5  0.00106948313950036 0.00258488156540874 0.3785075 0.7950197 -0.4739999
34 60 Grain 4 Grain 6  0.00112369678054885 0.00151449479961077 0.5583053 0.1252875 -0.8201209
34 61 Grain 4 Grain 6  0.00147455392031845 0.00326606669902148 0.5583053 0.1252875 -0.8201209
41 62 Grain 4 Grain 6  0.00151467249955212 0.00173900554363911 -0.5583054 -0.1252873 0.8201208
36 63 Grain 6 Grain 8  0.00123425375569159 0.00379608794439107 0.06596799 -0.9952811 0.07115872
64 65 Grain 6 Grain 8  0.00137214470307345 0.00244099061239383 0.06596791 -0.9952813 0.0711588
38 66 Grain 7 Grain 8  0.00100099633250405 0.00289542156719262 0.6047122 -0.609114 0.5131308
38 67 Grain 7 Grain 8  0.00106358794558099 0.00305179706680577 0.6047122 -0.609114 0.5131308
19 68 Grain 0 Grain 1  0.001285070326215 0.00381495671415802 -0.8322384 -0.3771727 0.4063494
69 20 Grain 1 Grain 4  0.0011409871813347 0.000529121799383651 0.9069007 -0.4023469 0.1250926
21 22 Grain 1 Grain 6  0.000937430008929145 0.000529121799383651 -0.4367459 0.4839782 -0.7582996
70 62 Grain 4 Grain 6  0.00113575030158195 0.000529121799383651 -0.5583054 -0.1252873 0.8201208
133 44 Grain 3 Grain 4  0.00116680850197653 0.00297263777186574 -0.4651453 0.6850142 0.5607097
133 44 Grain 3 Grain 4  0.00099087925728858 0.00211214327793768 -0.4651453 0.6850142 0.5607097
45 71 Grain 3 Grain 4  0.000986861089544907 0.00297263777186574 -0.4651451 0.6850145 0.5607096
72 73 Grain 0 Grain 9  0.000333115659468679 0.000291448794159315 0.431431 -0.8901752 0.1464767
69 74 Grain 1 Grain 9  0.00109812021656483 0.000291448794159315 0.7864221 -0.6142939 -0.06467886
68 24 Grain 0 Grain 1  0.000194299196106209 0.00382404639233956 -0.8322384 -0.3771727 0.4063494
56 58 Grain 4 Grain 9  0.000984499166958282 0.00176537569126791 0.06585111 0.8225818 0.5648211
75 69 Grain 1 Grain 4  0.000659231534605764 0.00169757664741162 0.9069007 -0.4023469 0.1250926
19 74 Grain 1 Grain 9  0.000638691407488392 0.00165276950476394 0.7864221 -0.6142939 -0.06467886
44 133 Grain 3 Grain 4  0.000627440218312896 0.00240064147940252 -0.4651453 0.6850142 0.5607097
19 1 Grain 0 Grain 1  0.00120743610480102 0.00382404639233956 -0.8322384 -0.3771727 0.4063494
68 1 Grain 0 Grain 1  0.00254936426155971 0.000291448794159315 -0.8322384 -0.3771727 0.4063494
10 1 Grain 0 Grain 1  0.00127468213077985 0.00355551965668341 0.8322383 0.3771725 -0.4063502
76 21 Grain 1 Grain 6  0.000573954654215404 0.000781414637131451 0.4367458 -0.4839782 0.7582995
44 77 Grain 3 Grain 4  0.00160042765293501 0.000941160327469344 -0.4651453 0.6850142 0.5607097
48 133 Grain 3 Grain 5  0.000140082671350019 0.00240064147940252 0.6281217 0.1071682 -0.7706998
59 133 Grain 4 Grain 5  0.0016632329944571 0.00240064147940252 0.3785075 0.7950197 -0.4739999
10 2 Grain 0 Grain 1  0.000662975591762587 0.00355557096811609 0.8322383 0.3771725 -0.4063502
1 2 Grain 0 Grain 1  0.00237038064541073 0.000995208777394816 0.8322383 0.3771725 -0.4063502
78 2 Grain 0 Grain 1  0.000856757374386952 0.00312152374229068 0.8322383 0.3771725 -0.4063502
27 79 Grain 1 Grain 9  0.00102718710200445 0.000860931981323107 -0.786422 0.6142941 0.06467903
70 80 Grain 6 Grain 9  0.00113930271510052 0.000860931981323107 0.4375256 -0.1901868 -0.878863
81 21 Grain 1 Grain 6  0.000468715004464573 0.000852280249967341 0.4367458 -0.4839782 0.7582995
133 45 Grain 3 Grain 4  0.000901328398452161 0.00376839396041933 -0.4651451 0.6850145 0.5607096
82 42 Grain 3 Grain 4  0.000927321947798888 0.00376839396041933 -0.4651451 0.6850142 0.5607098
44 45 Grain 3 Grain 4  0.00198175851457716 0.00148029163431736 -0.4651451 0.6850145 0.5607096
11 72 Grain 0 Grain 4  0.000332965652599955 0.000995208777394816 -0.5475823 0.7273115 -0.4137289
82 20 Grain 1 Grain 4  0.000979952346572906 0.000995208777394816 -0.9069006 0.402347 -0.1250925
1 83 Grain 0 Grain 1  0.00066347251826321 0.00355557096811609 0.8322383 0.3771725 -0.4063502
57 21 Grain 1 Grain 6  0.00029796696834813 0.00140614501339372 0.4367458 -0.4839782 0.7582995
84 21 Grain 1 Grain 6  0.000520943091420968 0.000860931981323107 0.4367458 -0.4839782 0.7582995
57 22 Grain 1 Grain 6  0.00059603435981631 0.00114765619059685 -0.4367459 0.4839782 -0.7582996
36 46 Grain 3 Grain 6  0.00143085657552334 0.00399090865466408 0.3227099 0.7487082 -0.5790462
64 46 Grain 3 Grain 6  0.00133030288488803 0.00368017909715072 0.3227098 0.7487082 -0.5790461
85 86 Grain 3 Grain 6  0.00163717881938645 0.00399090865466408 0.3227099 0.7487082 -0.5790462
2 87 Grain 0 Grain 1  0.000737563595529998 0.00315737193916589 0.8322383 0.3771725 -0.4063502
41 22 Grain 1 Grain 6  0.000694949758086314 0.00178810307944893 -0.4367459 0.4839782 -0.7582996
75 22 Grain 1 Grain 6  0.000352747866255768 0.00140614501339372 -0.4367459 0.4839782 -0.7582996
23 88 Grain 1 Grain 6  0.000904804320347744 0.00178810307944893 0.4367458 -0.4839781 0.7582996
89 47 Grain 3 Grain 5  0.000824808902085014 0.00247036597223831 0.6281217 0.1071682 -0.7706997
90 47 Grain 3 Grain 5  0.000823455324079435 0.00200653851950241 -0.628122 -0.107168 0.7706996
48 91 Grain 3 Grain 5  0.00124390789768455 0.00247036597223831 0.6281217 0.1071682 -0.7706997
10 92 Grain 0 Grain 1  0.000856757374386952 0.00315737193916589 0.8322383 0.3771725 -0.4063502
8 92 Grain 0 Grain 1  0.0010524573130553 0.00185474419589121 0.8322381 0.3771725 -0.4063504
2 92 Grain 0 Grain 1  0.00166750315316343 0.001106345393295 0.8322383 0.3771725 -0.4063502
64 23 Grain 1 Grain 6  0.00070965512010804 0.00234291702205747 0.4367458 -0.4839781 0.7582996
22 23 Grain 1 Grain 6  0.00119206871963262 0.00135720648052162 0.4367458 -0.4839781 0.7582996
134 93 Grain 1 Grain 6  0.000930014619482493 0.00234291702205747 0.4367453 -0.483978 0.7582998
47 94 Grain 3 Grain 5  0.00049689583999025 0.00212342061612173 -0.628122 -0.107168 0.7706996
92 3 Grain 0 Grain 1  0.000967907692352945 0.00198256084942662 0.8322381 0.3771725 -0.4063504
95 96 Grain 0 Grain 7  0.00100551007060836 0.00166552972820449 -0.480995 0.2599748 0.8372914
14 97 Grain 1 Grain 7  0.000409314015194381 0.00166552972820449 -0.1062816 -0.6713014 -0.7335249
23 134 Grain 1 Grain 6  0.00153826797241238 0.000992590894956742 0.4367453 -0.483978 0.7582998
133 48 Grain 3 Grain 5  0.000735077639627953 0.00242968942525965 0.6281217 0.1071682 -0.7706997
47 48 Grain 3 Grain 5  0.00148703109525121 0.00202752168319523 0.6281217 0.1071682 -0.7706997
77 48 Grain 3 Grain 5  0.00160042765293501 0.000210124007025028 0.6281217 0.1071682 -0.7706998
9 71 Grain 0 Grain 3  0.000986919753053084 0.00198256084942662 -0.2874284 0.3315676 -0.8985811
98 16 Grain 1 Grain 3  0.000845167494099361 0.00198256084942662 -0.8380755 0.0438149 -0.5437918
92 99 Grain 0 Grain 1  0.00132170723295108 0.00166552972820449 0.8322381 0.3771725 -0.4063504
69 27 Grain 1 Grain 9  0.000638691407488391 0.00202946123824064 0.7864221 -0.6142939 -0.06467886
24 74 Grain 1 Grain 9  0.000733292032636132 0.00176537569126791 -0.786422 0.6142941 0.064679
25 27 Grain 1 Grain 9  0.00109035182727169 0.00191607422246518 -0.786422 0.6142941 0.064679
133 48 Grain 3 Grain 5  0.000809896475086551 0.00238978503608458 0.6281217 0.1071682 -0.7706998
43 100 Grain 0 Grain 5  0.000885626568769154 0.00252188560471901 -0.9664958 0.2303007 -0.1133468
74 25 Grain 1 Grain 9  0.00109401409984417 0.00190202954956708 -0.786422 0.6142941 0.064679
101 49 Grain 3 Grain 7  0.000740372516826613 0.00180628072473183 -0.7977987 0.6020473 0.03250055
98 102 Grain 3 Grain 7  0.000685329389117488 0.00180628072473183 -0.7977987 0.6020473 0.03250046
6 49 Grain 3 Grain 7  0.000602093574910611 0.00160336418430395 -0.7977987 0.6020473 0.03250055
71 13 Grain 0 Grain 4  0.000956514127696115 0.00116800614388577 0.5475831 -0.727311 0.4137289
59 103 Grain 4 Grain 5  0.00138953996606292 0.00116800614388577 0.3785075 0.7950196 -0.474
100 104 Grain 0 Grain 5  0.000778670762590513 0.00231197319110404 -0.9664958 0.2303007 -0.1133468
57 27 Grain 1 Grain 9  0.000772235951063646 0.00190202954956708 -0.786422 0.6142941 0.06467903
76 27 Grain 1 Grain 9  0.000573954654215404 0.00154078065300668 -0.786422 0.6142941 0.06467903
74 27 Grain 1 Grain 9  0.000730928255417784 0.0018888768589105 0.7864221 -0.6142939 -0.06467886
49 105 Grain 3 Grain 7  0.000674921642328346 0.00137542543586922 -0.7977987 0.6020473 0.03250055
43 5 Grain 0 Grain 5  0.00089761503432013 0.00231197319110404 -0.9664958 0.2303007 -0.1133468
100 5 Grain 0 Grain 5  0.00154131546073603 0.00116800614388577 -0.9664958 0.2303007 -0.1133468
106 107 Grain 0 Grain 5  0.000997590166036215 0.00231197319110404 0.9664958 -0.2303008 0.1133466
81 27 Grain 1 Grain 9  0.000634009849855694 0.0016163852841643 -0.786422 0.6142941 0.06467903
50 52 Grain 4 Grain 9  0.000966251792228153 0.00280878061880658 -0.06585095 -0.8225819 -0.564821
5 106 Grain 0 Grain 5  0.00112869590553723 0.00212342061612173 0.9664958 -0.2303008 0.1133466
91 29 Grain 2 Grain 3  0.00135168112213015 0.00177343175835055 -0.6758024 -0.4836577 -0.5562071
108 50 Grain 4 Grain 9  0.00131598662649844 0.00238861047738182 -0.06585107 -0.8225818 -0.5648212
55 133 Grain 4 Grain 9  0.00151631529964194 0.00238861047738182 -0.06585107 -0.8225818 -0.5648212
109 50 Grain 4 Grain 9  0.00165827425415438 0.00156222777998665 -0.06585095 -0.8225819 -0.564821
110 7 Grain 0 Grain 3  0.00104257861517994 0.00212342061612173 0.2874286 -0.3315679 0.8985809
47 107 Grain 3 Grain 5  0.00141561374408115 0.000745343759985375 -0.628122 -0.107168 0.7706996
5 107 Grain 0 Grain 5  0.00137704344183525 0.00162543302919433 0.9664958 -0.2303008 0.1133466
133 91 Grain 2 Grain 5  0.000675840561065077 0.00202438980306409 0.007555652 -0.2534386 -0.967322
47 91 Grain 3 Grain 5  0.00127033301504504 0.00242968942525965 0.6281217 0.1071682 -0.7706997
89 29 Grain 2 Grain 3  0.000939731471893302 0.00256202099938808 -0.6758024 -0.4836577 -0.5562071
108 52 Grain 4 Grain 9  0.00106957930594532 0.00156222777998665 -0.06585095 -0.8225819 -0.564821
109 52 Grain 4 Grain 9  0.00128901979941835 0.00238861047738182 -0.06585095 -0.8225819 -0.564821
56 72 Grain 4 Grain 9  0.000578015634974344 0.00156222777998665 0.0658515 0.8225821 0.5648208
107 110 Grain 0 Grain 3  0.000854993483343271 0.00236152155395286 0.2874286 -0.3315679 0.8985809
133 29 Grain 2 Grain 3  0.00126236606753764 0.00281919441567991 -0.6758024 -0.4836577 -0.5562071
111 29 Grain 2 Grain 3  0.00118228783890036 0.00202752168319523 -0.6758024 -0.4836577 -0.5562071
30 112 Grain 2 Grain 3  0.00167079583991544 0.00281919441567991 -0.6758024 -0.4836577 -0.5562072
54 55 Grain 4 Grain 9  0.00115734513653386 0.00246236048422487 -0.06585109 -0.8225818 -0.5648211
43 7 Grain 0 Grain 3  0.000769676384506305 0.00236152155395286 0.2874286 -0.3315679 0.8985809
95 9 Grain 0 Grain 3  0.000851203231810688 0.00236152155395286 0.2874281 -0.3315681 0.898581
107 7 Grain 0 Grain 3  0.00143768173958675 0.00125261297551908 0.2874286 -0.3315679 0.8985809
36 30 Grain 2 Grain 3  0.00108866109043267 0.00268562744576704 -0.6758025 -0.4836576 -0.5562071
133 30 Grain 2 Grain 3  0.000895209148589015 0.00165146968138365 -0.6758025 -0.4836576 -0.5562071
29 30 Grain 2 Grain 3  0.00152743633213079 0.00305341581238087 -0.6758024 -0.4836577 -0.5562072
108 54 Grain 4 Grain 9  0.00129546621895815 0.0016983969674413 0.06585111 0.8225818 0.564821
58 70 Grain 4 Grain 9  0.00104603047894594 0.0016983969674413 0.06585111 0.8225818 0.564821
113 54 Grain 4 Grain 9  0.00114119676780737 0.00248486866069132 -0.06585109 -0.8225818 -0.5648211
7 95 Grain 0 Grain 3  0.00109443543159027 0.00203888649354452 0.2874281 -0.3315681 0.898581
49 95 Grain 3 Grain 7  0.000916950290579479 0.00101238246349252 -0.7977987 0.6020473 0.03250055
3 95 Grain 0 Grain 7  0.000766423297806166 0.00201120033004104 -0.480995 0.2599748 0.8372914
29 112 Grain 2 Grain 3  0.00174259754313111 0.00268562744576704 -0.6758024 -0.4836577 -0.5562072
114 33 Grain 2 Grain 8  0.00110841058638038 0.00305341581238087 -0.9453309 -0.3184178 -0.07042448
39 40 Grain 3 Grain 8  0.00190418019853693 0.00305341581238087 0.5808081 -0.2225666 -0.7830237
108 55 Grain 4 Grain 9  0.0012620038095782 0.00248486866069132 -0.06585109 -0.8225818 -0.5648211
113 55 Grain 4 Grain 9  0.00154887165278837 0.0016983969674413 -0.06585109 -0.8225818 -0.5648211
50 55 Grain 4 Grain 9  0.00136363290946436 0.00265039848723172 -0.06585107 -0.8225818 -0.5648212
43 9 Grain 0 Grain 3  0.0010113500147943 0.00203888649354452 0.2874281 -0.3315681 0.898581
99 9 Grain 0 Grain 3  0.00124650391040279 0.00148029163431736 -0.2874284 0.3315676 -0.8985811
7 9 Grain 0 Grain 3  0.00139745360634773 0.00137542543586922 0.2874281 -0.3315681 0.898581
30 133 Grain 2 Grain 3  0.000710529660871483 0.00195807444835289 -0.6758025 -0.4836576 -0.5562071
50 133 Grain 4 Grain 9  0.00146384471120368 0.00248486866069132 -0.06585107 -0.8225818 -0.5648212
43 45 Grain 3 Grain 4  0.00125613132013978 0.00280265664143521 -0.4651451 0.6850145 0.5607096
99 71 Grain 0 Grain 3  0.000947896123883488 0.00203888649354452 -0.2874284 0.3315676 -0.8985811
104 71 Grain 0 Grain 4  0.000707343288647511 0.00161492804719519 0.5475831 -0.727311 0.4137289
36 31 Grain 2 Grain 3  0.000810977727475085 0.00195807444835289 0.6758024 0.4836577 0.5562071
85 115 Grain 2 Grain 3  0.000686996107522354 0.00195807444835289 0.6758024 0.4836577 0.5562071
30 31 Grain 2 Grain 3  0.0013053829655686 0.00106579449130722 -0.6758025 -0.4836576 -0.5562071
108 56 Grain 4 Grain 9  0.000733572921543194 0.00157298708495719 0.06585111 0.8225818 0.5648211
69 56 Grain 4 Grain 9  0.00092712928269464 0.00185622224963895 0.06585111 0.8225818 0.5648211
52 56 Grain 4 Grain 9  0.00103173205118237 0.000499448478899933 0.0658515 0.8225821 0.5648208
3 96 Grain 0 Grain 7  0.00114241639404982 0.00137542543586922 -0.480995 0.2599748 0.8372914
35 37 Grain 2 Grain 6  0.000678416331032616 0.00146668016574344 -0.6372133 -0.770605 -0.01127397
46 85 Grain 3 Grain 6  0.00142528300389199 0.00422777960947178 0.3227099 0.7487082 -0.5790462
31 85 Grain 2 Grain 3  0.00105833721840838 0.00137466850438204 0.6758024 0.4836577 0.5562071
108 58 Grain 4 Grain 9  0.000937763333234424 0.00185622224963895 0.06585111 0.8225818 0.564821
69 58 Grain 4 Grain 9  0.00108780800865811 0.00157298708495719 0.06585111 0.8225818 0.5648211
54 58 Grain 4 Grain 9  0.00104028321868546 0.00170895407265078 0.06585111 0.8225818 0.564821
51 11 Grain 0 Grain 4  0.000527567153075805 0.00117777686337293 0.5475831 -0.727311 0.4137289
83 11 Grain 0 Grain 4  0.000663472518263212 0.000499448478899933 -0.5475823 0.7273115 -0.4137289
13 116 Grain 0 Grain 4  0.000847818334635256 0.00117777686337293 0.5475831 -0.727311 0.4137289
31 115 Grain 2 Grain 3  0.00101633258860144 0.00146668016574344 0.6758024 0.4836577 0.5562071
117 133 Grain 2 Grain 4  0.000150833551836427 0.00137466850438204 0.2074519 0.7007029 0.6826266
42 86 Grain 3 Grain 4  0.00273527988096688 0.00137466850438204 0.4651451 -0.6850144 -0.5607097
54 70 Grain 4 Grain 9  0.0009524583118805 0.00185622224963895 0.06585111 0.8225818 0.564821
75 70 Grain 4 Grain 6  0.000612540023292609 0.00173900554363911 -0.5583054 -0.1252873 0.8201208
57 80 Grain 6 Grain 9  0.000698937570915842 0.00171079871564412 0.4375256 -0.1901868 -0.878863
52 72 Grain 4 Grain 9  0.000568205798968497 0.00157298708495719 0.0658515 0.8225821 0.5648208
24 72 Grain 0 Grain 9  0.000204508287532998 0.000540712130766121 0.431431 -0.8901752 0.1464767
19 11 Grain 0 Grain 4  0.000392592287790975 0.0010452847685974 -0.5475823 0.7273115 -0.4137289
112 114 Grain 2 Grain 8  0.00131915273356485 0.00279080246593752 -0.9453309 -0.3184178 -0.07042448
133 59 Grain 4 Grain 5  0.00106948313950036 0.00258488156540874 0.3785075 0.7950197 -0.4739999
77 59 Grain 4 Grain 5  0.00134333372283631 0.0029408289684122 0.3785075 0.7950197 -0.4739999
104 59 Grain 4 Grain 5  0.000778670762590513 0.00208430994909438 0.3785075 0.7950196 -0.474
10 13 Grain 0 Grain 4  0.00062727421099807 0.00161492804719519 0.5475831 -0.727311 0.4137289
11 13 Grain 0 Grain 4  0.000860886727885923 0.00114898574872679 0.5475831 -0.727311 0.4137289
104 13 Grain 0 Grain 4  0.00079952753944058 0.00148029163431736 0.5475831 -0.727311 0.4137289
36 33 Grain 2 Grain 8  0.00104520731035085 0.00279080246593752 -0.945331 -0.318418 -0.07042326
118 33 Grain 2 Grain 8  0.000930267488645841 0.00275148009308571 -0.945331 -0.318418 -0.07042326
112 33 Grain 2 Grain 8  0.00188037154338636 0.00154973506889603 -0.9453309 -0.3184178 -0.07042448
12 59 Grain 4 Grain 5  0.000861627188469579 0.00217613416978539 0.3785075 0.7950196 -0.474
11 116 Grain 0 Grain 4  0.000558436366983743 0.00161492804719519 0.5475831 -0.727311 0.4137289
37 119 Grain 2 Grain 6  0.00106491404743192 0.000214675496592369 -0.6372133 -0.770605 -0.0112733
63 120 Grain 6 Grain 8  0.00251364351510538 0.000214675496592369 0.06596799 -0.9952811 0.07115872
33 121 Grain 2 Grain 8  0.000143116997728246 0.00276288345473127 -0.945331 -0.318418 -0.07042326
77 133 Grain 4 Grain 5  0.00156849171573524 0.00258488156540874 0.3785075 0.7950197 -0.4739999
24 73 Grain 0 Grain 9  0.000236918934301179 0.000499448478899933 0.431431 -0.8901752 0.1464767
33 122 Grain 2 Grain 8  0.00184192230315418 0.000214675496592369 -0.945331 -0.318418 -0.07042326
133 60 Grain 4 Grain 6  0.00112369678054885 0.00151449479961077 0.5583053 0.1252875 -0.8201209
123 61 Grain 4 Grain 6  0.00201519074173671 0.00151449479961077 0.5583053 0.1252875 -0.8201209
133 60 Grain 4 Grain 6  0.000504831599870257 0.00127959523096528 0.558305 0.1252875 -0.820121
134 14 Grain 1 Grain 7  0.000783710266513679 0.0020277775636012 0.1062824 0.6713021 0.7335241
15 98 Grain 1 Grain 7  0.000685329389117488 0.0020277775636012 0.1062824 0.6713021 0.7335241
3 14 Grain 1 Grain 7  0.00111035315213633 0.000613971022791572 -0.1062816 -0.6713014 -0.7335249
91 124 Grain 2 Grain 5  0.000585098826960662 0.00182598814107298 0.007555652 -0.2534386 -0.967322
60 123 Grain 4 Grain 6  0.001126866450581 0.00326606669902148 0.5583053 0.1252875 -0.8201209
78 14 Grain 1 Grain 7  0.000675925854533733 0.00147987078397978 -0.1062816 -0.6713014 -0.7335249
91 133 Grain 2 Grain 5  0.00121732542738199 0.000877648240440993 0.007555652 -0.2534386 -0.967322
53 61 Grain 4 Grain 6  0.000995855973449903 0.00326606669902148 0.5583053 0.1252875 -0.8201209
60 61 Grain 4 Grain 6  0.00138112856547451 0.00295873745568665 0.5583053 0.1252875 -0.8201209
62 86 Grain 4 Grain 6  0.00115933702909274 0.00326606669902148 0.5583054 0.1252873 -0.8201209
38 15 Grain 1 Grain 7  0.000884316617669096 0.00248833478974413 0.1062824 0.6713021 0.7335241
134 125 Grain 1 Grain 7  0.000896138347467166 0.00248833478974413 0.1062823 0.6713021 0.7335242
14 15 Grain 1 Grain 7  0.00135185170906746 0.00102799408367623 0.1062824 0.6713021 0.7335241
35 133 Grain 2 Grain 6  0.000437378109875192 0.000226250327754641 -0.6372128 -0.7706054 -0.01127418
60 117 Grain 4 Grain 6  0.000150833551836427 0.00138359676776491 0.558305 0.1252875 -0.820121
34 133 Grain 2 Grain 4  0.000507134810891224 0.00125185221481569 0.2074519 0.7007029 0.6826266
60 133 Grain 4 Grain 6  0.000922397845176605 0.000226250327754641 0.558305 0.1252875 -0.820121
8 15 Grain 1 Grain 7  0.000829444929914711 0.00203604944468068 0.1062824 0.6713021 0.7335241
99 98 Grain 1 Grain 3  0.000806346380759048 0.00203048968075096 -0.8380755 0.0438149 -0.5437918
8 102 Grain 3 Grain 7  0.00074643992328318 0.00190375701012056 -0.7977987 0.6020473 0.03250046
115 133 Grain 2 Grain 4  0.000916445669588024 0.000226250327754641 0.2074519 0.7007029 0.6826266
53 62 Grain 4 Grain 6  0.00123938839850987 0.00173900554363911 -0.5583054 -0.1252873 0.8201208
75 62 Grain 4 Grain 6  0.00064011251583447 0.00170895407265078 -0.5583054 -0.1252873 0.8201208
53 86 Grain 4 Grain 6  0.00140925986982393 0.0030835926287796 0.5583054 0.1252873 -0.8201209
15 134 Grain 1 Grain 7  0.00165888985982942 0.00134420752120075 0.1062823 0.6713021 0.7335242
133 35 Grain 2 Grain 6  0.000545463785327169 0.000774723385660631 -0.6372128 -0.7706054 -0.01127418
117 35 Grain 2 Grain 6  0.000150833551836427 0.000656067164812789 -0.6372128 -0.7706054 -0.01127418
85 35 Grain 2 Grain 6  0.000573119708631171 0.00159577512888127 -0.6372133 -0.770605 -0.01127397
134 63 Grain 6 Grain 8  0.00123425375569159 0.00379608794439107 0.06596799 -0.9952811 0.07115872
65 126 Grain 6 Grain 8  0.00160878276530482 0.00379608794439107 0.06596799 -0.9952812 0.07115882
121 63 Grain 6 Grain 8  0.000143116997728246 0.00377046527265808 0.06596799 -0.9952811 0.07115872
127 18 Grain 1 Grain 8  0.000692764388168039 0.00134420752120075 -0.4856186 -0.06683054 -0.8716124
66 134 Grain 7 Grain 8  0.00161444028493113 0.00134420752120075 0.6047121 -0.6091141 0.5131309
38 134 Grain 1 Grain 7  0.00101992053860587 0.00257590112895981 0.1062823 0.6713021 0.7335242
133 37 Grain 2 Grain 6  0.000526130399180445 0.00159577512888127 -0.6372133 -0.770605 -0.01127397
85 37 Grain 2 Grain 6  0.000988551219197568 0.000774723385660631 -0.6372133 -0.770605 -0.01127397
121 37 Grain 2 Grain 6  0.000538045274968531 0.00160615478716803 -0.6372133 -0.770605 -0.0112733
134 65 Grain 6 Grain 8  0.00137214470307345 0.00244099061239383 0.06596799 -0.9952812 0.07115882
134 65 Grain 6 Grain 8  0.000813663537464611 0.00157861219498358 0.06596791 -0.9952813 0.0711588
63 65 Grain 6 Grain 8  0.00175891102974328 0.00359075557615928 0.06596799 -0.9952812 0.07115882
38 16 Grain 1 Grain 3  0.000724370260585342 0.00203048968075096 0.8380756 -0.04381483 0.5437918
127 17 Grain 1 Grain 3  0.000874837737092806 0.00203048968075096 0.8380756 -0.04381483 0.5437918
99 16 Grain 1 Grain 3  0.00129314860770813 0.00102799408367623 -0.8380755 0.0438149 -0.5437918
121 119 Grain 2 Grain 6  0.000548243587022721 0.00159577512888127 -0.6372133 -0.770605 -0.0112733
118 63 Grain 6 Grain 8  0.00126536264813036 0.00375695411214513 0.06596799 -0.9952811 0.07115872
40 126 Grain 3 Grain 8  0.00237785325525779 0.00127171403805927 -0.580808 0.2225667 0.7830237
125 127 Grain 1 Grain 8  0.000774773037379892 0.00120243152580161 -0.4856186 -0.06683054 -0.8716124
16 127 Grain 1 Grain 3  0.00091845688831006 0.00197185759508858 0.8380756 -0.04381483 0.5437918
133 35 Grain 2 Grain 6  0.000258241128553544 0.000602519997028875 -0.6372128 -0.7706054 -0.01127418
65 134 Grain 6 Grain 8  0.00119999798726161 0.000992590894956742 0.06596791 -0.9952813 0.0711588
64 17 Grain 1 Grain 3  0.000754554256611333 0.00197185759508858 0.8380756 -0.04381483 0.5437918
16 17 Grain 1 Grain 3  0.00126512910378929 0.00127171403805927 0.8380756 -0.04381483 0.5437918
41 17 Grain 1 Grain 3  0.000657285865029528 0.00191454001346122 -0.8380756 0.04381543 -0.5437918
28 39 Grain 3 Grain 8  0.00115596881916496 0.00276030685511406 -0.5808082 0.2225669 0.7830235
101 39 Grain 3 Grain 8  0.000920102285038021 0.00188037275242064 -0.5808082 0.2225669 0.7830235
112 39 Grain 3 Grain 8  0.00151020027957533 0.00365498839334816 0.5808081 -0.2225666 -0.7830237
76 80 Grain 6 Grain 9  0.000573954654215404 0.00170895407265078 0.4375256 -0.1901868 -0.878863
17 82 Grain 1 Grain 3  0.000927321947798888 0.00135720648052162 -0.8380756 0.04381543 -0.5437918
83 82 Grain 1 Grain 4  0.000574338414011476 0.00169757664741162 -0.9069006 0.402347 -0.1250925
10 42 Grain 3 Grain 4  0.00136376270519408 0.00394114382052446 -0.4651451 0.6850142 0.5607098
39 128 Grain 3 Grain 8  0.000500219853699381 0.00223931976984954 -0.5808082 0.2225669 0.7830235
134 66 Grain 7 Grain 8  0.00100099633250405 0.00289542156719262 0.6047122 -0.609114 0.5131308
67 129 Grain 7 Grain 8  0.0011643188410173 0.00289542156719262 0.6047122 -0.609114 0.5131308
125 66 Grain 7 Grain 8  0.000896138347467166 0.00242166042739669 0.6047121 -0.6091141 0.5131309
46 88 Grain 3 Grain 6  0.000904804320347744 0.00359075557615928 0.3227098 0.7487082 -0.5790461
41 23 Grain 1 Grain 6  0.000780972340685822 0.00214228474642439 0.4367458 -0.4839781 0.7582996
17 88 Grain 1 Grain 3  0.000904804320347744 0.00139098292169833 -0.8380756 0.04381543 -0.5437918
39 102 Grain 3 Grain 8  0.00149287984656636 0.000750329780549073 -0.5808082 0.2225669 0.7830235
67 130 Grain 7 Grain 8  0.00174066430531138 0.00223931976984954 0.604712 -0.6091141 0.5131309
49 102 Grain 3 Grain 7  0.00120418714982122 0.00102799408367623 -0.7977987 0.6020473 0.03250046
134 66 Grain 7 Grain 8  0.000965140522397541 0.00263802959035327 0.6047121 -0.6091141 0.5131309
64 18 Grain 1 Grain 8  0.000596371324616566 0.00120243152580161 -0.4856186 -0.06683054 -0.8716124
125 18 Grain 1 Grain 8  0.000736976878424545 0.00127171403805927 -0.4856186 -0.06683054 -0.8716124
134 93 Grain 1 Grain 8  0.000424646174035791 0.00120243152580161 0.4856184 0.0668302 0.8716126
36 40 Grain 3 Grain 8  0.00124335616670712 0.00365498839334816 -0.580808 0.2225667 0.7830237
127 40 Grain 3 Grain 8  0.00137674607892404 0.00359075557615928 -0.580808 0.2225667 0.7830237
112 40 Grain 3 Grain 8  0.00204790631901692 0.00276030685511406 0.5808081 -0.2225666 -0.7830237
131 67 Grain 7 Grain 8  0.00106358794558099 0.00305179706680577 0.604712 -0.6091141 0.5131309
66 67 Grain 7 Grain 8  0.00195548295974205 0.000989262515656578 0.6047122 -0.609114 0.5131308
102 67 Grain 7 Grain 8  0.00155733463724683 0.00261312383669207 0.604712 -0.6091141 0.5131309
18 134 Grain 1 Grain 8  0.000577805621543053 0.000992590894956742 0.4856184 0.0668302 0.8716126
63 126 Grain 6 Grain 8  0.00232496555311987 0.00244099061239383 0.06596799 -0.9952812 0.07115882
46 126 Grain 3 Grain 6  0.00239383705077286 0.00135720648052162 0.3227098 0.7487082 -0.5790461
127 126 Grain 3 Grain 8  0.00131920111553766 0.00365498839334816 -0.580808 0.2225667 0.7830237
66 129 Grain 7 Grain 8  0.00102256471766558 0.00305179706680577 0.6047122 -0.609114 0.5131308
65 93 Grain 6 Grain 8  0.000661727263304495 0.00179999698089242 0.06596791 -0.9952813 0.0711588
23 93 Grain 1 Grain 6  0.000900458398483347 0.00237730220363389 0.4367453 -0.483978 0.7582998
18 93 Grain 1 Grain 8  0.000692259804838945 0.000741042361423637 0.4856184 0.0668302 0.8716126
133 42 Grain 3 Grain 4  0.00145089076575757 0.00409128811558225 0.4651451 -0.6850144 -0.5607097
115 42 Grain 3 Grain 4  0.0014675218513241 0.00422777960947178 0.4651451 -0.6850144 -0.5607097
45 42 Grain 3 Grain 4  0.00251226264027955 0.00139098292169833 -0.4651451 0.6850142 0.5607098
102 130 Grain 7 Grain 8  0.00126370148980816 0.00305179706680577 0.604712 -0.6091141 0.5131309
41 20 Grain 1 Grain 4  0.00058189256410661 0.00169757664741162 0.9069007 -0.4023469 0.1250926
75 20 Grain 1 Grain 4  0.000596929306583178 0.00176537569126791 0.9069007 -0.4023469 0.1250926
83 20 Grain 1 Grain 4  0.000803435711348144 0.00139098292169833 -0.9069006 0.402347 -0.1250925
46 86 Grain 3 Grain 6  0.00269674276620459 0.00146668016574344 0.3227099 0.7487082 -0.5790462
61 86 Grain 4 Grain 6  0.00217737779934765 0.00173900554363911 0.5583054 0.1252873 -0.8201209
115 86 Grain 3 Grain 4  0.00159126188227059 0.00409128811558225 0.4651451 -0.6850144 -0.5607097
