Test OptGrain 9 630 21.068 24.22153
Grain 0 0 1 0 0
Grain 1 0 1 0 0
Grain 2 0 1 0 0
Grain 3 0 1 0 0
Grain 4 0 1 0 0
Grain 5 0 1 0 0
Grain 6 -0.3460915 0.8566061 -0.1495263 -0.352262
Grain 7 0 1 0 0
Grain 8 0 1 0 0
Grain 9 -0.379831 0.9169931 -0.04663738 -0.1125926
Test OptGrain 6 282 22.78163 24.2587
Grain 0 0 1 0 0
Grain 1 0 1 0 0
Grain 2 0 1 0 0
Grain 3 0 1 0 0
Grain 4 0 1 0 0
Grain 5 0 1 0 0
Grain 6 -0.3460915 0.8566061 -0.1495263 -0.352262
Grain 7 0 1 0 0
Grain 8 0 1 0 0
Grain 9 -0.379831 0.9169931 -0.04663738 -0.1125926
Test OptGrain 8 318 26.08091 29.39469
Grain 0 0 1 0 0
Grain 1 -0.3812273 0.920364 -0.03335306 -0.08052143
Grain 2 0.0033395 0.9238443 0.008062267 -0.3826688
Grain 3 0 1 0 0
Grain 4 0 1 0 0
Grain 5 0 1 0 0
Grain 6 -0.3460915 0.8566061 -0.1495263 -0.352262
Grain 7 0 1 0 0
Grain 8 0.370494 0.8944519 -0.09581626 0.2313211
Grain 9 -0.379831 0.9169931 -0.04663738 -0.1125926
Test OptGrain 1 648 24.49961 29.39469
Grain 0 0 1 0 0
Grain 1 -0.3812273 0.920364 -0.03335306 -0.08052143
Grain 2 0.0033395 0.9238443 0.008062267 -0.3826688
Grain 3 0 1 0 0
Grain 4 0 1 0 0
Grain 5 0 1 0 0
Grain 6 -0.3460915 0.8566061 -0.1495263 -0.352262
Grain 7 0 1 0 0
Grain 8 0.370494 0.8944519 -0.09581626 0.2313211
Grain 9 -0.379831 0.9169931 -0.04663738 -0.1125926
Test OptGrain 2 102 27.92438 29.45942
Grain 0 0 1 0 0
Grain 1 -0.3812273 0.920364 -0.03335306 -0.08052143
Grain 2 0.0033395 0.9238443 0.008062267 -0.3826688
Grain 3 0 1 0 0
Grain 4 0 1 0 0
Grain 5 0 1 0 0
Grain 6 -0.3460915 0.8566061 -0.1495263 -0.352262
Grain 7 0 1 0 0
Grain 8 0.370494 0.8944519 -0.09581626 0.2313211
Grain 9 -0.379831 0.9169931 -0.04663738 -0.1125926
Test OptGrain 5 282 29.90671 31.48723
Grain 0 0 1 0 0
Grain 1 -0.3812273 0.920364 -0.03335306 -0.08052143
Grain 2 0.0033395 0.9238443 0.008062268 -0.3826688
Grain 3 0 1 0 0
Grain 4 0 1 0 0
Grain 5 -0.008062267 0.9238443 0.3826688 0.0033395
Grain 6 -0.3460915 0.8566061 -0.1495263 -0.352262
Grain 7 0 1 0 0
Grain 8 0.370494 0.8944519 -0.0958