Test ori 23.49561 23.58521
Grain 0 0 1 0 0
Grain 1 0 1 0 0
Grain 2 0 1 0 0
Grain 3 0 1 0 0
Grain 4 0 1 0 0
Grain 5 0 1 0 0
Grain 6 -0.008726535 0.9999619 0 0
Grain 7 0 1 0 0
Grain 8 0 1 0 0
Grain 9 -0.3460915 0.8566061 -0.1495263 -0.352262
Test OptGrain 9 822 20.93328 25.06239
Grain 0 0 1 0 0
Grain 1 0 1 0 0
Grain 2 0 1 0 0
Grain 3 0 1 0 0
Grain 4 0 1 0 0
Grain 5 0 1 0 0
Grain 6 -0.3460915 0.8566061 -0.1495263 -0.352262
Grain 7 0 1 0 0
Grain 8 0 1 0 0
Grain 9 -0.3460915 0.8566061 -0.1495263 -0.352262
Test OptGrain 6 282 23.58521 25.10017
Grain 0 0 1 0 0
Grain 1 0 1 0 0
Grain 2 0 1 0 0
Grain 3 0 1 0 0
Grain 4 0 1 0 0
Grain 5 0 1 0 0
Grain 6 -0.3460915 0.8566061 -0.1495263 -0.352262
Grain 7 0 1 0 0
Grain 8 0 1 0 0
Grain 9 -0.3460915 0.8566061 -0.1495263 -0.352262
Test OptGrain 1 144 27.5265 28.19466
Grain 0 0 1 0 0
Grain 1 -0.0033395 0.9238443 0.008062267 0.3826688
Grain 2 0 1 0 0
Grain 3 0 1 0 0
Grain 4 -0.3789592 0.9148884 -0.05325924 -0.1285792
Grain 5 0 1 0 0
Grain 6 -0.3460915 0.8566061 -0.1495263 -0.352262
Grain 7 0 1 0 0
Grain 8 0 1 0 0
Grain 9 -0.3460915 0.8566061 -0.1495263 -0.352262
Test OptGrain 4 510 25.74196 28.19466
Grain 0 0 1 0 0
Grain 1 -0.0033395 0.9238443 0.008062267 0.3826688
Grain 2 0 1 0 0
Grain 3 0 1 0 0
Grain 4 -0.3789592 0.9148884 -0.05325924 -0.1285792
Grain 5 0 1 0 0
Grain 6 -0.3460915 0.8566061 -0.1495263 -0.352262
Grain 7 0 1 0 0
Grain 8 0 1 0 0
Grain 9 -0.3460915 0.8566061 -0.1495263 -0.352262
Test OptGrain 7 804 30.62912 36.59641
Grain 0 -0.1389924 0.8547988 0.3504547 -0.3566254
Grain 1 -0.0033395 0.9238443 0.008062268 0.3826688
Grain 2 0 1 0 0
Grain 3 0 1 0 0
Grain 4 -0.3789592 0.9148884 -0.05325924 -0.1285792
Grain 5 0 1 0 0
Grain 6 -0.3460915 0.8566061 -0.1495263 -0.352262
Grain 7 0.36257 0.8795866 -0.1231699 0.282311
Grain 8 0 1 0 0
Grain 9 -0.3460915 0.8566061 -0.1495263 -0.352262
Test OptGrain 0 282 34.66968 36.63762
Grain 0 -0.1389924 0.8547988 0.3504547 -0.3566254
Grain 1 -0.0033395 0.9238443 0.008062268 0.382