Test OptGrain 6 450 26.57482 28.84159
Grain 0 0 1 0 0
Grain 1 -0.3460915 0.8566061 -0.1495263 -0.352262
Grain 2 0 1 0 0
Grain 3 0 1 0 0
Grain 4 0 1 0 0
Grain 5 0 1 0 0
Grain 6 -0.3560555 0.8595937 -0.1402539 -0.338603
Grain 7 0 1 0 0
Grain 8 0 1 0 0
Grain 9 -0.3819697 0.9221563 -0.02336227 -0.05640151
Test OptGrain 9 762 25.06158 28.84159
Grain 0 0 1 0 0
Grain 1 -0.3460915 0.8566061 -0.1495263 -0.352262
Grain 2 0 1 0 0
Grain 3 0 1 0 0
Grain 4 0 1 0 0
Grain 5 0 1 0 0
Grain 6 -0.3560555 0.8595937 -0.1402539 -0.338603
Grain 7 0 1 0 0
Grain 8 0 1 0 0
Grain 9 -0.3819697 0.9221563 -0.02336227 -0.05640151
Test OptGrain 1 192 28.00974 28.86969
Grain 0 0 1 0 0
Grain 1 -0.3460915 0.8566061 -0.1495263 -0.352262
Grain 2 0 1 0 0
Grain 3 0 1 0 0
Grain 4 0 1 0 0
Grain 5 0 1 0 0
Grain 6 -0.3560555 0.8595937 -0.1402539 -0.338603
Grain 7 0 1 0 0
Grain 8 0 1 0 0
Grain 9 -0.3819697 0.9221563 -0.02336227 -0.05640151
Test ori 30.18309 30.25741
Grain 0 0 1 0 0
Grain 1 -0.3460915 0.8566061 -0.1495263 -0.352262
Grain 2 0 1 0 0
Grain 3 0 1 0 0
Grain 4 0.1993679 0.9799247 0 0
Grain 5 0 1 0 0
Grain 6 -0.3560555 0.8595937 -0.1402539 -0.338603
Grain 7 0 1 0 0
Grain 8 0 1 0 0
Grain 9 -0.3819697 0.9221563 -0.02336227 -0.05640151
Test OptGrain 4 552 29.56747 32.37094
Grain 0 0 1 0 0
Grain 1 -0.3460915 0.8566061 -0.1495263 -0.352262
Grain 2 0 1 0 0
Grain 3 0 1 0 0
Grain 4 0.3609886 0.8504356 -0.1433557 0.354818
Grain 5 0 1 0 0
Grain 6 -0.3560555 0.8595937 -0.1402539 -0.338603
Grain 7 0 1 0 0
Grain 8 0 1 0 0
Grain 9 -0.3819697 0.9221563 -0.02336227 -0.05640151
Test ori 31.46571 32.49353
Grain 0 0 1 0 0
Grain 1 -0.3460915 0.8566061 -0.1495263 -0.352262
Grain 2 0 0.9999619 -0.008726535 0
Grain 3 0 1 0 0
Grain 4 0.3609886 0.8504356 -0.1433557 0.354818
Grain 5 0 1 0 0
Grain 6 -0.3560555 0.8595937 -0.1402539 -0.338603
Grain 7 0 1 0 0
Grain 8 0 1 0 0
Grain 9 -0.3819697 0.9221563 -0.02336227 -0.05640151
Test OptGrain 8 150 34.55979 36.07599
Grain 0 0 1 0 0
Grain 1 -0.3460915 0.8566061 -0