Test ori 18.36116 18.93928
Grain 0 0 1 0 0
Grain 1 0 1 0 0
Grain 2 0 1 0 0
Grain 3 0 1 0 0
Grain 4 0 1 0 0
Grain 5 0 1 0 0
Grain 6 0 1 0 0
Grain 7 0 1 0 0
Grain 8 0 1 0 0
Grain 9 0.340248 0.8168419 0.3614357 0.2938789
Test ori 20.97763 21.8276
Grain 0 0 1 0 0
Grain 1 0 1 0 0
Grain 2 0 1 0 0
Grain 3 0 1 0 0
Grain 4 0 1 0 0
Grain 5 0 1 0 0
Grain 6 0.4252452 0.8421618 0.118165 0.3097854
Grain 7 0 1 0 0
Grain 8 0 1 0 0
Grain 9 0.340248 0.8168419 0.3614357 0.2938789
Test ori 23.99683 24.9667
Grain 0 0 1 0 0
Grain 1 0.423655 0.8657174 0.08918869 0.2511877
Grain 2 0 1 0 0
Grain 3 0 1 0 0
Grain 4 0 1 0 0
Grain 5 0 1 0 0
Grain 6 0.4252452 0.8421618 0.118165 0.3097854
Grain 7 0 1 0 0
Grain 8 0 1 0 0
Grain 9 0.340248 0.8168419 0.3614357 0.2938789
Test ori 27.00329 27.05771
Grain 0 0 1 0 0
Grain 1 0.423655 0.8657174 0.08918869 0.2511877
Grain 2 0.008726535 0.9999619 0 0
Grain 3 0 1 0 0
Grain 4 0 1 0 0
Grain 5 0 1 0 0
Grain 6 0.4252452 0.8421618 0.118165 0.3097854
Grain 7 0 1 0 0
