Test ori 25.23293 25.78251
Grain 0 0 1 0 0
Grain 1 0 1 0 0
Grain 2 0 1 0 0
Grain 3 0 1 0 0
Grain 4 0 1 0 0
Grain 5 0 1 0 0
Grain 6 0 1 0 0
Grain 7 0 1 0 0
Grain 8 0 1 0 0
Grain 9 0.3711674 0.8768642 0.001228023 0.3055201
Test ori 27.43165 27.9583
Grain 0 0 1 0 0
Grain 1 0 1 0 0
Grain 2 0 1 0 0
Grain 3 0 1 0 0
Grain 4 0 1 0 0
Grain 5 0 1 0 0
Grain 6 0.4712906 0.8220112 0.08364251 0.3085234
Grain 7 0 1 0 0
Grain 8 0 1 0 0
Grain 9 0.3711674 0.8768642 0.001228023 0.3055201
Test ori 28.55892 28.61617
Grain 0 0 1 0 0
Grain 1 0 1 0 0
Grain 2 0 1 0 0
Grain 3 0 1 0 0
Grain 4 0 1 0 0
Grain 5 0 1 0 0
Grain 6 0.4685803 0.82125 0.09081263 0.3126243
Grain 7 0 1 0 0
Grain 8 0 1 0 0
Grain 9 0.3711674 0.8768642 0.001228023 0.3055201
Test OptGrain 6 150 28.61617 29.43491
Grain 0 0 1 0 0
Grain 1 0 1 0 0
Grain 2 0 1 0 0
Grain 3 0 1 0 0
Grain 4 0 1 0 0
Grain 5 0 1 0 0
Grain 6 0.3615979 0.8505615 0.1444299 0.3534575
Grain 7 0 1 0 0
Grain 8 0 1 0 0
Grain 9 0.3711674 0.8768642 0.001228023 0.3055201
Test OptGrain 4 552 30.99218 33.65319
Grain 0 0 1 0 0
Grain 1 0 1 0 0
Grain 2 0 1 0 0
Grain 3 0 1 0 0
Grain 4 -0.3460915 0.8566061 -0.1495263 -0.352262
Grain 5 0 1 0 0
Grain 6 0.3615979 0.8505615 0.1444299 0.3534575
Grain 7 0 1 0 0
Grain 8 0 1 0 0
Grain 9 0.3711674 0.8768642 0.001228023 0.3055201
Test OptGrain 8 552 35.16047 38.29108
Grain 0 0 1 0 0
Grain 1 0 1 0 0
Grain 2 0 1 0 0
Grain 3 0 1 0 0
Grain 4 -0.3460915 0.8566061 -0.1495263 -0.352262
Grain 5 0 1 0 0
Grain 6 0.3615979 0.8505615 0.1444299 0.3534575
Grain 7 0 1 0 0
Grain 8 0.3609886 0.8504356 -0.1433557 0.354818
Grain 9 0.3711674 0.8768642 0.001228023 0.3055201
Test OptGrain 1 18 39.54145 39.59737
Grain 0 0 1 0 0
Grain 1 0.01745241 0.9998477 0 0
Grain 2 0 1 0 0
Grain 3 0 1 0 0
Grain 4 -0.3460915 0.8566061 -0.1495263 -0.352262
Grain 5 0 1 0 0
Grain 6 0.3615979 0.8505615 0.1444299 0.3534575
Grain 7 0 1 0 0
Grain 8 0.3609886 0.8504356 -0.1433557 0.354818
Grain 9 0.3711674 0.8768642 0.001228023 0.3055201
Test ori 41.1875 41.21717
Grain 0 0 1 0 0
Grain 1 0.008726536 0.999962 0 0
Grain 2 0 1 0 0
Grain 3 0 1 0 0
Grain 4 -0.3460915 0.8566061 -0.1495263 -0.352262
Grain 5 0 1 0 0
Grain 6 0.3615979 0.8505615 0.1444299 0.3534575
Grain 7 0 1 0 0
Grain 8 0.3609886 0.8504356 -0.1433557 0.354818
Grain 9 0.3711674 0.8768642 0.001228023 0.3055201
Test OptGrain 1 18 41.21717 41.27852
Grain 0 0 1 0 0
Grain 1 0.01745241 0.9998478 0 0
Grain 2 0 1 0 0
Grain 3 0 1 0 0
Grain 4 -0.3460915 0.8566061 -0.1495263 -0.352262
Grain 5 0 1 0 0
Grain 6 0.3615979 0.8505615 0.1444299 0.3534575
Grain 7 0 1 0 0
Grain 8 0.3609886 0.8504356 -0.1433557 0.354818
Grain 9 0.3711674 0.8768642 0.001228023 0.3055201
Test ori 44.97448 44.99375
Grain 0 0.008726535 0.9999619 0 0
Grain 1 0.01745241 0.9998478 0 0
Grain 2 0 1 0 0
Grain 3 0 1 0 0
Grain 4 -0.3460915 0.8566061 -0.1495263 -0.352262
Grain 5 0 1 0 0
Grain 6 0.3615979 0.8505615 0.1444299 0.3534575
Grain 7 0 1 0 0
Grain 8 0.3609886 0.8504356 -0.1433557 0.354818
Grain 9 0.3711674 0.8768642 0.001228023 0.3055201
Test OptGrain 0 18 44.99375 45.06078
Grain 0 0.008726203 0.9999238 -0.008726203 -7.615241E-05
Grain 1 0.01745241 0.9998478 0 0
Grain 2 0 1 0 0
Grain 3 0 1 0 0
Grain 4 -0.3460915 0.8566061 -0.1495263 -0.352262
Grain 5 0 1 0 0
Grain 6 0.3615979 0.8505615 0.1444299 0.3534575
Grain 7 0 1 0 0
Grain 8 0.3609886 0.8504356 -0.1433557 0.354818
Grain 9 0.3711674 0.8768642 0.001228023 0.3055201
Test OptGrain 3 282 48.936 50.25657
Grain 0 0.008726203 0.9999238 -0.008726203 -7.615241E-05
Grain 1 0.01745241 0.9998478 0 0
Grain 2 0 1 0 0
Grain 3 0.3826688 0.9238443 0.0033395 -0.008062267
Grain 4 -0.3460915 0.8566061 -0.1495263 -0.352262
Grain 5 0 1 0 0
Grain 6 0.3615979 0.8505615 0.1444299 0.3534575
Grain 7 0 1 0 0
Grain 8 0.3609886 0.8504356 -0.1433557 0.354818
Grain 9 0.3711674 0.8768642 0.001228023 0.3055201
Test OptGrain 5 558 52.94357 56.70842
Grain 0 0.008726203 0.9999238 -0.008726203 -7.615241E-05
Grain 1 0.01745241 0.9998478 0 0
Grain 2 0 1 0 0
Grain 3 0