Guest-5 ori 67.06024 67.74648
Grain 0 0 1 0 0
Grain 1 0 1 0 0
Grain 2 0 1 0 0
Grain 3 0.2617811 0.9053909 0.01288836 0.3340237
Guest-5 ori 74.43031 75.36335
Grain 0 0 1 0 0
Grain 1 0 1 0 0
Grain 2 0.4792612 0.835777 -0.008104226 0.2678058
Grain 3 0.2617811 0.9053909 0.01288836 0.3340237
Guest-5 ori 76.6462 78.38205
Grain 0 0 1 0 0
Grain 1 0.04727981 0.9341403 0.043208 0.351112
Grain 2 0.4792612 0.835777 -0.008104226 0.2678058
Grain 3 0.2617811 0.9053909 0.01288836 0.3340237
Guest-5 ori 79.27087 79.31994
Grain 0 0 1 0 0
Grain 1 0.04765506 0.9310407 0.04279376 0.3592504
Grain 2 0.4792612 0.835777 -0.008104226 0.2678058
Grain 3 0.2617811 0.9053909 0.01288836 0.3340237
Guest-5 OptGrain 1 396 79.31994 82.52904
Grain 0 0 1 0 0
Grain 1 -0.0877431 0.8851704 -0.2734007 0.3660965
Grain 2 0.4792612 0.835777 -0.008104226 0.2678058
Grain 3 0.2617811 0.9053909 0.01288836 0.3340237
Guest-5 ori 84.04179 85.08322
Grain 0 0 0.9999619 0 -0.008726535
Grain 1 -0.0877431 0.8851704 -0.2734007 0.3660965
G