Guest-0 ori 26.43576 27.13468
Grain 0 0 1 0 0
Grain 1 0 1 0 0
Grain 2 0 1 0 0
Grain 3 0.7092481 0.5414496 0.01918074 0.4510339
Guest-0 ori 30.29355 30.37784
Grain 0 0 1 0 0
Grain 1 0 1 0 0
Grain 2 0 0.9999619 -0.008726535 0
Grain 3 0.7092481 0.5414496 0.01918074 0.4510339
Guest-0 OptGrain 2 72 30.37784 30.84349
Grain 0 0 1 0 0
Grain 1 0 1 0 0
Grain 2 0.002130563 0.9975268 -0.03483439 -0.06101135
Grain 3 0.7092481 0.5414496 0.01918074 0.4510339
Guest-0 OptGrain 0 72 34.57131 35.05076
Grain 0 -0.006882838 0.9979992 -0.0343939 -0.05260622
Grain 1 0 1 0 0
Grain 2 0.002130563 0.9975268 -0.03483439 -0.06101135
Grain 3 0.7092481 0.5414496 0.01918074 0.4510339
Guest-0 ori 37.06489 37.15393
Grain 0 -0.006582436 0.9975021 -0.03445265 -0.06131329
Grain 1 0 1 0 0
Grain 2 0.002130563 0.9975268 -0.03483439 -0.06101135
Grain 3 0.7092481 0.5414496 0.01918074 0.4510339
Guest-0 OptGrain 0 24 37.15393 37.28234
Grain 0 -0.01474868 0.9976646 -0.02521108 -0.06174266
Grain 1 0 1 0 0
Grain 2 0.002130563 0