Guest-0 ori 57.11507 58.02959
Grain 0 0 1 0 0
Grain 1 0 1 0 0
Grain 2 0 1 0 0
Grain 3 0 1 0 0
Grain 4 0 1 0 0
Grain 5 0.4952068 0.7393996 -0.04616702 0.453792
Guest-0 ori 61.29692 61.38139
Grain 0 0 1 0 0
Grain 1 0 1 0 0
Grain 2 0 1 0 0
Grain 3 0 1 0 0
Grain 4 0 0.9999619 -0.008726535 0
Grain 5 0.4952068 0.7393996 -0.04616702 0.453792
Guest-0 OptGrain 4 552 61.38139 65.43013
Grain 0 0 1 0 0
Grain 1 0 1 0 0
Grain 2 0 1 0 0
Grain 3 0 1 0 0
Grain 4 -0.1389924 0.8547988 -0.3504547 0.3566254
Grain 5 0.4952068 0.7393996 -0.04616702 0.453792
Guest-0 ori 68.55704 68.64882
Grain 0 0 1 0 0
Grain 1 0 1 0 0
Grain 2 0.008726535 0.9999619 0 0
Grain 3 0 1 0 0
Grain 4 -0.1389924 0.8547988 -0.3504547 0.3566254
Grain 5 0.4952068 0.7393996 -0.04616702 0.453792
Guest-0 OptGrain 2 618 68.64882 73.28826
Grain 0 0 1 0 0
Grain 1 0 1 0 0
Grain 2 0.3195081 0.8651669 -0.2184311 0.3188867
Grain 3 0 1 0 0
Grain 4 -0.1389924 0.8547988 -0.3504547 0.3566254
Grain 5 0.4952068 0.7393996 -0.04616702 0.453792
