Guest-38 oriGrain 9 0.9170009 -0.02015892 0.2171808 0.3339691 30.70358 33.93684
Guest-38 oriGrain 6 -0.9066294 -0.253764 0.1861406 0.2810313 51.41961 61.53518
Guest-38 oriGrain 2 0.9163098 -0.01034467 -0.3785947 0.1301363 79.76896 90.73366
Guest-38 oriGrain 8 0.9983351 0.004657499 -0.05749108 -0.0002160143 112.4662 112.9167
Guest-38 oriGrain 8 -0.9295213 0.1462408 -0.01203546 0.338318 125.8983 129.8976
Guest-38 oriGrain 8 -0.933118 0.15321 -0.2618994 0.1929409 150.5818 151.597
Guest-38 oriGrain 8 -0.9164441 0.05317323 -0.08646847 0.3870738 166.4955 176.0118
Guest-38 oriGrain 1 0.8519595 -0.2041974 -0.4590493 0.147453 194.8276 203.7765
Guest-38 oriGrain 1 0.9034691 -0.06434746 -0.3975979 0.1466931 204.6599 223.4267
Guest-38 oriGrain 3 0.9283774 -0.3203536 -0.1570875 0.1039831 258.2571 263.5569
Guest-38 oriGrain 3 0.8277785 -0.3405569 -0.1929886 0.4019442 265.3062 278.989
Guest-38 oriGrain 3 0.7443612 -0.3327538 -0.1937365 0.5455891 282.0391 291.9386
