Guest-21 oriGrain 23 -0.7033857 0.5198273 -0.04271176 0.4829119 906.5114 909.0266
Guest-6 oriGrain 24 -0.3959858 0.4909565 0.7293466 -0.2649726 926.8104 928.1945
Guest-6 oriGrain 24 -0.1642405 0.1139918 0.8796565 -0.4315499 928.8939 929.4614
Guest-6 oriGrain 4 -0.6348721 -0.2829152 0.3147944 0.6463753 931.4578 932.7201
Guest-6 oriGrain 4 0.5379531 0.08956524 -0.8346922 0.0766385 933.0218 935.822
Guest-21 oriGrain 13 0.8629266 -0.4437839 -0.05221938 0.2359803 913.2079 920.3409
Guest-26 oriGrain 8 0.9999619 -0.008726535 0 0 449.8051 450.7482
Guest-26 oriGrain 8 0.9999619 -0.008726535 0 0 451.579 452.1153
Guest-26 oriGrain 8 0.9999619 -0.008726535 0 0 452.554 453.3254
Guest-26 oriGrain 8 0.9999619 -0.008726535 0 0 453.8606 454.5293
Guest-26 oriGrain 8 0.9999619 -0.008726535 0 0 455.2104 455.5797
Guest-21 oriGrain 14 1 0 0 0 927.4344 930.0595
Guest-6 oriGrain 4 0.02646896 -0.444711 -0.8032256 -0.395424 947.6053 948.8893
Guest-26 oriGrain 16 1 0 0 0 459.9229 460.5099
Guest-6 oriGrain 8 0.9999619 -0.008726535 0 0 950.7711 951.9872
Guest-6 oriGrain 8 0.9999619 -0.008726535 0 0 952.2692 952.8509
Guest-21 oriGrain 18 1 0 0 0 933.8688 934.6368
Guest-21 oriGrain 18 1 0 0 0 935.3381 935.8444
Guest-21 oriGrain 18 1 0 0 0 938.9207 939.4
Guest-6 oriGrain 8 0.9999619 -0.008726535 0 0 957.6475 957.7632
Guest-6 UndoGrain 8 0.9999619 -0.008726535 0 0 0 0
Guest-6 UndoGrain 8 0.9999619 -0.008726535 0 0 0 0
Guest-21 oriGrain 19 1 0 0 0 944.8854 946.6577
Guest-6 oriGrain 8 0.9996573 -0.02617695 0 0 966.9374 967.0549
Guest-21 oriGrain 4 0.02646896 -0.444711 -0.8032256 -0.395424 954.8074 958.5463
Guest-6 oriGrain 8 0.9996573 -0.02617695 0 0 976.1476 978.2101
Guest-21 oriGrain 4 0.02646896 -0.444711 -0.8032256 -0.395424 960.9276 961.7972
