Guest-17 oriGrain 9 0.8959543 -0.04516103 -0.3664625 0.2468434 385.5516 389.4176
Guest-17 oriGrain 9 0.8882636 -0.04871148 -0.3807386 0.2522956 390.1993 393.5446
Guest-17 oriGrain 1 0.8136417 0.3367437 -0.3701039 0.2959967 405.4675 419.7874
Guest-17 oriGrain 1 0.7937135 0.3857475 -0.4055791 0.2381667 428.4105 431.1735
Guest-17 oriGrain 8 -0.8564976 -0.1302256 0.3431097 0.3629446 435.4024 438.4158
Guest-17 oriGrain 8 -0.8669246 -0.05141185 0.3321355 0.3680822 443.9308 445.3423
Guest-17 oriGrain 3 0.1418126 -0.100891 0.9215096 0.3471749 466.2087 466.8444
Guest-32 oriGrain 8 -0.9168351 -0.08749229 0.2263869 0.3170292 49.15722 52.77386
Guest-17 oriGrain 3 0.1286578 -0.1196362 0.9059518 0.3852086 497.8281 507.5341
Guest-17 oriGrain 5 0.8954558 0.190051 0.3650497 0.1696414 512.5757 517.6885
Guest-32 oriGrain 8 -0.1127881 -0.255423 0.2003164 0.9391013 69.07519 76.45905
