Guest-28 oriGrain 24 -0.9740064 -0.11601 0.1287 0.1459096 365.1384 366.3888
Guest-28 oriGrain 24 -0.8791506 -0.2516977 0.2148038 0.3429312 367.1347 368.5845
Guest-33 oriGrain 23 -0.9745933 -0.0390671 0.0892614 0.2016785 224.8015 228.5348
Guest-43 oriGrain 22 -0.9629465 -0.07465593 -0.2575261 0.02899913 16.2235 19.85109
Guest-33 oriGrain 23 -0.8352675 -0.2223819 -0.169365 0.473487 231.2511 231.9344
Guest-28 oriGrain 24 -0.7333807 -0.2797545 0.4462335 0.4298439 369.2137 375.156
Guest-33 oriGrain 23 -0.7510709 -0.0004004762 -0.03401397 0.6593447 238.2995 239.1667
Guest-43 oriGrain 4 1 0 0 0 29.93582 31.01389
Guest-33 oriGrain 23 0.5242912 0.1560807 0.1210932 -0.8283079 239.6991 241.9323
Guest-28 oriGrain 4 1 0 0 0 381.6267 388.8655
Guest-43 oriGrain 19 1 0 0 0 36.28511 37.91344
Guest-28 oriGrain 0 1 0 0 0 400.1119 402.026
Guest-28 oriGrain 0 1 0 0 0 402.7908 403.6393
Guest-43 oriGrain 19 1 0 0 0 46.62633 47.49842
Guest-43 oriGrain 19 1 0 0 0 48.51921 48.62331
Guest-43 oriGrain 19 1 0 0 0 48.87106 48.92392
Guest-33 oriGrain 23 0.5248977 0.156561 0.1203649 -0.8279393 255.0001 256.8995
Guest-43 oriGrain 10 1 0 0 0 52.50595 53.63434
Guest-33 oriGrain 12 1 0 0 0 264.9979 267.6316
Guest-28 oriGrain 13 1 0 0 0 414.0065 426.5859
Guest-43 oriGrain 13 1 0 0 0 74.11357 75.77026
Guest-43 oriGrain 4 1 0 0 0 83.85579 84.88936
Guest-28 oriGrain 15 1 0 0 0 434.2395 438.5827
Guest-43 oriGrain 4 1 0 0 0 96.30318 98.71997
Guest-43 oriGrain 4 1 0 0 0 98.76799 99.52065
Guest-28 oriGrain 18 0.9523083 0.07978628 -0.276911 0.1003167 447.5999 455.071
Guest-33 oriGrain 12 1 0 0 0 314.8785 315.9115
Guest-33 oriGrain 12 1 0 0 0 316.9461 318.2119
Guest-43 oriGrain 10 -0.9543498 -0.066355 0.2827173 0.06988905 104.3391 111.1523
Guest-28 oriGrain 8 -0.9130372 -0.2825882 0.09417856 0.2786348 460.531 464.9417
Guest-43 oriGrain 10 -0.9301147 -0.07398373 0.3582229 0.0330058 112.017 115.3871
Guest-33 oriGrain 20 0.9003381 -0.01278076 0.3521461 0.255384 324.7449 327.329
Guest-28 oriGrain 17 0.8473819 0.3642237 0.06103751 0.3815226 471.6428 474.8707
Guest-43 oriGrain 5 0.9994672 0.01349971 -0.02161408 0.02039574 119.786 124.2038
Guest-43 oriGrain 5 0.9944209 0.0153729 -0.09160655 0.04998913 124.5628 125.6824
Guest-28 oriGrain 1 -0.8195036 -0.02642031 0.2539169 0.5130713 482.2785 487.3535
Guest-43 oriGrain 10 0.6971881 0.09835434 -0.7054615 -0.08111362 130.2957 135.783
Guest-43 oriGrain 10 -0.7207186 -0.1024272 0.6784725 0.09873482 136.4478 140.0198
Guest-33 oriGrain 11 -0.9347124 -0.3045619 -0.0324744 0.1802782 349.2595 355.6434
Guest-43 oriGrain 4 -0.9220036 -0.1183649 0.3359908 0.1516881 146.384 152.5658
Guest-43 oriGrain 5 -0.9752614 -0.02318635 0.2144875 0.04819493 158.7812 159.104
Guest-33 oriGrain 13 0.9070902 -0.2946677 -0.2772236 0.1162131 372.8921 374.1418
Guest-28 oriGrain 16 -0.8891696 0.2523257 -0.2909317 0.2471194 511.6276 519.0803
Guest-33 oriGrain 13 -0.8379352 0.3771473 0.3679687 -0.1422095 375.9269 377.0252
Guest-43 oriGrain 5 0.9891319 0.05831994 -0.01911482 0.1336099 161.1976 168.1406
Guest-28 oriGrain 22 0.8957391 0.1885382 0.3754789 0.1453289 527.5502 531.2274
Guest-43 oriGrain 5 0.9892311 0.05105549 0.01941277 0.1357879 185.7353 187.164
Guest-43 oriGrain 23 -0.5555384 -0.08114497 -0.04169775 0.8264708 197.7727 198.5813
Guest-28 oriGrain 6 0.993815 0.09570427 0.02006253 0.0526308 543.3582 553.7401
Guest-43 oriGrain 15 0.9988095 0.00488836 -0.0473963 0.01046042 209.3369 211.0463
Guest-28 oriGrain 0 0.8753314 0.2958938 0.3374183 0.179974 575.8859 581.0951
Guest-28 oriGrain 4 -0.9291767 -0.1711472 0.3147311 0.09101475 594.0726 598.5319
Guest-28 oriGrain 4 -0.9304911 -0.2292814 0.260139 0.1180845 604.6549 607.5505
Guest-28 oriGrain 4 -0.926527 -0.2796667 0.2341921 0.0921326 612.959 617.4506
Guest-28 oriGrain 15 0.9599815 -0.02440499 -0.18645 0.2075482 625.4377 631.028
