Guest-12 OptGrain 2 0.8681437 -0.3596518 0.3160394 -0.1307522 540 13.72279 23.34554
Guest-45 oriGrain 3 0.9988389 0.0001713072 -0.04797764 0.004359913 33.49548 36.66143
Guest-12 OptGrain 2 0.8671218 -0.3616439 0.3233968 -0.1128188 24 31.77363 32.1007
Guest-15 oriGrain 0 0.819775 -0.1285988 0.396227 0.3929827 625.077 637.5828
Guest-45 OptGrain 3 0.9989565 -0.009416456 -0.03929169 0.02129652 30 35.62944 35.93597
Guest-45 oriGrain 3 0.9991043 -0.009073246 -0.03937232 0.01257828 52.39115 52.57439
Guest-45 OptGrain 3 0.9989564 -0.009416485 -0.03929164 0.02129652 18 39.49789 39.68731
Guest-12 oriGrain 2 0.8671218 -0.3616437 0.3233968 -0.1128187 0 750.345
Guest-45 oriGrain 3 0.9996133 -0.009081586 -0.01755738 0.01955959 63.62182 64.55532
Guest-45 oriGrain 3 0.9987591 -0.0133943 -0.04373019 0.01971122 65.37082 65.95548
Guest-12 oriGrain 2 0.9219541 -0.3587403 -0.09426956 0.1114421 761.3903 762.738
Guest-12 UndoGrain 2 0.9219541 -0.3587403 -0.09426956 0.1114421 0 0
Guest-45 oriGrain 3 0.9809198 0.01649577 -0.1837904 0.06120039 67.67064 80.25092
Guest-45 oriGrain 3 0.9949186 0.001662349 -0.08076265 0.06009718 83.28407 83.43438
Guest-45 oriGrain 3 0.9971316 -0.03630092 -0.03065823 0.05891584 84.03374 84.21628
Guest-45 OptGrain 3 0.9971316 -0.03630092 -0.03065823 0.05891584 66 68.62237 70.90211
Guest-45 OptGrain 3 0.9971316 -0.03630092 -0.03065823 0.05891584 54 69.11104 70.90211
Guest-45 OptGrain 3 0.9971316 -0.03630092 -0.03065823 0.05891584 30 69.81483 70.90211
Guest-45 OptGrain 3 0.9971316 -0.03630092 -0.03065823 0.05891584 12 70.56878 70.90211
Guest-45 oriGrain 3 0.9965795 -0.03656703 -0.0303402 0.06761511 85.4669 85.64942
Guest-45 OptGrain 3 0.9962224 -0.04526232 -0.03092909 0.06734777 18 72.1568 72.33729
Guest-45 oriGrain 3 0.9955968 -0.04553047 -0.03053296 0.07603881 86.11632 86.29958
Guest-45 OptGrain 3 0.9948953 -0.04579518 -0.03013447 0.08472402 18 72.80122 72.99256
Guest-15 oriGrain 0 0.8284004 -0.2180755 0.3250446 0.4006766 669.3865 678.6124
Guest-45 oriGrain 3 0.9941181 -0.04605639 -0.02973376 0.09340282 86.76595 86.98325
Guest-45 OptGrain 3 0.9938207 -0.04523955 -0.03840784 0.09380116 18 73.48519 73.84141
Guest-45 oriGrain 3 0.9929643 -0.04557298 -0.03801157 0.1024702 87.39951 87.56597
Guest-12 oriGrain 2 0.87813 -0.3643672 0.294973 -0.09547365 775.7361 777.2284
Guest-45 OptGrain 3 0.9906553 -0.04533347 -0.04587416 0.1201774 30 74.07367 74.37607
Guest-45 oriGrain 3 0.9916664 -0.04493137 -0.04626796 0.1115278 88.21575 88.4165
Guest-45 OptGrain 3 0.9906552 -0.04533342 -0.0458741 0.1201773 18 74.92284 75.0928
Guest-45 OptGrain 3 0.9906552 -0.04533342 -0.0458741 0.1201773 18 76.88217 77.29657
Guest-45 OptGrain 3 0.9906552 -0.04533342 -0.04587411 0.1201773 18 77.62798 77.81296
Guest-45 OptGrain 3 0.9906552 -0.04533343 -0.04587411 0.1201773 18 78.1775 78.34789
Guest-45 OptGrain 3 0.9906552 -0.04533343 -0.04587412 0.1201773 18 78.69589 79.12868
Guest-45 OptGrain 3 0.9906552 -0.04533343 -0.04587412 0.1201773 18 79.34414 79.75708
Guest-45 OptGrain 3 0.9906552 -0.04533344 -0.04587412 0.1201773 18 79.82343 80.26738
Guest-45 OptGrain 3 0.9906552 -0.04533344 -0.04587413 0.1201773 18 80.58305 80.93394
Guest-45 OptGrain 3 0.9906552 -0.04533345 -0.04587413 0.1201773 18 81.01684 81.38217
Guest-45 OptGrain 3 0.9906552 -0.04533345 -0.04587413 0.1201773 12 81.49821 81.83155
Guest-45 OptGrain 3 0.9906552 -0.04533345 -0.04587413 0.1201773 12 81.49821 81.83155
Guest-45 OptGrain 3 0.9906552 -0.04533345 -0.04587414 0.1201773 18 82.047 82.33419
Guest-45 OptGrain 3 0.9906552 -0.04533346 -0.04587414 0.1201773 18 82.79813 83.0831
Guest-45 oriGrain 3 0.9905018 -0.03363546 -0.04423785 0.125769 99.67991 104.029
Guest-45 OptGrain 3 0.9869296 -0.06029605 -0.04707156 0.1418401 36 92.78695 93.18722
Guest-12 oriGrain 2 0.880991 -0.3684295 0.2823434 -0.09163477 788.8123 796.2404
Guest-45 oriGrain 3 0.9881298 -0.05988302 -0.04759587 0.1332223 106.8109 106.9612
Guest-45 OptGrain 3 0.9892548 -0.0594654 -0.04811663 0.1245942 18 93.37403 93.56349
Guest-45 oriGrain 3 0.9881298 -0.05988305 -0.04759586 0.1332223 107.8278 107.9779
Guest-45 OptGrain 3 0.9875696 -0.06850373 -0.04875662 0.1328019 18 94.39816 94.58499
Guest-15 oriGrain 0 0.8397437 -0.1509765 0.3194839 0.41227 695.482 714.6964
Guest-45 oriGrain 3 0.9875696 -0.06850372 -0.04875649 0.1328019 123.3575 123.5075
Guest-45 oriGrain 3 0.9863927 -0.09923971 -0.05716765 0.1179522 124.4574 126.5735
Guest-45 oriGrain 3 0.9902347 -0.04747993 -0.05091617 0.1207825 129.8888 130.0554
Guest-45 OptGrain 3 0.9916238 -0.03838182 -0.05034805 0.1125802 42 115.9152 116.8949
Guest-45 OptGrain 3 0.9916238 -0.03838182 -0.05034805 0.1125802 18 116.3981 116.8949
Guest-45 oriGrain 3 0.9925684 -0.037941 -0.05068099 0.1039225 130.6051 130.7718
Guest-45 OptGrain 3 0.9925684 -0.03794101 -0.050681 0.1039225 24 117.1932 117.6944
Guest-45 oriGrain 3 0.9934375 -0.03749722 -0.05101011 0.09525682 131.3217 131.5054
Guest-45 OptGrain 3 0.9925684 -0.03794093 -0.05068094 0.1039225 18 117.9264 118.223
Guest-45 OptGrain 3 0.9925684 -0.03794094 -0.05068094 0.1039225 18 118.4385 118.8651
Guest-45 OptGrain 3 0.9925684 -0.03794094 -0.05068093 0.1039225 18 119.0806 119.4138
Guest-45 OptGrain 3 0.9925684 -0.03794095 -0.05068093 0.1039225 18 119.6293 119.9254
Guest-45 OptGrain 3 0.9925684 -0.03794095 -0.05068092 0.1039225 18 120.8588 121.131
Guest-45 OptGrain 3 0.9925684 -0.03794095 -0.05068092 0.1039225 18 121.5122 121.8041
Guest-45 OptGrain 3 0.9925684 -0.03794096 -0.05068092 0.1039225 18 135.3226 135.5108
Guest-45 OptGrain 3 0.9925684 -0.03794095 -0.05068092 0.1039224 18 136.0244 136.2245
Guest-45 OptGrain 3 0.9925684 -0.03794094 -0.05068092 0.1039224 18 136.5228 136.9208
Guest-45 OptGrain 3 0.9925685 -0.03794093 -0.05068092 0.1039224 18 137.07 137.3561
Guest-45 OptGrain 3 0.9925684 -0.03794093 -0.05068092 0.1039224 18 137.4887 137.7842
Guest-45 OptGrain 3 0.9925685 -0.03794092 -0.05068092 0.1039223 18 138.3144 138.532
Guest-45 OptGrain 3 0.9925685 -0.03794091 -0.05068091 0.1039223 18 139.261 139.4758
Guest-45 OptGrain 3 0.9925685 -0.0379409 -0.0506809 0.1039223 18 139.8237 140.1422
Guest-45 OptGrain 3 0.9925685 -0.0379409 -0.05068089 0.1039223 18 140.2253 140.4219
Guest-45 OptGrain 3 0.9925685 -0.0379409 -0.05068089 0.1039222 18 140.5545 140.7402
Guest-45 OptGrain 3 0.9925685 -0.0379409 -0.05068088 0.1039222 18 143.7388 144.1435
Guest-45 OptGrain 3 0.9925685 -0.0379409 -0.05068087 0.1039222 18 145.3962 145.6342
Guest-15 OptGrain 0 0.8433095 -0.1537587 0.3181542 0.4049263 12 147.8873 148.0145
Guest-44 OptGrain 1 0.998363 -0.02804025 -0.02591183 0.0425873 84 150.102 151.0386
Guest-15 oriGrain 0 0.8419356 -0.161112 0.3146085 0.4076873 757.0473 757.1798
Guest-15 OptGrain 0 0.8419356 -0.161112 0.3146085 0.4076873 12 151.751 151.8508
Guest-45 OptGrain 3 0.9937451 -0.03629364 -0.06000955 0.08690371 36 157.4504 157.8172
Guest-45 oriGrain 3 0.9944657 -0.03576852 -0.06032395 0.07822847 174.5783 174.7455
Guest-45 OptGrain 3 0.9937451 -0.03629358 -0.06000952 0.08690374 18 161.1637 161.4416
Guest-12 oriGrain 2 0.9296732 -0.323598 -0.1578607 0.07792338 865.0605 866.0861
Guest-12 OptGrain 2 0.926814 -0.3316986 -0.1585347 0.07654284 12 164.2802 164.3831
Guest-12 oriGrain 2 0.8919241 -0.4009174 0.2037724 -0.04704696 869.2216 876.7855
Guest-44 oriGrain 1 0.9980803 -0.03675134 -0.02628252 0.04235957 195.63 195.8638
Guest-44 OptGrain 1 0.997813 -0.03638029 -0.03499131 0.04267867 18 174.002 174.2048
Guest-44 oriGrain 1 0.9974575 -0.04508622 -0.03536254 0.04237171 196.415 196.5471
Guest-44 OptGrain 1 0.9971109 -0.04471475 -0.04406554 0.04276354 18 174.6853 174.9003
Guest-44 oriGrain 1 0.9974575 -0.04508623 -0.03536256 0.04237171 197.4306 197.5975
Guest-44 OptGrain 1 0.9974575 -0.04508623 -0.03536256 0.04237171 12 175.7453 175.9728
Guest-45 OptGrain 3 0.9933906 -0.04496415 -0.06076561 0.08637676 12 175.7453 175.9728
