Guest-37 oriGrain 9 0.920305 -0.001837749 0.08331653 0.3822221 38.42948 43.78487
Guest-37 oriGrain 9 0.771216 0.4777798 0.2773649 0.3162613 55.24213 57.13503
Guest-37 oriGrain 9 0.7731398 0.474553 0.2757748 0.3178091 70.65798 70.91671
Guest-37 oriGrain 9 -0.5065572 -0.7335274 -0.4531416 0.0003706664 80.49265 84.82281
Guest-37 OptGrain 9 -0.4997175 -0.7044708 -0.5039746 0.003590683 66 86.23225 86.95098
Guest-37 oriGrain 9 -0.4997173 -0.7044709 -0.5039747 0.003590524 124.8724 125.3962
Guest-37 oriGrain 9 -0.4997173 -0.7044709 -0.5039747 0.003590524 130.4647 130.5223
Guest-37 oriGrain 9 -0.482812 -0.7631172 -0.4285626 -0.02964458 159.2393 160.9777
Guest-37 oriGrain 9 -0.4796791 -0.7682828 -0.4226545 -0.03182409 161.6142 161.8764
Guest-37 oriGrain 9 -0.2306279 -0.9123244 -0.336292 -0.03718432 163.0091 170.1737
Guest-37 OptGrain 9 -0.3547896 -0.8590149 -0.3602944 -0.08003507 138 144.683 145.9891
Guest-37 oriGrain 9 -0.3547895 -0.8590149 -0.3602946 -0.080035 176.1488 176.2367
Guest-37 oriGrain 9 -0.3618237 -0.8577791 -0.3557416 -0.08213704 179.7027 179.7964
Guest-37 oriGrain 9 -0.3637626 -0.8556885 -0.3589576 -0.08138452 185.0406 185.1275
