Guest-41 oriGrain 3 0.845318 0.09129784 0.3932015 0.3499925 178.9944 180.9595
Guest-41 oriGrain 3 0.7929302 -0.05624195 0.4365201 0.4213655 188.9938 191.926
Guest-41 oriGrain 3 0.806416 0.004914552 0.4167574 0.4195024 194.2601 196.0603
Guest-41 oriGrain 3 0.9077902 -0.1328951 0.2934348 0.2686112 198.6586 198.9584
Guest-41 oriGrain 3 0.9423449 -0.2050289 0.2015263 0.171279 200.0932 200.4586
Guest-41 oriGrain 3 0.93303 -0.1117213 0.2335831 0.2498245 201.0257 201.3589
Guest-41 oriGrain 3 0.8724983 -0.3312629 0.2455507 0.2621384 202.1252 206.6246
Guest-41 oriGrain 3 0.8652581 -0.3490653 0.2534225 0.2554582 215.7416 216.0087
Guest-41 oriGrain 3 0.8445876 -0.1986717 0.3430279 0.3599071 224.4075 224.7407
Guest-41 oriGrain 3 0.8190618 -0.01450308 0.3738277 0.4349486 226.1773 226.7909
Guest-41 oriGrain 3 0.8602999 -0.1840578 0.3256726 0.3463296 227.1906 227.6918
Guest-41 oriGrain 3 0.851262 -0.2110077 0.3379386 0.3415059 228.205 229.8577
Guest-41 oriGrain 0 -0.3408596 -0.1351273 0.7938897 0.4850716 261.5389 278.6728
Guest-41 oriGrain 0 -0.3519497 -0.152643 0.8428714 0.3773584 287.1373 287.2052
Guest-41 OptGrain 0 -0.3571363 -0.1409756 0.8486679 0.3637891 24 112.7127 113.1942
Guest-41 OptGrain 0 -0.3571363 -0.1409756 0.8486679 0.3637891 132 111.2923 113.2812
