Guest-12 oriGrain 2 -0.8627325 0.3959614 0.1604528 0.2704852 257.7516 259.6481
Guest-15 oriGrain 0 -0.8578548 0.3568776 0.06724858 0.3635946 163.3826 170.8378
Guest-12 oriGrain 2 -0.9249692 0.005895146 0.3121131 0.216755 274.5498 274.9469
Guest-12 oriGrain 2 0.4267605 -0.08477087 -0.182465 0.8817006 275.9198 277.285
Guest-12 oriGrain 2 0.4201336 0.498485 -0.6349263 0.4145709 278.305 278.7622
Guest-12 oriGrain 2 -0.3973323 0.7599656 0.03451063 0.5132139 279.9576 280.4348
Guest-15 oriGrain 0 0.04497666 -0.09087003 0.896086 0.4321454 182.7602 187.2598
Guest-12 UndoGrain 2 -0.3973323 0.7599656 0.03451063 0.5132139 0 0
Guest-12 UndoGrain 2 0.4201336 0.498485 -0.6349263 0.4145709 0 0
Guest-12 UndoGrain 2 -0.9249692 0.005895146 0.3121131 0.216755 0 0
Guest-12 UndoGrain 2 -0.8627325 0.3959614 0.1604528 0.2704852 0 0
Guest-12 UndoGrain 2 -0.8627325 0.3959614 0.1604528 0.2704852 0 0
Guest-19 oriGrain 3 0.991726 -0.04742043 0.06698049 0.09871414 373.5185 378.8176
Guest-19 OptGrain 3 0.8517557 -0.3517053 0.1530557 0.3569167 534 164.7587 171.7871
Guest-19 oriGrain 3 0.8170774 -0.4286543 0.1692413 0.3464066 452.4001 454.9328
Guest-24 oriGrain 1 0.592971 0.6572278 0.3102787 0.346647 180.6876 181.9873
Guest-19 oriGrain 3 0.8692065 -0.2925973 0.1574613 0.3661594 456.7151 462.5138
Guest-24 oriGrain 1 0.3919707 -0.9067556 0.01083421 0.1550355 187.3703 192.3694
Guest-24 UndoGrain 1 0.4042396 -0.9000773 0.01175826 0.1622128 0 0
