Guest-35 oriGrain 2 -0.8680827 0.2777699 0.4023871 0.08579682 73.74685 77.18031
Guest-14 oriGrain 3 0.9776877 0.2011716 0.05060941 0.03310043 558.9482 562.5552
Guest-13 oriGrain 1 0.6404819 0.2473186 -0.7270432 0.004973784 585.9078 590.2994
Guest-13 oriGrain 1 0.8139737 -0.1157085 -0.2249616 0.5229251 590.6272 591.218
Guest-29 oriGrain 0 0.6645238 0.3879411 -0.6379433 -0.0306299 273.8967 275.0145
Guest-14 oriGrain 3 0.6947647 -0.3585089 0.2441282 0.5737376 563.8107 570.731
Guest-14 oriGrain 3 0.7561939 -0.3319871 0.1805633 0.5341837 572.7342 574.5596
Guest-35 oriGrain 2 -0.7949966 0.392779 0.4482684 0.1129627 90.2938 103.3713
Guest-29 oriGrain 0 0.5863149 0.3931195 -0.7074699 -0.03432484 290.4216 293.8774
Guest-14 oriGrain 3 0.7627354 -0.2732747 0.1958502 0.5524477 580.1072 586.4025
Guest-13 oriGrain 1 0.8104463 -0.08242341 -0.1730072 0.5535808 603.1861 614.618
Guest-29 oriGrain 0 -0.4251707 0.04868644 0.7927456 0.4340667 296.4867 296.9022
Guest-29 oriGrain 0 -0.4791769 -0.07446685 0.7953427 0.3636951 298.4762 299.848
Guest-14 oriGrain 3 0.7627286 -0.2393653 0.2308433 0.5546718 593.075 595.9544
Guest-29 oriGrain 0 -0.552407 -0.1430144 0.7109845 0.4109677 300.7204 305.8539
Guest-35 oriGrain 2 -0.8197762 0.3451509 0.4492819 0.0835681 121.9851 124.7961
Guest-13 oriGrain 1 0.7022032 -0.005800367 -0.2130131 0.6793398 634.4739 640.025
Guest-14 oriGrain 3 0.7993785 -0.1207915 0.2054467 0.5515389 614.6908 616.3327
Guest-14 oriGrain 3 0.7886827 -0.1644613 0.2197123 0.5501442 617.6328 618.8624
Guest-13 oriGrain 1 0.7060909 -0.04926002 -0.1343346 0.6935152 647.5435 651.0313
Guest-35 oriGrain 2 -0.7966359 0.4201422 0.4195887 0.1131242 160.8703 169.9491
Guest-14 oriGrain 3 0.7382404 -0.09229158 0.1714028 0.6458364 644.345 653.472
Guest-13 oriGrain 1 0.7559934 -0.2094883 -0.0284577 0.6194988 674.7234 684.5285
Guest-13 oriGrain 1 0.6446894 -0.2476321 0.3844641 0.6125693 685.1906 685.7796
Guest-14 oriGrain 3 0.7090976 -0.2867223 0.02005652 0.6438701 655.3867 664.4993
Guest-14 oriGrain 3 0.6988106 -0.334095 0.002757341 0.6324846 666.1757 667.3489
Guest-14 oriGrain 3 0.7102808 -0.260743 0.01096225 0.6537539 668.093 668.6923
Guest-35 oriGrain 2 -0.7975017 0.4064706 0.4242492 0.1370596 176.8817 189.1442
Guest-14 oriGrain 3 0.7180918 -0.2324409 0.04351908 0.6545392 669.6109 670.188
Guest-13 oriGrain 1 0.6016588 -0.3649888 0.4395359 0.5582097 697.8 701.4747
Guest-35 oriGrain 2 -0.7879881 0.3880412 0.3919387 0.2736473 195.7567 201.0555
Guest-13 oriGrain 1 0.7072345 -0.2492107 0.3238786 0.5769022 706.8654 709.78
Guest-14 oriGrain 3 0.7645451 -0.1946679 0.2700257 0.5519614 680.1169 685.111
Guest-13 oriGrain 1 0.6625902 0.1111645 0.5924043 0.4446054 736.3636 739.2006
Guest-13 oriGrain 1 0.7655362 0.1675329 0.4797641 0.3946053 740.9808 743.206
Guest-13 oriGrain 1 0.8873638 0.2303448 0.252224 0.3096931 744.2216 745.2776
Guest-13 oriGrain 1 0.9291477 0.2658136 0.09823362 0.2374405 746.0017 746.3301
Guest-13 oriGrain 1 0.9380608 0.2988701 -0.02149777 0.1739437 746.8737 747.0936
Guest-13 oriGrain 1 0.9181076 0.336851 -0.1953354 0.07385092 747.6387 747.8578
Guest-13 oriGrain 1 0.9058867 0.3418284 -0.2463312 0.04293632 748.4437 748.5897
Guest-13 oriGrain 1 0.8996117 0.3435722 -0.2679161 0.02963144 749.8603 750.0413
Guest-13 oriGrain 1 0.895384 0.3408239 -0.2860282 0.01773617 750.986 751.4946
Guest-13 oriGrain 1 0.8919762 0.337705 -0.3004487 0.008022889 752.5474 752.8738
Guest-13 oriGrain 1 0.8868217 0.3384745 -0.3146137 -0.0007407367 753.9645 754.1481
Guest-14 oriGrain 3 0.7702086 -0.1796554 0.2758418 0.5462729 736.119 738.2471
Guest-13 oriGrain 1 0.8858294 0.3382518 -0.3176129 -0.003742188 766.4127 767.137
Guest-13 oriGrain 1 0.8848203 0.3380228 -0.320606 -0.006743573 772.6797 772.9704
Guest-13 oriGrain 1 0.8874097 0.3429759 -0.3079753 0.004783317 774.9637 775.1819
Guest-13 oriGrain 1 0.8793103 0.3411008 -0.3317981 -0.01933511 776.9578 777.0306
Guest-13 oriGrain 1 0.8824735 0.3418529 -0.3229104 -0.01029193 780.2215 780.3677
Guest-13 oriGrain 1 0.8949391 0.3315548 -0.2980125 0.01854992 781.8116 781.9568
Guest-13 oriGrain 1 0.8940378 0.3313764 -0.3010707 0.01557641 782.8986 783.0078
Guest-14 oriGrain 3 0.7516704 -0.2422352 0.2758915 0.547903 754.2499 760.2618
Guest-13 oriGrain 1 -0.9570056 0.04191481 0.2443229 0.1506313 809.7338 810.1404
Guest-14 oriGrain 3 0.7575022 -0.2348114 0.2810374 0.5404369 791.499 793.9247
Guest-14 oriGrain 3 0.7924073 -0.1861374 0.2985691 0.4982972 795.8185 797.5872
Guest-14 oriGrain 3 0.7526482 -0.2398859 0.2919977 0.539178 798.7311 799.5307
Guest-13 oriGrain 1 -0.9558827 0.01667422 0.2523577 0.1494186 841.805 841.9147
Guest-35 oriGrain 2 -0.7655529 0.4139873 0.4070378 0.2772428 328.6989 336.3107
Guest-13 oriGrain 1 -0.9540865 -0.008578233 0.2602145 0.1481005 847.0957 847.2072
Guest-14 oriGrain 3 0.7827474 -0.2025939 0.2401664 0.5371985 814.9844 821.2882
Guest-13 oriGrain 1 -0.9540865 -0.008578233 0.2602145 0.1481005 848.5839 848.6563
Guest-13 oriGrain 1 -0.9559372 -0.02775103 0.250338 0.1508141 850.179 850.2879
Guest-13 oriGrain 1 -0.9552797 -0.02279791 0.2538507 0.1499358 851.5922 851.665
Guest-13 oriGrain 1 -0.9637024 -0.02917684 0.2124951 0.1589724 853.9253 854.0363
Guest-13 oriGrain 1 -0.9651595 -0.04889378 0.1984098 0.1634329 855.0188 855.1265
Guest-13 oriGrain 1 -0.9643495 -0.05747858 0.1996744 0.1638791 857.124 857.1969
Guest-13 oriGrain 1 -0.9634662 -0.06605908 0.2009239 0.1643126 858.0441 858.153
Guest-13 oriGrain 1 -0.9595243 -0.08620726 0.212335 0.1636929 858.9533 859.0621
Guest-13 oriGrain 1 -0.9589708 -0.09049129 0.2129289 0.1638526 860.0412 860.1146
Guest-35 oriGrain 2 -0.6702459 0.4899309 0.2666166 0.4895444 359.5666 377.9129
Guest-29 oriGrain 0 0.5317817 0.2977847 -0.7364202 -0.2936289 581.0341 582.4005
Guest-29 oriGrain 0 -0.6167104 -0.08949807 0.6769935 0.3915843 582.9621 585.0672
Guest-14 oriGrain 3 0.698934 -0.3093733 0.1531628 0.6263551 871.2077 878.2601
Guest-29 oriGrain 0 -0.6067794 -0.1826745 0.6943748 0.3410169 586.3261 589.5323
Guest-14 oriGrain 3 0.5850415 -0.4221181 -0.01231244 0.6923807 881.1527 884.6896
Guest-29 oriGrain 0 -0.3480601 -0.458102 -0.6035365 -0.5520329 590.4321 594.7427
Guest-13 oriGrain 1 -0.8820136 0.3339489 -0.2691345 0.1951842 914.1974 914.7094
Guest-29 oriGrain 0 0.4820936 0.4675329 0.529347 0.51845 596.2177 597.8112
Guest-35 oriGrain 2 -0.8139204 0.3522951 0.2389386 0.3953861 395.1579 409.052
Guest-13 oriGrain 1 -0.9671829 0.1933786 0.01804598 0.1638179 916.2308 916.4111
Guest-13 oriGrain 1 -0.9544403 0.2353859 -0.04492731 0.1778166 917.4233 917.6045
Guest-13 oriGrain 1 -0.9349892 0.2758658 -0.1372116 0.1756879 918.4373 918.6544
