Guest-34 oriGrain 3 0.9815896 0.1901603 0.008649971 0.01568625 381.0805 381.7617
Guest-34 oriGrain 3 0.9319721 0.3612538 0.008329139 0.02923014 382.3279 385.7577
Guest-34 oriGrain 2 -0.8512735 -0.241239 0.3587166 0.2974213 390.3028 394.9972
Guest-34 oriGrain 0 -0.9067969 -0.01970791 0.4201742 0.02800944 398.6405 402.5706
Guest-34 oriGrain 0 -0.9243702 0.2591272 0.2189957 0.1744526 404.1512 408.8796
Guest-34 oriGrain 0 -0.9294362 0.2773364 0.1796652 0.1641746 409.4441 416.0529
Guest-34 oriGrain 0 -0.9337676 0.287293 0.1135783 0.1806675 419.3838 419.5
Guest-34 oriGrain 3 0.9126084 0.1737155 -0.2991898 0.2178402 423.4294 433.1844
Guest-34 oriGrain 3 0.7798603 0.2755793 -0.5351093 0.1718491 440.109 440.5914
Guest-34 oriGrain 3 0.6974196 0.2394824 -0.6528642 0.17327 441.8067 443.6711
Guest-34 oriGrain 3 0.7230673 0.3270647 -0.5870755 0.1598271 444.6863 447.0338
Guest-34 oriGrain 3 0.7071964 0.3126003 -0.6135286 0.1604279 448.0328 448.765
Guest-34 oriGrain 3 0.7004166 0.3338878 -0.6119021 0.1533343 449.8475 450.5446
Guest-34 oriGrain 3 0.7677562 0.2529764 -0.5611899 0.1778182 451.2625 453.1437
Guest-34 oriGrain 3 0.8610155 0.1284465 -0.4316315 0.236322 455.2911 460.4677
