Guest-1 oriGrain 9 -0.8958696 -0.3006262 -0.3117427 -0.09928746
Guest-1 oriGrain 9 -0.8088725 -0.348083 -0.4596444 -0.1152851
Guest-1 OptGrain 9 -0.834347 -0.3817707 -0.3763293 -0.1284225 96
Guest-1 oriGrain 9 -0.8343471 -0.3817707 -0.3763293 -0.1284224
Guest-1 oriGrain 5 0.8966718 0.4207598 -0.07467924 0.1156022
Guest-1 oriGrain 5 0.9286197 0.2279315 -0.07631731 0.2826451
Guest-1 oriGrain 5 0.9019364 0.2036367 0.08745182 0.3706684
Guest-1 OptGrain 5 0.855957 0.3497066 0.1474304 0.3511513 132
Guest-1 oriGrain 2 0.9022949 -0.3909021 0.1749898 -0.04937727
Guest-1 OptGrain 2 0.8548594 -0.3516745 0.3549576 -0.1398059 186
Guest-1 oriGrain 8 0.7670481 -0.05241664 0.4615924 0.4425181
Guest-1 oriGrain 3 0.8749648 -0.2064699 0.4295655 0.08532406
Guest-1 OptGrain 3 0.8556823 -0.3421577 0.3495975 0.1688713 174
Guest-1 oriGrain 0 -0.6151059 -0.6586338 -0.399455 0.1681731
Guest-1 OptGrain 0 -0.6322544 -0.663152 -0.3602311 0.1752643 48
Guest-1 oriGrain 7 -0.9005465 0.2732623 -0.2400176 0.2381917
Guest-1 OptGrain 7 -0.8640172 0.2562084 -0.361524 0.2390228 126
Guest-1 oriGrain 1 -0.8537895 0.02338859 -0.4602851 0.2421448
Guest-1 OptGrain 1 -0.8578023 -0.168116 -0.3511317 0.3355874 210
Guest-1 oriGrain 6 -0.977053 0.08798215 -0.1901647 0.03826137
Guest-1 oriGrain 6 -0.9511628 0.000007063151 -0.2789238 0.1322531
Guest-1 OptGrain 6 -0.9229811 0.004561424 -0.3845949 -0.01311201 222
Guest-1 oriGrain 6 0.9229811 -0.004561455 0.3845948 0.013112
Guest-1 oriGrain 6 0.9238152 0.06685777 0.3716457 0.06304657
Guest-1 OptGrain 6 0.9241669 -0.0006038366 0.381658 0.01588315 90
Guest-1 oriGrain 1 -0.8840566 -0.1925487 -0.2779181 0.3226925
Guest-1 OptGrain 1 -0.8943886 -0.2241319 -0.2354781 0.3072199 72
Guest-1 oriGrain 8 0.6958752 -0.2369494 0.6007779 0.3141319
Guest-1 OptGrain 8 0.6622159 -0.2440672 0.6473008 0.2879288 72
Guest-1 oriGrain 2 -0.9153454 0.2286335 -0.2532665 0.2138358
Guest-1 oriGrain 2 -0.9141893 0.2271653 -0.2501634 0.2237679
Guest-1 OptGrain 2 -0.9029506 0.2376863 -0.1107511 0.3404697 216
Guest-1 oriGrain 5 -0.6770584 -0.5791777 -0.3630064 -0.2727114
Guest-1 OptGrain 5 -0.5171437 -0.7263454 -0.3287453 -0.3113059 240
Guest-1 oriGrain 0 -0.7297657 -0.6482023 -0.1768079 0.1265495
Guest-1 OptGrain 0 -0.7325104 -0.5671684 -0.302349 0.2243519 204
Guest-1 oriGrain 4 -0.9980297 0.0615765 -0.01091393 0.005093153
Guest-1 OptGrain 4 -0.9999899 0.0005551467 -0.001926865 -0.004044924 72
Guest-1 oriGrain 6 0.9238269 0.03901971 0.3801479 0.02256029
Guest-1 OptGrain 6 0.9213251 0.01614091 0.3882334 0.01320105 36
Guest-1 oriGrain 6 0.9261882 0.01806361 0.3764735 0.01081373
Guest-1 oriGrain 6 0.9209928 0.05030588 0.3848976 0.03309871
Guest-1 OptGrain 6 0.9225879 0.01272149 0.3854202 0.01100556 48
Guest-1 oriGrain 8 0.7089049 -0.2386996 0.6095664 0.2624981
Guest-1 OptGrain 8 0.6625562 -0.2416506 0.6491382 0.2850333 90
Guest-1 oriGrain 2 -0.9146435 0.2273452 -0.06378534 0.3281355
Guest-1 OptGrain 2 -0.9236585 0.1212281 -0.05451687 0.3594255 126
Guest-1 oriGrain 5 -0.481514 -0.7505569 -0.3642586 -0.2685599
Guest-1 OptGrain 5 -0.479152 -0.753707 -0.357695 -0.2727517 12
Guest-1 oriGrain 7 -0.8444866 0.2543484 -0.3992539 0.2504908
Guest-1 OptGrain 7 -0.8422349 0.2617082 -0.4014246 0.2469971 12
Guest-1 oriGrain 0 -0.7180803 -0.5753443 -0.3276423 0.214453
Guest-1 OptGrain 0 -0.7310953 -0.5701266 -0.2974182 0.2280303 36
Guest-1 oriGrain 9 -0.8294144 -0.3906028 -0.3841583 -0.1091952
Guest-1 OptGrain 9 -0.8340141 -0.3826971 -0.3754455 -0.1303996 30
Guest-1 oriGrain 6 0.9267533 0.01965772 0.3750482 0.008992789
Guest-1 OptGrain 6 0.9266395 0.02292985 0.3748624 0.01707979 24
Guest-1 oriGrain 5 -0.4444575 -0.7621263 -0.4038579 -0.2419089
Guest-1 OptGrain 5 -0.4423295 -0.7656215 -0.3971918 -0.2457783 12
Guest-1 oriGrain 2 -0.9288016 0.1235182 -0.01483981 0.3490712
Guest-1 OptGrain 2 -0.9280948 0.1143383 -0.03914792 0.352185 36
Guest-1 oriGrain 4 0.9990472 0.01750337 0.03217751 0.02372983
Guest-1 OptGrain 4 0.9998891 0.0002881616 -0.00266657 0.01465152 60
Guest-1 oriGrain 6 -0.9023964 -0.0758062 -0.3788522 0.1908013
Guest-1 OptGrain 6 -0.904027 -0.07910939 -0.3781762 0.1829192 12
Guest-1 oriGrain 8 0.713833 -0.2129559 0.6308098 0.2171893
Guest-1 OptGrain 8 0.7086076 -0.04318928 0.6990203 0.08591103 222
Guest-1 oriGrain 1 -0.8566902 -0.2620969 0.05892263 0.440358
Guest-1 OptGrain 1 -0.8571718 -0.2659297 0.05144445 0.4380541 12
Guest-1 oriGrain 7 -0.5836854 -0.2738908 -0.5720083 0.507052
Guest-1 OptGrain 7 -0.5639883 -0.2741135 -0.2622629 0.733483 396
Guest-1 oriGrain 2 -0.8434685 0.003891006 -0.3232881 0.4289877
Guest-1 OptGrain 2 -0.8969706 0.1395831 -0.01734359 0.4191178 258
Guest-1 oriGrain 2 -0.8638449 0.3118156 0.0005915911 0.3956548
Guest-1 OptGrain 2 -0.9232832 0.10108 0.06121108 0.3654917 210
Guest-1 oriGrain 8 -0.5375512 -0.0006420687 -0.8382699 0.0913341
Guest-1 OptGrain 8 -0.7091984 0.09418505 -0.6830804 -0.1468608 414
Guest-1 oriGrain 8 0.6890923 -0.110825 0.7023804 0.1397547
Guest-1 oriGrain 8 0.7095184 -0.09834938 0.6823899 0.1457917
Guest-1 oriGrain 8 0.7082191 -0.09239075 0.6832221 0.1519778
Guest-1 OptGrain 8 0.7068659 -0.08642507 0.6840024 0.1581523 18
Guest-1 oriGrain 1 -0.8923688 -0.1350461 -0.1177244 0.4142239
Guest-1 OptGrain 1 -0.8751383 -0.3111003 -0.008216555 0.370516 198
Guest-1 oriGrain 9 -0.7338492 -0.3887633 -0.5294631 -0.1731972
Guest-1 OptGrain 9 -0.7772677 -0.4466661 -0.436689 -0.07514784 168
Guest-1 oriGrain 9 -0.8217883 -0.3517057 -0.4423381 -0.07283066
Guest-1 OptGrain 9 -0.7805594 -0.4457496 -0.4382005 -0.003843567 108
Guest-1 oriGrain 9 -0.7130606 -0.05038647 -0.5056335 0.4830533
Guest-1 oriGrain 9 -0.7195349 -0.04851196 -0.4990728 0.4804607
Guest-1 OptGrain 9 -0.745059 -0.03369484 -0.4773236 0.4646656 54
Guest-1 oriGrain 9 -0.7060489 -0.1013203 -0.4735442 0.516706
Guest-1 OptGrain 9 -0.7342896 -0.01934857 -0.4858387 0.4737143 102
Guest-1 oriGrain 9 -0.7060077 -0.06418008 -0.5204691 0.4759685
Guest-1 oriGrain 1 -0.7067496 -0.6119556 -0.2293138 0.2709807
Guest-1 OptGrain 1 -0.704358 -0.6099312 -0.2346453 0.2771378 12
Guest-1 OptGrain 9 -0.728493 -0.01382642 -0.4852228 0.4833897 72
Guest-1 oriGrain 1 -0.5116201 -0.4799129 -0.5289059 0.4776893
Guest-1 OptGrain 1 -0.4943744 -0.5155681 -0.4858113 0.5037568 66
Guest-1 oriGrain 1 0.3785462 -0.7433454 0.2191692 0.5060686
Guest-1 OptGrain 1 0.2702208 -0.6897872 0.2588601 0.6198112 198
Guest-1 oriGrain 8 -0.8069907 0.1528158 -0.2963026 0.4874608
Guest-1 OptGrain 8 -0.746621 0.185376 -0.2770987 0.5756814 84
Guest-1 UndoGrain 8 -0.746621 0.1853758 -0.2770983 0.5756817
Guest-1 oriGrain 8 0.7041839 -0.08880887 0.6864827 0.1580492
Guest-1 UndoGrain 8 0.7041839 -0.08880887 0.6864827 0.1580492
Guest-1 oriGrain 8 0.3649621 -0.3800891 0.781415 -0.3342539
Guest-1 OptGrain 8 0.5718802 -0.414443 0.618084 -0.3451988 330
Guest-1 oriGrain 2 -0.9464573 -0.2934197 -0.1259961 0.04741769
Guest-1 OptGrain 2 -0.9113462 -0.3928641 -0.1147812 0.04394676 90
Guest-1 oriGrain 5 -0.2981141 -0.693823 -0.2909741 -0.5874282
Guest-1 OptGrain 5 -0.2729895 -0.848836 -0.2502035 -0.3772962 252
Guest-1 oriGrain 3 0.7788768 -0.4109521 0.459478 0.1155397
Guest-1 OptGrain 3 0.8440976 -0.363725 0.3771811 0.1137445 156
Guest-1 oriGrain 5 -0.1555265 -0.8657014 -0.21562 -0.4241233
Guest-1 OptGrain 5 -0.147966 -0.8670257 -0.219313 -0.4222256 12
Guest-1 oriGrain 0 -0.5827573 -0.4686781 -0.5815004 0.3203001
Guest-1 OptGrain 0 -0.7066917 -0.5569248 -0.3391225 0.2746226 354
Guest-1 oriGrain 0 -0.7066916 -0.5569248 -0.3391226 0.2746227
Guest-1 oriGrain 1 0.4865285 -0.772214 0.2891297 0.2887552
Guest-1 OptGrain 1 0.3802143 -0.8145117 0.2209918 0.3783787 156
Guest-1 oriGrain 6 -0.6644074 -0.5267075 -0.4628704 -0.2586369
Guest-1 OptGrain 6 -0.661966 -0.5479232 -0.4632634 -0.2167217 60
Guest-1 oriGrain 6 -0.228501 -0.5058011 -0.7681146 -0.3193002
Guest-1 OptGrain 6 -0.3432844 -0.1953924 -0.7290186 -0.5590256 468
Guest-1 oriGrain 0 -0.8141985 -0.4458131 -0.2316107 0.2910122
Guest-1 OptGrain 0 -0.8116279 -0.4437749 -0.2354923 0.2981062 12
Guest-1 oriGrain 0 -0.7286926 -0.4647313 -0.26809 0.4256286
Guest-1 OptGrain 0 -0.6529455 -0.4569046 -0.311232 0.5177209 120
Guest-1 oriGrain 7 0.2951937 0.604329 0.2911937 -0.6803333
Guest-1 OptGrain 7 0.3363077 0.5958034 0.2963928 -0.6663834 66
Guest-1 oriGrain 7 -0.1525608 -0.9061757 -0.1811253 0.3503774
Guest-1 OptGrain 7 -0.1302071 -0.9203195 -0.1804742 0.3216945 42
Guest-1 oriGrain 7 -0.195225 -0.8719071 -0.2282746 0.3867247
Guest-1 OptGrain 7 -0.2664126 -0.896707 -0.1809572 0.3036371 150
Guest-1 oriGrain 8 -0.4773524 0.1728367 -0.727242 0.4619322
Guest-1 OptGrain 8 -0.4904242 0.2653386 -0.6984784 0.4485617 120
Guest-1 oriGrain 6 -0.07496765 -0.1974166 -0.7385867 -0.6402314
Guest-1 oriGrain 6 -0.1828577 -0.169994 -0.9594827 -0.1306071
Guest-1 OptGrain 6 -0.207657 -0.1655272 -0.9638835 0.02019577 162
Guest-1 oriGrain 6 -0.2814994 -0.06554819 -0.9428979 0.1655449
Guest-1 OptGrain 6 -0.3100575 0.1131659 -0.9391844 0.09481807 276
Guest-1 oriGrain 6 0.3108731 -0.1049658 0.9401363 -0.09210867
