Guest-3 oriGrain 7 -0.9023927 -0.08420707 -0.3571339 0.2259468
Guest-3 oriGrain 5 0.9049708 -0.1779549 0.3803476 0.06852522
Guest-3 oriGrain 6 -0.8710936 0.04645373 0.3679492 0.3219493
Guest-3 oriGrain 0 0.7891631 0.06952517 -0.4083405 0.4534821
Guest-3 oriGrain 3 -0.8213384 -0.2226988 0.3371848 0.4026349
Guest-3 oriGrain 8 0.4464564 0.05585556 -0.8909248 0.06172436
Guest-3 oriGrain 2 0.900462 0.1050459 0.1228966 0.4037698
Guest-3 oriGrain 1 0.9191964 -0.3334508 -0.09309116 0.1876771
Guest-3 oriGrain 1 0.9709258 -0.158033 0.005684562 0.1797118
Guest-3 oriGrain 9 0.9043584 -0.1209769 -0.3838078 0.1420986
Guest-3 oriGrain 4 0.9639916 -0.262149 -0.001149451 0.04468516
Guest-3 OptGrain 3 -0.7991744 -0.120109 0.4245126 0.4082683 150
Guest-3 OptGrain 7 -0.9003308 -0.2224624 -0.223009 0.3003029 198
Guest-3 OptGrain 4 0.8379528 -0.5337431 -0.07204633 -0.0881065 438
Guest-3 OptGrain 2 0.8993552 0.1015184 0.1307499 0.4046711 12
Guest-3 OptGrain 3 -0.8064615 -0.127216 0.4105006 0.40611 18
Guest-3 OptGrain 1 0.9976866 -0.02556392 -0.008691896 0.06238918 192
Guest-3 OptGrain 7 -0.8960463 -0.3287877 -0.05077082 0.2939766 252
Guest-3 OptGrain 0 0.8276934 0.1079341 -0.3802142 0.3983854 84
Guest-3 OptGrain 5 0.9124368 -0.07828183 0.3931025 0.08246994 102
Guest-3 OptGrain 8 0.4224399 0.04957596 -0.9027733 0.06392995 42
Guest-3 OptGrain 6 -0.8669061 0.06445649 0.3698623 0.327904 24
Guest-3 OptGrain 9 0.9081608 -0.1526656 -0.3769074 0.09938887 78
Guest-3 oriGrain 6 -0.5772092 -0.08185835 0.4358431 0.6856891
Guest-3 OptGrain 6 -0.5093367 0.003913699 0.5075086 0.694979 102
Guest-3 OptGrain 2 0.8998966 0.1239111 0.1421101 0.393239 30
Guest-3 oriGrain 2 0.4904245 0.2574461 -0.7168288 0.4235113
Guest-3 OptGrain 2 0.4948386 0.5143443 -0.4791189 0.5109107 366
Guest-3 OptGrain 8 0.3806618 -0.02013356 -0.924105 0.02685587 114
Guest-3 oriGrain 0 0.8840243 0.06953129 -0.02575069 0.4615229
Guest-3 OptGrain 0 0.8928445 0.02309961 -0.08673438 0.44133 90
Guest-3 OptGrain 9 0.9104514 -0.1427471 -0.3807743 0.07558186 24
Guest-3 oriGrain 9 -0.08752447 -0.1635843 0.8296512 -0.5265536
Guest-3 OptGrain 9 -0.1485173 -0.2943171 0.7750367 -0.5391086 150
Guest-3 OptGrain 0 0.8932982 0.02703124 -0.07508721 0.4423228 18
Guest-3 oriGrain 0 0.6469021 0.1137557 -0.009009525 0.7539868
Guest-3 OptGrain 0 0.3266785 0.08368398 -0.04899702 0.9401476 306
Guest-3 oriGrain 2 0.5844551 0.671786 -0.4548866 0.01393102
Guest-3 OptGrain 2 0.5843112 0.6677908 -0.4607317 0.01903076 12
Guest-3 oriGrain 2 0.5841229 0.6637448 -0.4665416 0.0241291
Guest-3 OptGrain 2 0.6211393 0.5149559 -0.5848303 0.0835456 198
Guest-3 OptGrain 8 -0.3727429 0.01664638 0.9271203 -0.03512248 30
Guest-3 OptGrain 9 -0.1485173 -0.2943171 0.7750367 -0.5391086 18
Guest-3 OptGrain 9 -0.1485173 -0.2943172 0.7750368 -0.5391087 18
Guest-3 OptGrain 0 -0.3266786 -0.08368399 0.04899704 -0.9401476 18
Guest-3 OptGrain 2 0.6204887 0.5102701 -0.5908958 0.07389504 18
Guest-3 oriGrain 2 0.3238477 0.5169627 -0.7388344 -0.2863494
Guest-3 OptGrain 2 0.477985 0.6222839 -0.59496 -0.174114 240
Guest-3 oriGrain 2 0.8265347 0.4952329 -0.09108716 0.251571
Guest-3 OptGrain 2 0.6477204 0.7094156 -0.2092622 0.1827495 342
Guest-3 oriGrain 2 0.2832628 0.9026062 -0.3078056 -0.1015878
Guest-3 oriGrain 2 0.2753754 0.9050437 -0.3086804 -0.09889784
Guest-3 OptGrain 2 -0.02183089 0.896892 -0.4265497 -0.1147324 360
Guest-3 OptGrain 8 -0.3723333 0.02799053 0.9271826 -0.03028097 18
Guest-3 OptGrain 6 -0.5257972 0.006705265 0.5028989 0.6859921 12
Guest-3 oriGrain 0 -0.0003570723 -0.1305299 -0.02323735 -0.991172
Guest-3 OptGrain 0 0.01073975 -0.3893608 -0.09063445 -0.9165524 246
Guest-3 oriGrain 2 -0.6309695 -0.767543 -0.1109335 -0.0211901
Guest-3 OptGrain 2 -0.6523803 -0.7542902 -0.04527965 0.05827642 90
Guest-3 OptGrain 1 0.9973313 -0.01755561 0.000851582 0.070862 30
Guest-3 OptGrain 3 -0.803959 -0.1165939 0.4139725 0.4107099 18
Guest-3 OptGrain 4 -0.833707 0.5316523 0.09793863 0.1126347 36
Guest-3 OptGrain 5 0.9038345 -0.01189379 0.4013413 0.1478744 102
Guest-3 OptGrain 2 -0.6528641 -0.7546565 -0.03869569 0.05258127 12
Guest-3 OptGrain 6 -0.5197909 0.002316465 0.5029382 0.6905544 24
Guest-3 oriGrain 6 -0.519791 0.002316475 0.5029379 0.6905544
Guest-3 oriGrain 6 -0.5277577 0.002267986 0.5022919 0.6849596
Guest-3 oriGrain 6 -0.5833793 0.02561349 0.4632323 0.6666547
Guest-3 oriGrain 6 -0.4839192 -0.001123756 0.5410348 0.6878244
Guest-3 oriGrain 6 -0.4292808 -0.0001772493 0.587189 0.6862413
Guest-3 oriGrain 6 -0.4711217 0.02023987 0.5638798 0.6779928
Guest-3 OptGrain 6 -0.5214061 0.003921635 0.4995934 0.6917562 96
Guest-3 OptGrain 0 -0.004466386 -0.3797067 -0.09731867 -0.919963 24
Guest-3 OptGrain 3 -0.8049458 -0.1095736 0.4103727 0.4143068 12
Guest-3 OptGrain 5 0.9050906 -0.01539565 0.4012222 0.1399815 12
Guest-3 oriGrain 5 0.9050906 -0.01539565 0.4012221 0.1399815
