Guest-0 oriGrain 4 -0.9043141 -0.1375204 -0.3946775 0.08679791 
Guest-0 oriGrain 4 -0.9143508 -0.132479 -0.371562 0.09139782 
Guest-0 oriGrain 4 -0.9072712 -0.1377738 -0.3840535 0.1018835 
Guest-0 oriGrain 2 0.8958595 0.1063338 0.2707641 0.3358807 
Guest-0 oriGrain 7 0.9967653 0.02966484 -0.01703186 0.07272413 
Guest-0 oriGrain 7 0.9517025 0.1103636 -0.2629817 0.1136793 
Guest-0 oriGrain 7 0.9115143 0.1903989 -0.3470912 0.1114345 
Guest-0 oriGrain 8 0.8289807 -0.2891349 0.19034 0.4392754 
Guest-0 oriGrain 9 -0.9170852 -0.02481526 -0.07316434 0.3911342 
Guest-0 oriGrain 5 -0.85254 -0.4358874 -0.1419438 0.2510572 
Guest-0 oriGrain 3 0.9914075 0.07906962 0.03434152 0.09838675 
Guest-0 oriGrain 2 0.8810626 0.1425205 0.2305638 0.38763 
Guest-0 oriGrain 2 0.8708938 0.3409218 -0.01244895 0.3537814 
Guest-0 oriGrain 3 0.9257802 0.1657261 0.05704044 0.334981 
Guest-0 oriGrain 2 0.5620148 0.1306891 0.2396768 0.7807782 
Guest-0 oriGrain 6 0.9498567 -0.2077193 0.2294821 -0.04430643 
Guest-0 oriGrain 2 0.3539793 -0.04546098 0.3103894 0.8810734 
Guest-0 oriGrain 5 -0.7973418 -0.542585 -0.260944 0.04190149 
Guest-0 oriGrain 1 0.938063 -0.1871899 -0.2089027 0.2033653 
Guest-0 OptGrain 9 -0.8941122 -0.1675631 0.05344137 0.4118617 
Guest-0 oriGrain 9 -0.8929126 -0.1654439 0.05268567 0.415403 
Guest-0 OptGrain 5 -0.8078859 -0.5173828 -0.282047 0.00920554 
Guest-0 OptGrain 0 0.97454 -0.2167754 -0.01128243 -0.05615117 
Guest-0 oriGrain 0 -0.97454 0.2167754 0.01128244 0.05615118 
Guest-0 OptGrain 6 0.954153 -0.2361629 0.1570423 -0.09569214 
Guest-0 oriGrain 6 -0.954153 0.2361628 -0.1570423 0.09569224 
Guest-0 oriGrain 8 0.9164204 -0.2569441 0.09683555 0.2911637 
Guest-0 OptGrain 8 0.9114918 -0.2081993 0.164594 0.3142365 
Guest-0 oriGrain 8 0.6463379 -0.3321154 0.6522712 0.2156133 
Guest-0 OptGrain 8 0.5921278 -0.441829 0.5571737 0.3791163 
Guest-0 oriGrain 2 -0.4000679 0.1930045 -0.3544438 -0.8228394 
Guest-0 oriGrain 2 -0.4072332 0.1960902 -0.352746 -0.8193168 
Guest-0 OptGrain 2 -0.4473267 0.3692723 -0.2802206 -0.7648616 
Guest-0 oriGrain 2 -0.4473267 0.3692724 -0.2802208 -0.7648615 
Guest-0 oriGrain 2 0.5236218 -0.06927668 0.7704318 0.3570096 
Guest-0 oriGrain 2 -0.4473267 0.3692724 -0.2802208 -0.7648615 
Guest-0 oriGrain 2 0.5491022 -0.2015273 0.4495617 0.6751058 
Guest-0 oriGrain 2 0.5491022 -0.2015273 0.4495617 0.6751058 
Guest-0 oriGrain 2 -0.4473267 0.3692724 -0.2802208 -0.7648615 
Guest-0 oriGrain 3 -0.7227455 -0.07599736 -0.2057219 0.6553944 
Guest-0 oriGrain 3 -0.7227455 -0.07599736 -0.2057219 0.6553944 
Guest-0 OptGrain 3 0.9242988 0.1737987 0.05996149 0.3344705 
Guest-0 oriGrain 3 0.9242988 0.1737987 0.05996132 0.3344705 
Guest-0 OptGrain 3 0.9242988 0.1737987 0.05996132 0.3344705 
Guest-0 OptGrain 6 -0.9527462 0.2353187 -0.1653628 0.09774946 
Guest-0 oriGrain 6 -0.9527462 0.2353187 -0.1653627 0.09774946 
