Guest-4 oriGrain 3 -0.9924614 0.00155915 -0.1175104 0.03477366 
Guest-4 oriGrain 3 0.7994826 0.01130161 0.598419 0.05093687 
Guest-4 oriGrain 3 0.7990077 0.01652323 0.5982976 0.05791156 
Guest-4 oriGrain 2 0.8642879 0.1800356 0.1815487 0.4331672 
Guest-4 oriGrain 2 0.777034 0.1017099 0.3473847 0.514973 
Guest-4 OptGrain 2 0.7739729 0.09721213 0.3541523 0.515841 
Guest-4 oriGrain 2 0.7730951 0.1039624 0.3586404 0.5127308 
Guest-4 OptGrain 2 0.744365 0.1076916 0.4151808 0.5118089 
Guest-4 oriGrain 2 0.7479597 0.1121538 0.4086692 0.5108496 
Guest-4 OptGrain 2 0.744365 0.1076916 0.4151808 0.5118089 
Guest-4 oriGrain 2 0.7200165 0.1419342 0.5066391 0.4524907 
Guest-4 oriGrain 3 -0.4208594 0.1208202 0.8990348 0.004040562 
Guest-4 oriGrain 3 -0.3896596 0.6001093 0.6817377 -0.1525386 
Guest-4 oriGrain 2 0.7788464 0.2806262 0.5070243 0.2399447 
Guest-4 oriGrain 2 0.7693259 0.2733327 0.50884 0.2729632 
Guest-4 oriGrain 2 0.8277971 0.2969499 0.4041934 0.2513973 
Guest-4 oriGrain 0 0.8939834 -0.1152696 0.3956697 0.175932 
Guest-4 OptGrain 0 0.8948598 -0.1322175 0.3678804 0.2154262 
Guest-4 oriGrain 0 0.8946428 -0.1310601 0.3680627 0.2167197 
Guest-4 OptGrain 0 0.8595107 -0.2086052 0.3477238 0.3111487 
Guest-4 OptGrain 0 0.8595107 -0.2086052 0.3477238 0.3111487 
