Guest-4 oriGrain 9 -0.9108995 -0.3341947 -0.1604037 0.1812363
Guest-4 oriGrain 9 -0.8383178 -0.4080884 -0.3006867 0.2006855
Guest-4 oriGrain 9 -0.8910522 -0.3470525 0.1746969 0.2346521
Guest-4 oriGrain 9 -0.8946317 -0.3494753 0.1443389 0.2380491
Guest-4 oriGrain 9 -0.8817713 -0.3180216 0.2790228 0.2085378
Guest-4 oriGrain 6 0.923358 -0.04801244 0.3802957 0.02190982
Guest-4 oriGrain 5 0.9187154 0.02684374 0.3913015 0.04609323
Guest-4 oriGrain 7 -0.9170517 -0.01033877 -0.3834625 0.1089304
Guest-4 oriGrain 7 -0.923871 -0.01011317 -0.3680111 0.104537
Guest-4 oriGrain 7 -0.9135371 -0.01045051 -0.3911448 0.1111149
Guest-4 oriGrain 7 -0.9063088 -0.006567072 -0.406883 0.1140508
Guest-4 oriGrain 7 -0.911754 -0.002378751 -0.3959525 0.109182
Guest-4 oriGrain 7 -0.9187825 -0.002211966 -0.3806266 0.1046772
Guest-4 oriGrain 3 0.9351352 0.1426442 0.3194257 0.05605258
Guest-4 oriGrain 3 -0.8411644 -0.2278365 -0.4834692 -0.08240587
Guest-4 oriGrain 3 -0.8013116 -0.2497609 -0.5371032 -0.08390138
Guest-4 oriGrain 3 -0.8337829 -0.228036 -0.4981674 -0.06808054
Guest-4 oriGrain 3 -0.8547031 -0.212956 -0.4697903 -0.05856229
Guest-4 oriGrain 3 -0.8500352 -0.2156253 -0.4773484 -0.05553712
Guest-4 OptGrain 3 -0.8595602 -0.3173802 -0.356791 -0.1820064 216
Guest-4 oriGrain 5 -0.8995358 0.1312507 -0.1489266 0.3891393
Guest-4 oriGrain 2 0.8262571 0.2972938 -0.004402354 0.4784311
Guest-4 oriGrain 2 0.7843164 0.3441421 0.0048742 0.5161302
Guest-4 oriGrain 8 0.9067783 0.04189942 -0.2314138 0.3499219
Guest-4 oriGrain 1 0.9678679 0.1723921 -0.1824129 0.01544125
Guest-4 oriGrain 1 -0.7639398 -0.06406778 0.3647106 0.5284671
Guest-4 oriGrain 1 -0.7877849 -0.2001163 0.3427651 0.4710208
Guest-4 oriGrain 1 -0.7761292 -0.2508612 0.3357669 0.4711186
Guest-4 oriGrain 1 -0.784551 -0.2024788 0.3381826 0.4786592
Guest-4 oriGrain 0 -0.9232129 0.04888605 0.3299865 0.1907797
Guest-4 oriGrain 0 -0.951434 0.1429811 0.2675324 0.05249853
Guest-4 oriGrain 0 -0.9618623 0.1582197 0.2231308 -0.0004663505
Guest-4 oriGrain 3 -0.8575596 -0.3933541 -0.3220496 0.07841125
Guest-4 oriGrain 3 -0.9012876 -0.223335 -0.2814899 0.2420036
Guest-4 oriGrain 3 -0.8869934 -0.3408531 -0.2711476 0.1534304
Guest-4 OptGrain 3 -0.8992936 -0.3732756 -0.2173619 0.06848435 108
Guest-4 oriGrain 0 0.8340234 -0.1100721 -0.4482167 0.3023094
Guest-4 oriGrain 0 0.830031 -0.1062864 -0.4154723 0.3565593
Guest-4 oriGrain 0 0.7991159 -0.1033786 -0.4102078 0.4271489
Guest-4 oriGrain 0 0.8744786 -0.09437022 -0.3329116 0.3399284
Guest-4 oriGrain 0 0.8997372 -0.08802731 -0.3059531 0.2985247
Guest-4 oriGrain 9 0.8623994 0.2975216 -0.3979803 -0.09674636
Guest-4 oriGrain 9 -0.7527484 -0.1863577 0.5967229 0.2063067
Guest-4 oriGrain 9 0.7809429 0.3200757 -0.5137045 -0.1542315
Guest-4 oriGrain 5 -0.918391 0.2542159 -0.2634026 0.1501712
Guest-4 OptGrain 5 -0.8168415 0.08683302 -0.4003826 0.4061079 408
Guest-4 OptGrain 2 0.7696969 0.3844256 0.03523574 0.5084703 48
Guest-4 OptGrain 8 0.9519771 0.01864814 -0.008780734 0.3054748 246
Guest-4 OptGrain 1 -0.7796617 -0.1765942 0.3119896 0.5134245 66
Guest-4 oriGrain 1 -0.7796617 -0.1765941 0.3119895 0.5134246
Guest-4 OptGrain 0 0.8809114 -0.08786801 -0.3578063 0.2970675 54
Guest-4 OptGrain 3 -0.9004133 -0.3740707 -0.2202491 0.02859247 54
Guest-4 OptGrain 2 0.7711884 0.3900884 0.02452839 0.5024918 18
Guest-4 oriGrain 2 0.775544 0.3898594 0.02793153 0.4957429
Guest-4 OptGrain 2 0.7790929 0.3873902 0.0168062 0.492606 24
Guest-4 oriGrain 7 0.7143233 -0.2021838 -0.2705711 0.6129074
Guest-4 OptGrain 7 0.7143233 -0.2021838 -0.2705711 0.6129074 12
Guest-4 OptGrain 7 0.6381825 -0.01006985 -0.4189228 0.6458524 222
Guest-4 OptGrain 2 0.783362 0.3872288 0.02018605 0.4857885 24
Guest-4 OptGrain 5 -0.8181521 0.06552187 -0.401245 0.4066159 36
Guest-4 oriGrain 0 -0.0428777 0.8143113 -0.4811964 -0.3217275
Guest-4 OptGrain 0 -0.0428777 0.8143113 -0.4811964 -0.3217275 12
Guest-4 oriGrain 0 -0.007999703 0.8545502 -0.2715051 -0.4426795
Guest-4 oriGrain 0 0.04777727 0.8077859 -0.5014219 -0.3062277
Guest-4 oriGrain 0 0.04339196 0.8279527 -0.5094414 -0.2303929
Guest-4 oriGrain 0 0.05115819 0.7969049 -0.5121472 -0.3162763
Guest-4 OptGrain 0 0.02520066 0.8458856 -0.4232346 -0.323597 84
Guest-4 oriGrain 7 0.6031777 0.01909551 -0.4337735 0.6690685
Guest-4 oriGrain 7 0.5696729 0.03576464 -0.4335288 0.6973138
Guest-4 OptGrain 7 0.6139418 0.07158449 -0.38038 0.6879407 96
Guest-4 oriGrain 8 0.9699917 0.1260123 0.03891511 0.2042612
Guest-4 oriGrain 8 0.9702944 0.12779 0.03044896 0.2031538
Guest-4 OptGrain 8 0.9612887 0.006656209 0.005792283 0.275402 198
Guest-4 oriGrain 6 0.9279095 -0.04498503 0.3700563 -0.004317399
Guest-4 oriGrain 6 0.9233649 -0.04787467 0.380882 -0.005850038
Guest-4 OptGrain 6 0.9233264 -0.04122007 0.3816594 0.01026579 36
Guest-4 OptGrain 9 0.748381 0.4395122 -0.4907316 -0.07705542 144
Guest-4 OptGrain 0 0.04881616 0.8677254 -0.3637227 -0.3352246 78
Guest-4 OptGrain 3 -0.902301 -0.3738069 -0.2123831 0.03185568 12
Guest-4 oriGrain 3 -0.9069617 -0.3537564 -0.224405 0.0438091
Guest-4 OptGrain 3 -0.8993098 -0.3736625 -0.2253933 0.02857085 36
Guest-4 oriGrain 6 0.8952289 -0.06911591 0.4401488 0.00757519
Guest-4 OptGrain 6 0.9181008 -0.05279525 0.3927956 0.003910682 66
Guest-4 oriGrain 1 -0.762741 -0.1664559 0.3632891 0.5084679
Guest-4 oriGrain 1 -0.7667783 -0.1777312 0.3882552 0.4792917
Guest-4 oriGrain 1 -0.735507 -0.1812763 0.3526372 0.5493773
Guest-4 OptGrain 1 -0.7816584 -0.1810788 0.3412127 0.4896883 84
Guest-4 oriGrain 0 0.05010678 0.8206639 -0.4520926 -0.3458501
Guest-4 oriGrain 0 0.06839938 0.8546059 -0.4007178 -0.3231031
Guest-4 oriGrain 0 0.05828452 0.8722569 -0.357586 -0.3284859
Guest-4 oriGrain 0 0.06431293 0.8885931 -0.3272282 -0.3149412
Guest-4 oriGrain 0 0.07296143 0.8796624 -0.3546813 -0.3083375
Guest-4 OptGrain 0 0.06497055 0.8648416 -0.3544896 -0.3495212 42
Guest-4 oriGrain 5 -0.8381678 0.1359255 -0.2880257 0.4427643
Guest-4 oriGrain 5 0.4841976 0.07441267 0.1304975 -0.8619663
Guest-4 oriGrain 5 0.3774463 0.07580933 0.1076408 -0.9166247
Guest-4 oriGrain 5 0.3179838 0.07174767 0.09452306 -0.9406402
Guest-4 oriGrain 5 -0.3772019 -0.04119872 -0.1113566 0.9184885
Guest-4 oriGrain 5 -0.3999679 0.03303691 -0.1184313 0.9082446
Guest-4 OptGrain 5 -0.3788671 0.007427348 0.1063614 0.9192888 210
Guest-4 oriGrain 3 -0.8787887 -0.4279683 -0.2071346 0.04085292
Guest-4 OptGrain 3 -0.9046432 -0.3658721 -0.2173255 0.02297522 60
Guest-4 oriGrain 3 -0.9014161 -0.3737526 -0.2171167 0.02487081
Guest-4 OptGrain 3 -0.9046432 -0.3658721 -0.2173255 0.02297519 18
Guest-4 OptGrain 3 -0.9046433 -0.3658721 -0.2173255 0.02297519 18
Guest-4 oriGrain 0 0.3772253 0.3384995 -0.7755294 -0.3763951
Guest-4 oriGrain 0 0.1908713 -0.5313097 -0.7138051 -0.4144399
Guest-4 oriGrain 0 -0.008167088 -0.6625723 -0.627178 -0.4093642
Guest-4 oriGrain 0 -0.09933229 -0.4762059 -0.7607191 -0.4297297
Guest-4 oriGrain 0 -0.04231079 -0.360919 -0.8357474 -0.4116716
Guest-4 OptGrain 0 0.00321265 -0.5502915 -0.6494918 -0.5247184 282
Guest-4 oriGrain 3 -0.9189311 -0.3497613 -0.1670282 0.0730359
Guest-4 OptGrain 3 -0.9020548 -0.3747858 -0.2118441 0.03089906 90
Guest-4 oriGrain 2 -0.8983617 0.08312336 0.07726652 0.4243426
Guest-4 oriGrain 2 0.4460358 -0.2997083 -0.3400059 -0.7717662
Guest-4 oriGrain 2 0.2488731 -0.4236155 -0.548041 -0.6769514
Guest-4 oriGrain 2 0.005688697 -0.5091071 -0.7109572 -0.4850953
Guest-4 oriGrain 2 0.4702537 0.1537005 0.7858437 0.3710625
Guest-4 oriGrain 2 0.5808386 0.05341743 0.7419543 0.3305706
Guest-4 oriGrain 2 0.04170928 -0.05676626 0.8086485 0.5840595
Guest-4 oriGrain 2 -0.3866062 -0.06262321 0.7477519 0.5361727
Guest-4 OptGrain 2 -0.4593028 -0.01227402 0.7692917 0.4439375 78
Guest-4 oriGrain 2 -0.08559051 0.6892064 0.6706147 -0.2606622
Guest-4 OptGrain 2 -0.07973511 0.6869054 0.6713361 -0.2666666 12
Guest-4 oriGrain 2 -0.1409212 -0.1147297 -0.9699501 -0.1617876
Guest-4 OptGrain 2 -0.1889893 -0.1157729 -0.8928241 -0.3921031 216
Guest-4 oriGrain 2 0.7492841 0.08522656 0.4227308 0.5026018
Guest-4 OptGrain 2 0.8011019 -0.2207016 0.441529 0.3384947 414
Guest-4 oriGrain 2 0.5738742 -0.1675011 -0.5086739 0.6195664
Guest-4 OptGrain 2 0.5654823 -0.08822898 -0.4777892 0.6664556 96
Guest-4 oriGrain 6 -0.3025563 0.8266476 0.400357 0.2546128
Guest-4 OptGrain 6 -0.4038056 0.8160015 0.3981715 0.1119911 222
Guest-4 oriGrain 6 0.5188712 -0.7470502 0.4129661 -0.04634501
Guest-4 OptGrain 6 0.6166117 -0.6768175 0.2797903 -0.2888348 354
Guest-4 oriGrain 6 0.6166115 -0.6768177 0.2797902 -0.2888349
