Guest-2 oriGrain 9 -0.8686531 -0.2204038 -0.3844763 0.2214543
Guest-2 oriGrain 1 -0.8816973 0.147248 0.2335542 0.3825969
Guest-2 oriGrain 7 0.9238101 -0.09502022 0.3653813 0.06358145
Guest-2 oriGrain 8 -0.8592951 -0.001037576 -0.511442 0.006164661
Guest-2 OptGrain 8 -0.8756553 -0.1201622 -0.360947 0.2974997 414
Guest-2 oriGrain 2 0.7270259 -0.5171448 0.1005434 0.4403244
Guest-2 oriGrain 5 -0.9015566 0.3716421 0.2152476 -0.05240683
Guest-2 oriGrain 0 -0.8143198 0.2570315 0.4970228 0.1542285
Guest-2 OptGrain 0 -0.7595124 0.3740565 0.5101634 0.1515121 150
Guest-2 oriGrain 5 -0.664334 0.6572233 0.3334877 -0.1245148
Guest-2 OptGrain 5 -0.6813392 0.6153826 0.3464277 -0.1925332 96
Guest-2 oriGrain 5 0.4134303 -0.8549525 -0.05246449 0.3088352
Guest-2 oriGrain 4 -0.9205635 0.1347688 -0.2849427 0.2306684
Guest-2 OptGrain 4 -0.8813768 0.2256572 -0.3698626 0.1882963 144
Guest-2 oriGrain 3 -0.9060714 -0.2077679 -0.06183363 0.3633783
Guest-2 oriGrain 3 -0.9270594 -0.2219685 -0.07047243 0.2938106
Guest-2 oriGrain 3 -0.9532831 -0.2396441 -0.04948408 0.1771249
Guest-2 OptGrain 3 -0.9553472 -0.2595435 -0.04453243 0.1340365 186
Guest-2 OptGrain 3 -0.9553472 -0.2595435 -0.04453243 0.1340365 36
Guest-2 oriGrain 3 -0.8805624 -0.2480731 -0.152049 0.3740998
Guest-2 OptGrain 3 -0.8826936 -0.2403794 -0.1553078 0.3727587 12
Guest-2 oriGrain 8 -0.9082279 -0.08250823 -0.3673183 0.1827345
Guest-2 OptGrain 8 -0.8807182 -0.1284145 -0.3647564 0.2734922 114
Guest-2 oriGrain 3 0.9365541 0.3218066 0.1086585 0.08660448
Guest-2 OptGrain 3 0.9706963 0.2232545 0.03575042 -0.08141256 282
Guest-2 oriGrain 3 -0.9679611 -0.2314023 -0.03705934 0.09017198
Guest-2 oriGrain 2 0.5693097 -0.71705 -0.1454581 0.3749237
Guest-2 OptGrain 2 0.5533942 -0.728061 -0.1458038 0.3773903 24
Guest-2 oriGrain 1 -0.9135625 0.07288008 -0.03068829 0.3989365
Guest-2 OptGrain 1 -0.9195324 0.1077342 0.02863959 0.376873 72
Guest-2 OptGrain 9 -0.8744357 -0.2189855 -0.3615676 0.238068 36
Guest-2 OptGrain 6 0.9961189 -0.08707295 -0.009486742 0.008692999 78
Guest-2 OptGrain 4 -0.8765277 0.2375685 -0.3879062 0.1574458 54
Guest-2 oriGrain 4 -0.8744212 0.2452085 -0.3892653 0.1540547
Guest-2 OptGrain 4 -0.870991 0.2438548 -0.3968811 0.1561886 18
Guest-2 OptGrain 5 0.4317578 -0.8388497 -0.04386295 0.3286221 42
Guest-2 oriGrain 5 0.4060672 -0.9100494 0.07365906 0.03865172
Guest-2 oriGrain 5 0.4072275 -0.9093696 0.07300836 0.04338641
Guest-2 OptGrain 5 0.5679476 -0.7712085 0.1817413 0.2228073 348
Guest-2 oriGrain 5 0.2669392 -0.5649016 0.758455 -0.1854069
Guest-2 oriGrain 0 -0.8009043 -0.1190277 0.4977552 0.3108449
Guest-2 OptGrain 0 -0.7688583 -0.4790016 0.3561558 0.2292761 498
Guest-2 oriGrain 7 -0.7798353 0.08585387 -0.5626413 0.2606164
Guest-2 OptGrain 7 -0.9068407 0.349824 -0.2329029 0.0319284 552
Guest-2 UndoGrain 7 0.9238101 -0.09502022 0.3653813 0.06358145
Guest-2 oriGrain 7 0.4542301 -0.3725805 0.8066255 -0.06491719
Guest-2 OptGrain 7 0.3879063 -0.4057664 0.8273647 -0.01871026 102
Guest-2 oriGrain 2 0.5083668 -0.6029 0.4097925 0.4584156
Guest-2 OptGrain 2 0.5872666 -0.7053392 0.1925305 0.3471983 270
Guest-2 oriGrain 3 -0.9151855 -0.2557795 -0.04048684 0.3088254
Guest-2 OptGrain 3 -0.945374 -0.267074 -0.004837173 0.1868584 102
Guest-2 oriGrain 3 -0.9123387 -0.3087384 0.0559245 0.263042
Guest-2 OptGrain 3 -0.9149982 -0.3007651 0.05362693 0.2635201 12
Guest-2 oriGrain 2 0.6065423 -0.7703373 0.001166798 0.1966866
Guest-2 OptGrain 2 0.6745513 -0.7006785 0.009445172 0.2322523 120
Guest-2 oriGrain 2 0.6272451 -0.7402354 -0.1217479 0.2092669
Guest-2 OptGrain 2 0.603905 -0.6852612 -0.2155034 0.345361 150
Guest-2 oriGrain 8 -0.8863329 -0.1458623 -0.3605711 0.2512501
Guest-2 OptGrain 8 -0.888015 -0.1348718 -0.3476168 0.2690753 30
Guest-2 oriGrain 8 -0.9003385 -0.1798835 -0.3010019 0.2577412
Guest-2 oriGrain 2 0.4644356 -0.2491473 0.6054333 0.5963856
Guest-2 OptGrain 2 0.4792825 -0.2437257 0.5185928 0.6647914 126
Guest-2 oriGrain 4 0.9110539 -0.1308362 0.3909476 0.004762196
Guest-2 OptGrain 4 0.8986313 -0.2182877 0.3314979 -0.1868727 180
Guest-2 oriGrain 4 0.9538293 -0.04271387 0.2715567 0.1210048
Guest-2 oriGrain 6 0.757084 -0.3401836 -0.2451116 0.5010183
Guest-2 OptGrain 6 0.626694 -0.3823756 -0.2052923 0.6472239 180
Guest-2 oriGrain 0 0.7613385 0.4491552 -0.4636711 0.06026934
Guest-2 OptGrain 0 0.8287672 0.288112 -0.4793405 -0.01921362 162
Guest-2 oriGrain 0 -0.7452976 0.1222071 0.390502 0.5264077
Guest-2 OptGrain 0 -0.73207 0.148735 0.4213579 0.5142072 42
Guest-2 UndoGrain 0 -0.73207 0.1487349 0.4213578 0.5142072
Guest-2 OptGrain 0 0.7607836 0.4450918 -0.467573 0.06691089 12
Guest-2 oriGrain 0 0.4997207 0.5381867 -0.6726573 0.09036894
Guest-2 OptGrain 0 0.4406177 0.4700622 -0.7503081 0.1481058 150
Guest-2 oriGrain 0 0.4951733 0.7804307 -0.3628665 -0.1185718
Guest-2 oriGrain 0 0.5111252 0.7522572 -0.4001823 -0.1127573
Guest-2 oriGrain 0 0.4447317 0.8299479 -0.2796944 -0.1875396
Guest-2 oriGrain 0 0.4711437 0.8149394 -0.3322199 -0.05939132
Guest-2 oriGrain 5 -0.1544005 -0.1394503 0.6331234 0.7455661
Guest-2 oriGrain 5 -0.1791112 -0.07095108 0.5725869 0.7968873
Guest-2 oriGrain 5 0.4499716 -0.180487 -0.3238274 -0.8124567
Guest-2 oriGrain 5 -0.4050669 0.1483946 0.365671 0.824733
Guest-2 oriGrain 5 -0.4167001 0.1648242 0.3484344 0.8232785
Guest-2 oriGrain 2 0.5110189 -0.2603962 0.4803254 0.663582
Guest-2 oriGrain 2 0.5556913 -0.3424261 0.4143415 0.6342497
Guest-2 oriGrain 2 -0.5548407 0.3646359 -0.4026702 -0.6301184
Guest-2 oriGrain 2 0.5424468 -0.337274 0.4260609 0.6406792
Guest-2 oriGrain 2 -0.5215753 0.351542 -0.4313768 -0.6467546
Guest-2 oriGrain 2 -0.5000371 0.3573168 -0.4413936 -0.6538038
Guest-2 oriGrain 2 -0.4763611 0.3601158 -0.4538245 -0.6613926
Guest-2 oriGrain 2 -0.4541282 0.3653294 -0.4630805 -0.6677263
Guest-2 oriGrain 2 -0.4297738 0.3676246 -0.4748875 -0.6742616
Guest-2 oriGrain 2 -0.403491 0.3749552 -0.4836436 -0.6802151
Guest-2 oriGrain 2 -0.4247201 0.3754776 -0.4721784 -0.6750385
Guest-2 oriGrain 2 -0.4562845 0.3839225 -0.4490873 -0.6653786
Guest-2 oriGrain 2 -0.4779662 0.3623601 -0.4502538 -0.6614492
Guest-2 oriGrain 2 -0.4547984 0.3972438 -0.4409658 -0.6640068
Guest-2 UndoGrain 2 -0.4547984 0.3972438 -0.4409658 -0.6640068
Guest-2 UndoGrain 2 -0.4779662 0.3623601 -0.4502538 -0.6614492
Guest-2 UndoGrain 2 -0.4562845 0.3839225 -0.4490873 -0.6653786
Guest-2 UndoGrain 2 -0.4247201 0.3754776 -0.4721784 -0.6750385
Guest-2 UndoGrain 2 -0.403491 0.3749552 -0.4836436 -0.6802151
Guest-2 OptGrain 2 -0.4345539 0.3499508 -0.4859325 -0.672731 30
Guest-2 oriGrain 0 0.4210896 0.7337935 -0.5240028 0.0982431
Guest-2 oriGrain 0 0.357115 0.6094084 -0.6709822 0.225551
Guest-2 oriGrain 0 0.3242932 0.5506083 -0.718347 0.2750311
Guest-2 oriGrain 0 0.3121393 0.5312408 -0.7324765 0.2895351
Guest-2 oriGrain 0 0.296087 0.5056141 -0.7496369 0.3077846
Guest-2 oriGrain 0 0.2844533 0.4810904 -0.7624034 0.3261587
Guest-2 oriGrain 0 0.2750703 0.4661911 -0.770824 0.3359058
Guest-2 UndoGrain 0 0.2750703 0.4661911 -0.770824 0.3359058
Guest-2 UndoGrain 0 0.296087 0.5056141 -0.7496369 0.3077846
Guest-2 oriGrain 9 -0.4165417 -0.4941986 -0.2806743 0.7095652
Guest-2 OptGrain 9 -0.4053138 -0.5307166 -0.2879468 0.6864018 48
Guest-2 oriGrain 6 -0.6650659 0.2599534 0.6569958 -0.2418017
Guest-2 OptGrain 6 -0.4866484 0.396165 0.6821364 -0.3753885 294
Guest-2 UndoGrain 6 -0.4866484 0.3961651 0.6821365 -0.3753885
Guest-2 oriGrain 4 0.7250287 -0.293206 0.6181615 -0.07899398
Guest-2 OptGrain 4 0.6822003 -0.3379138 0.6253303 -0.1714039 156
Guest-2 oriGrain 4 0.6806785 -0.3433579 0.6223576 -0.1773506
