Guest-0 oriGrain 9 -0.9086305 -0.05856965 -0.388377 0.1418575
Guest-0 oriGrain 3 0.5770068 -0.2427834 0.7294661 -0.2756787
Guest-0 oriGrain 7 -0.7724392 -0.5161319 0.16963 0.3288941
Guest-0 oriGrain 0 0.5836968 0.3556688 -0.7263082 -0.072624
Guest-0 oriGrain 2 -0.7896042 -0.3262987 -0.2660154 0.4464192
Guest-0 oriGrain 1 0.7175773 -0.03093185 -0.5445422 0.4331282
Guest-0 OptGrain 0 0.2954323 0.2646242 -0.8667169 -0.3024827 372
Guest-0 OptGrain 5 0.9975343 0.0429801 0.05306042 0.01620482 84
Guest-0 oriGrain 4 -0.5108775 -0.3184502 -0.7574474 -0.2527196
Guest-0 OptGrain 4 -0.4154745 -0.4281748 -0.7992359 -0.07258976 186
Guest-0 OptGrain 8 0.9238082 0.3824281 0.01715115 -0.005764478 324
Guest-0 OptGrain 1 0.7123114 -0.04515353 -0.5225313 0.4664063 54
Guest-0 OptGrain 4 -0.4154744 -0.4281749 -0.7992359 -0.07258979 18
Guest-0 OptGrain 2 -0.7592885 -0.4006622 -0.2010238 0.4717418 108
Guest-0 OptGrain 7 -0.6501555 -0.6717216 0.283294 0.214085 240
Guest-0 OptGrain 0 0.2927814 0.2721776 -0.8643746 -0.3050492 18
Guest-0 oriGrain 0 0.2927816 0.2721776 -0.8643745 -0.3050492
