Guest-6 OptGrain 9 0.8522226 -0.3505072 0.1537585 -0.3566787 552
Guest-6 oriGrain 4 0.8887467 -0.2953327 0.3439093 0.06807616
Guest-6 oriGrain 3 0.9191551 0.09318 -0.1207327 0.3631736
Guest-6 oriGrain 2 0.909273 0.1778016 -0.3744822 0.03704526
Guest-6 oriGrain 2 0.5896866 0.2629224 -0.7548322 -0.1156283
Guest-6 UndoGrain 2 0.5896866 0.2629224 -0.7548322 -0.1156283
Guest-6 oriGrain 2 0.8961045 0.1990137 -0.395521 0.03087852
Guest-6 oriGrain 8 -0.9250875 -0.08295728 0.002207898 0.3705759
Guest-6 oriGrain 8 -0.9199027 -0.08581559 0.02421888 0.3818745
Guest-6 oriGrain 8 -0.8312574 -0.3099771 -0.01716261 0.4611191
Guest-6 oriGrain 7 -0.9031342 0.3225478 -0.04089981 0.280426
Guest-6 oriGrain 1 0.9370129 -0.3208914 -0.1052548 0.08920229
Guest-6 oriGrain 1 0.9124175 -0.3523656 -0.1297916 0.1627479
Guest-6 oriGrain 0 0.9860694 0.04488717 -0.1008935 0.1243899
Guest-6 oriGrain 0 -0.9135397 -0.2347725 0.2991877 0.1442701
Guest-6 oriGrain 0 -0.9085562 -0.1596474 0.2628165 0.2827823
Guest-6 oriGrain 1 0.6664707 -0.4531484 -0.4737698 0.3549868
Guest-6 oriGrain 0 -0.9252308 -0.3177178 0.1788916 0.1048865
Guest-6 oriGrain 3 0.8409107 0.2370197 -0.1742895 0.454218
Guest-6 oriGrain 0 -0.9059136 -0.3602772 0.1963395 0.1047461
Guest-6 OptGrain 0 -0.8825428 -0.4399885 0.1658016 -0.006169097 174
Guest-6 oriGrain 7 -0.9158937 0.3001438 -0.06129791 0.259413
Guest-6 OptGrain 6 0.9785421 -0.1922673 -0.04433098 0.05935887 216
Guest-6 OptGrain 4 0.8643479 -0.3506232 0.3442303 0.107106 78
Guest-6 OptGrain 0 0.8825428 0.4399885 -0.1658015 0.006169111 18
Guest-6 OptGrain 7 -0.918303 0.3211121 -0.05027157 0.2260076 54
Guest-6 OptGrain 9 -0.8464778 0.3443371 -0.1272887 0.3856228 60
Guest-6 OptGrain 0 0.8824555 0.4385249 -0.1696348 0.01387042 12
Guest-6 OptGrain 5 0.9924086 0.002269109 0.08548332 0.08838905 138
Guest-6 OptGrain 0 0.8837142 0.4369572 -0.1657471 0.02540943 18
Guest-6 oriGrain 2 0.8956299 0.2457628 -0.3686055 0.03971958
Guest-6 oriGrain 6 0.9917436 -0.021052 -0.06006312 0.1113279
Guest-6 OptGrain 6 0.9787661 -0.0834135 -0.07990249 0.1693361 114
Guest-6 oriGrain 6 0.9047469 -0.1677418 0.3267066 0.2157741
Guest-6 UndoGrain 6 0.9047469 -0.1677418 0.3267066 0.2157741
Guest-6 oriGrain 6 0.9387471 0.1379325 -0.2661396 0.1699946
