Guest-1 ori 28.81879 30.29905
Grain 0 0 1 0 0
Grain 1 0 1 0 0
Grain 2 0 1 0 0
Grain 3 0 1 0 0
Grain 4 0 1 0 0
Grain 5 0 1 0 0
Grain 6 0 1 0 0
Grain 7 0 1 0 0
Grain 8 0 1 0 0
Grain 9 0.1353242 -0.9542892 -0.2238019 -0.1446801
Guest-1 ori 33.16528 34.23336
Grain 0 0 1 0 0
Grain 1 0 1 0 0
Grain 2 0 1 0 0
Grain 3 0.2511194 0.9574575 0.06710356 0.1253448
Grain 4 0 1 0 0
Grain 5 0 1 0 0
Grain 6 0 1 0 0
Grain 7 0 1 0 0
Grain 8 0 1 0 0
Grain 9 0.1353242 -0.9542892 -0.2238019 -0.1446801
Guest-1 ori 38.58942 40.34708
Grain 0 0 1 0 0
Grain 1 0 1 0 0
Grain 2 0 1 0 0
Grain 3 0.2511194 0.9574575 0.06710356 0.1253448
Grain 4 0 1 0 0
Grain 5 0 1 0 0
Grain 6 0 1 0 0
Grain 7 0.06806953 -0.9246858 0.1617706 -0.3378654
Grain 8 0 1 0 0
Grain 9 0.1353242 -0.9542892 -0.2238019 -0.1446801
Guest-1 ori 44.61494 45.43521
Grain 0 0 1 0 0
Grain 1 0 1 0 0
Grain 2 0 1 0 0
Grain 3 0.2511194 0.9574575 0.06710356 0.1253448
Grain 4 0 1 0 0
Grain 5 0.09015051 -0.935137 -0.1791624 -0.2920491
Grain 6 0 1 0 0
Grain 7 0.06806953 -0.9246858 0.1617706 -0.3378654
Grain 8 0 1 0 0
Grain 9 0.1353242 -0.9542892 -0.2238019 -0.1446801
Guest-1 ori 50.01578 51.1684
Grain 0 0 1 0 0
Grain 1 0 1 0 0
Grain 2 0 1 0 0
Grain 3 0.2511194 0.9574575 0.06710356 0.1253448
Grain 4 0 1 0 0
Grain 5 0.09015051 -0.935137 -0.1791624 -0.2920491
Grain 6 0.1537233 -0.9055329 0.005382765 -0.3954118
Grain 7 0.06806953 -0.9246858 0.1617706 -0.3378654
Grain 8 0 1 0 0
Grain 9 0.1353242 -0.9542892 -0.2238019 -0.1446801
Guest-1 ori 57.92314 59.65313
Grain 0 0 1 0 0
Grain 1 0 1 0 0
Grain 2 0 1 0 0
Grain 3 0.2511194 0.9574575 0.06710356 0.1253448
Grain 4 0.199816 0.9501511 0.1049228 0.2151226
Grain 5 0.09015051 -0.935137 -0.1791624 -0.2920491
Grain 6 0.1537233 -0.9055329 0.005382765 -0.3954118
Grain 7 0.06806953 -0.9246858 0.1617706 -0.3378654
Grain 8 0 1 0 0
Grain 9 0.1353242 -0.9542892 -0.2238019 -0.1446801
Guest-1 ori 64.60002 65.79793
Grain 0 0.1921634 0.9568482 0.0993491 -0.194022
Grain 1 0 1 0 0
Grain 2 0 1 0 0
Grain 3 0.2511194 0.9574575 0.06710356 0.1253448
Grain 4 0.199816 0.9501511 0.1049228 0.2151226
Grain 5 0.09015051 -0.935137 -0.1791624 -0.2920491
Grain 6 0.1537233 -0.9055329 0.005382765 -0.3954118
Grain 7 0.06806953 -0.9246858 0.1617706 -0.3378654
Grain 8 0 1 0 0
Grain 9 0.1353242 -0.9542892 -0.2238019 -0.1446801
Guest-1 ori 71.92222 74.72905
Grain 0 0.1921634 0.9568482 0.0993491 -0.194022
Grain 1 0.06206638 0.9624938 -0.02754024 -0.2626691
Grain 2 0 1 0 0
Grain 3 0.2511194 0.9574575 0.06710356 0.1253448
Grain 4 0.199816 0.9501511 0.1049228 0.2151226
Grain 5 0.09015051 -0.935137 -0.1791624 -0.2920491
Grain 6 0.1537233 -0.9055329 0.005382765 -0.3954118
Grain 7 0.06806953 -0.9246858 0.1617706 -0.3378654
Grain 8 0 1 0 0
Grain 9 0.1353242 -0.9542892 -0.2238019 -0.1446801
Guest-1 ori 82.85688 85.19519
Grain 0 0.1921634 0.9568482 0.0993491 -0.194022
Grain 1 0.06206638 0.9624938 -0.02754024 -0.2626691
Grain 2 0 1 0 0
Grain 3 0.2511194 0.9574575 0.06710356 0.1253448
Grain 4 0.199816 0.9501511 0.1049228 0.2151226
Grain 5 0.09015051 -0.935137 -0.1791624 -0.2920491
Grain 6 0.1537233 -0.9055329 0.005382765 -0.3954118
Grain 7 0.06806953 -0.9246858 0.1617706 -0.3378654
Grain 8 0.09273824 -0.9634436 0.05977253 -0.2441379
Grain 9 0.1353242 -0.9542892 -0.2238019 -0.1446801
Guest-1 ori 90.47884 92.91671
Grain 0 0.1921634 0.9568482 0.0993491 -0.194022
Grain 1 0.06206638 0.9624938 -0.02754024 -0.2626691
Grain 2 0 1 0 0
Grain 3 0.2511194 0.9574575 0.06710356 0.1253448
Grain 4 0.199816 0.9501511 0.1049228 0.2151226
Grain 5 0.09015051 -0.935137 -0.1791624 -0.2920491
Grain 6 0.1537233 -0.9055329 0.005382765 -0.3954118
Grain 7 0.06806953 -0.9246858 0.1617706 -0.3378654
Grain 8 0.1772174 -0.8854465 -0.2434175 -0.3540148
Grain 9 0.1353242 -0.9542892 -0.2238019 -0.1446801
Guest-1 OptGrain 3 174 87.30906 89.44083
Grain 0 0.1921634 0.9568482 0.0993491 -0.194022
Grain 1 0.06206638 0.9624938 -0.02754024 -0.2626691
Grain 2 0 1 0 0
Grain 3 0.3577173 0.927938 0.1044609 0.007563607
Grain 4 0.199816 0.9501511 0.1049228 0.2151226
Grain 5 0.09015051 -0.935137 -0.1791624 -0.2920491
Grain 6 0.1537233 -0.9055329 0.005382765 -0.3954118
Grain 7 0.06806953 -0.9246858 0.1617706 -0.3378654
Grain 8 0.1772174 -0.8854465 -0.2434175 -0.3540148
Grain 9 0.1353242 -0.9542892 -0.2238019 -0.1446801
Guest-1 ori 127.321 127.3544
Grain 0 0.1921634 0.9568482 0.0993491 -0.194022
Grain 1 0.06206638 0.9624938 -0.02754024 -0.2626691
Grain 2 0 1 0 0
Grain 3 0.3577174 0.9279381 0.1044609 0.007563654
Grain 4 0.199816 0.9501511 0.1049228 0.2151226
Grain 5 0.09015051 -0.935137 -0.1791624 -0.2920491
Grain 6 0.1537233 -0.9055329 0.005382765 -0.3954118
Grain 7 0.06806953 -0.9246858 0.1617706 -0.3378654
Grain 8 0.1772174 -0.8854465 -0.2434175 -0.3540148
Grain 9 0.1353242 -0.9542892 -0.2238019 -0.1446801
