Guest-0 ori 24.75342 25.9045
Grain 0 0 1 0 0
Grain 1 0 1 0 0
Grain 2 0 1 0 0
Grain 3 0 1 0 0
Grain 4 0 1 0 0
Grain 5 0 1 0 0
Grain 6 0 1 0 0
Grain 7 0 1 0 0
Grain 8 0 1 0 0
Grain 9 0 1 0 0
Grain 10 0 1 0 0
Grain 11 0 1 0 0
Grain 12 0 1 0 0
Grain 13 0 1 0 0
Grain 14 0 1 0 0
Grain 15 0 1 0 0
Grain 16 0 1 0 0
Grain 17 0 1 0 0
Grain 18 0 1 0 0
Grain 19 0.1869856 0.967391 0.0007164031 0.1708527
Guest-0 ori 29.35381 34.10417
Grain 0 0 1 0 0
Grain 1 0 1 0 0
Grain 2 0 1 0 0
Grain 3 0 1 0 0
Grain 4 0 1 0 0
Grain 5 0 1 0 0
Grain 6 0.2889889 0.9513023 0.08406049 -0.06665732
Grain 7 0 1 0 0
Grain 8 0 1 0 0
Grain 9 0 1 0 0
Grain 10 0 1 0 0
Grain 11 0 1 0 0
Grain 12 0 1 0 0
Grain 13 0 1 0 0
Grain 14 0 1 0 0
Grain 15 0 1 0 0
Grain 16 0 1 0 0
Grain 17 0 1 0 0
Grain 18 0 1 0 0
Grain 19 0.1869856 0.967391 0.0007164031 0.1708527
Guest-0 ori 36.3988 37.52536
Grain 0 0 1 0 0
Grain 1 0 1 0 0
Grain 2 0.1898218 -0.9600253 0.04697324 -0.2002816
Grain 3 0 1 0 0
Grain 4 0 1 0 0
Grain 5 0 1 0 0
Grain 6 0.2889889 0.9513023 0.08406049 -0.06665732
Grain 7 0 1 0 0
Grain 8 0 1 0 0
Grain 9 0 1 0 0
Grain 10 0 1 0 0
Grain 11 0 1 0 0
Grain 12 0 1 0 0
Grain 13 0 1 0 0
Grain 14 0 1 0 0
Grain 15 0 1 0 0
Grain 16 0 1 0 0
Grain 17 0 1 0 0
Grain 18 0 1 0 0
Grain 19 0.1869856 0.967391 0.0007164031 0.1708527
Guest-0 ori 40.90377 41.88152
Grain 0 0 1 0 0
Grain 1 0 1 0 0
Grain 2 0.1898218 -0.9600253 0.04697324 -0.2002816
Grain 3 0 1 0 0
Grain 4 0 1 0 0
Grain 5 0.1112026 0.9706377 0.1781118 0.1173575
Grain 6 0.2889889 0.9513023 0.08406049 -0.06665732
Grain 7 0 1 0 0
Grain 8 0 1 0 0
Grain 9 0 1 0 0
Grain 10 0 1 0 0
Grain 11 0 1 0 0
Grain 12 0 1 0 0
Grain 13 0 1 0 0
Grain 14 0 1 0 0
Grain 15 0 1 0 0
Grain 16 0 1 0 0
Grain 17 0 1 0 0
Grain 18 0 1 0 0
Grain 19 0.1869856 0.967391 0.0007164031 0.1708527
Guest-0 ori 45.66639 46.49428
Grain 0 0 1 0 0
Grain 1 0 1 0 0
Grain 2 0.1898218 -0.9600253 0.04697324 -0.2002816
Grain 3 0 1 0 0
Grain 4 0 1 0 0
Grain 5 0.1112026 0.9706377 0.1781118 0.1173575
Grain 6 0.2889889 0.9513023 0.08406049 -0.06665732
Grain 7 0 1 0 0
Grain 8 0 1 0 0
Grain 9 0 1 0 0
Grain 10 0 1 0 0
Grain 11 0 1 0 0
Grain 12 0 1 0 0
Grain 13 0 1 0 0
Grain 14 0.1818437 -0.9644491 -0.1572266 -0.1097753
Grain 15 0 1 0 0
Grain 16 0 1 0 0
Grain 17 0 1 0 0
Grain 18 0 1 0 0
Grain 19 0.1869856 0.967391 0.0007164031 0.1708527
Guest-0 ori 49.38179 50.15646
Grain 0 0 1 0 0
Grain 1 0 1 0 0
Grain 2 0.1898218 -0.9600253 0.04697324 -0.2002816
Grain 3 0 1 0 0
Grain 4 0 1 0 0
Grain 5 0.1112026 0.9706377 0.1781118 0.1173575
Grain 6 0.2889889 0.9513023 0.08406049 -0.06665732
Grain 7 0 1 0 0
Grain 8 0 1 0 0
Grain 9 0 1 0 0
Grain 10 0 1 0 0
Grain 11 0 1 0 0
Grain 12 0.1002805 0.97962 -0.1683782 0.04401339
Grain 13 0 1 0 0
Grain 14 0.1818437 -0.9644491 -0.1572266 -0.1097753
Grain 15 0 1 0 0
Grain 16 0 1 0 0
Grain 17 0 1 0 0
Grain 18 0 1 0 0
Grain 19 0.1869856 0.967391 0.0007164031 0.1708527
Guest-0 ori 53.09914 54.57007
Grain 0 0 1 0 0
Grain 1 0 1 0 0
Grain 2 0.1898218 -0.9600253 0.04697324 -0.2002816
Grain 3 0 1 0 0
Grain 4 0 1 0 0
Grain 5 0.1112026 0.9706377 0.1781118 0.1173575
Grain 6 0.2889889 0.9513023 0.08406049 -0.06665732
Grain 7 0 1 0 0
Grain 8 0 1 0 0
Grain 9 0 1 0 0
Grain 10 0.2764634 0.9554746 -0.002232429 -0.1031088
Grain 11 0 1 0 0
Grain 12 0.1002805 0.97962 -0.1683782 0.04401339
Grain 13 0 1 0 0
Grain 14 0.1818437 -0.9644491 -0.1572266 -0.1097753
Grain 15 0 1 0 0
Grain 16 0 1 0 0
Grain 17 0 1 0 0
Grain 18 0 1 0 0
Grain 19 0.1869856 0.967391 0.0007164031 0.1708527
Guest-0 ori 58.24014 59.58314
Grain 0 0 1 0 0
Grain 1 0 1 0 0
Grain 2 0.1898218 -0.9600253 0.04697324 -0.2002816
Grain 3 0 1 0 0
Grain 4 0 1 0 0
Grain 5 0.1112026 0.9706377 0.1781118 0.1173575
Grain 6 0.2889889 0.9513023 0.08406049 -0.06665732
Grain 7 0 1 0 0
Grain 8 0 1 0 0
Grain 9 0 1 0 0
Grain 10 0.2764634 0.9554746 -0.002232429 -0.1031088
Grain 11 0 1 0 0
Grain 12 0.1002805 0.97962 -0.1683782 0.04401339
Grain 13 0 1 0 0
Grain 14 0.1818437 -0.9644491 -0.1572266 -0.1097753
Grain 15 0 1 0 0
Grain 16 0 1 0 0
Grain 17 0.1709107 0.9278178 -0.2522883 0.2151612
Grain 18 0 1 0 0
Grain 19 0.1869856 0.967391 0.0007164031 0.1708527
Guest-0 ori 64.37824 64.95824
Grain 0 0 1 0 0
Grain 1 0 1 0 0
Grain 2 0.1898218 -0.9600253 0.04697324 -0.2002816
Grain 3 0 1 0 0
Grain 4 0 1 0 0
Grain 5 0.1112026 0.9706377 0.1781118 0.1173575
Grain 6 0.2889889 0.9513023 0.08406049 -0.06665732
Grain 7 0.2160838 0.9658898 0.05137841 0.1331356
Grain 8 0 1 0 0
Grain 9 0 1 0 0
Grain 10 0.2764634 0.9554746 -0.002232429 -0.1031088
Grain 11 0 1 0 0
Grain 12 0.1002805 0.97962 -0.1683782 0.04401339
Grain 13 0 1 0 0
Grain 14 0.1818437 -0.9644491 -0.1572266 -0.1097753
Grain 15 0 1 0 0
Grain 16 0 1 0 0
Grain 17 0.1709107 0.9278178 -0.2522883 0.2151612
Grain 18 0 1 0 0
Grain 19 0.1869856 0.967391 0.0007164031 0.1708527
Guest-0 ori 69.16356 71.81555
Grain 0 0 1 0 0
Grain 1 0 1 0 0
Grain 2 0.1898218 -0.9600253 0.04697324 -0.2002816
Grain 3 0 1 0 0
Grain 4 0 1 0 0
Grain 5 0.1112026 0.9706377 0.1781118 0.1173575
Grain 6 0.2889889 0.9513023 0.08406049 -0.06665732
Grain 7 0.2160838 0.9658898 0.05137841 0.1331356
Grain 8 0 1 0 0
Grain 9 0 1 0 0
Grain 10 0.2764634 0.9554746 -0.002232429 -0.1031088
Grain 11 0 1 0 0
Grain 12 0.1002805 0.97962 -0.1683782 0.04401339
Grain 13 0 1 0 0
Grain 14 0.1818437 -0.9644491 -0.1572266 -0.1097753
Grain 15 0.1402792 0.9532456 0.2209148 -0.1511333
Grain 16 0 1 0 0
Grain 17 0.1709107 0.9278178 -0.2522883 0.2151612
Grain 18 0 1 0 0
Grain 19 0.1869856 0.967391 0.0007164031 0.1708527
Guest-0 ori 77.53403 78.60674
Grain 0 0 1 0 0
Grain 1 0 1 0 0
Grain 2 0.1898218 -0.9600253 0.04697324 -0.2002816
Grain 3 0 1 0 0
Grain 4 0 1 0 0
Grain 5 0.1112026 0.9706377 0.1781118 0.1173575
Grain 6 0.2889889 0.9513023 0.08406049 -0.06665732
Grain 7 0.2160838 0.9658898 0.05137841 0.1331356
Grain 8 0 1 0 0
Grain 9 0 1 0 0
Grain 10 0.2764634 0.9554746 -0.002232429 -0.1031088
Grain 11 0 1 0 0
Grain 12 0.1002805 0.97962 -0.1683782 0.04401339
Grain 13 0.2326783 0.9389795 0.2359945 0.09211361
Grain 14 0.1818437 -0.9644491 -0.1572266 -0.1097753
Grain 15 0.1402792 0.9532456 0.2209148 -0.1511333
Grain 16 0 1 0 0
Grain 17 0.1709107 0.9278178 -0.2522883 0.2151612
Grain 18 0 1 0 0
Grain 19 0.1869856 0.967391 0.0007164031 0.1708527
Guest-0 ori 79.27321 80.16222
Grain 0 0 1 0 0
Grain 1 0 1 0 0
Grain 2 0.1898218 -0.9600253 0.04697324 -0.2002816
Grain 3 0 1 0 0
Grain 4 0 1 0 0
Grain 5 0.1112026 0.9706377 0.1781118 0.1173575
Grain 6 0.2889889 0.9513023 0.08406049 -0.06665732
Grain 7 0.2160838 0.9658898 0.05137841 0.1331356
Grain 8 0 1 0 0
Grain 9 0 1 0 0
Grain 10 0.2764634 0.9554746 -0.002232429 -0.1031088
Grain 11 0 1 0 0
Grain 12 0.1002805 0.97962 -0.1683782 0.04401339
Grain 13 0.3021173 0.901176 0.1333902 0.2807384
Grain 14 0.1818437 -0.9644491 -0.1572266 -0.1097753
Grain 15 0.1402792 0.9532456 0.2209148 -0.1511333
Grain 16 0 1 0 0
Grain 17 0.1709107 0.9278178 -0.2522883 0.2151612
Grain 18 0 1 0 0
Grain 19 0.1869856 0.967391 0.0007164031 0.1708527
Guest-0 ori 83.87145 84.82375
Grain 0 0 1 0 0
Grain 1 0 1 0 0
Grain 2 0.1898218 -0.9600253 0.04697324 -0.2002816
Grain 3 0 1 0 0
Grain 4 0 1 0 0
Grain 5 0.1112026 0.9706377 0.1781118 0.1173575
Grain 6 0.2889889 0.9513023 0.08406049 -0.06665732
Grain 7 0.2160838 0.9658898 0.05137841 0.1331356
Grain 8 0 1 0 0
Grain 9 0.2398772 0.9635325 0.02245707 0.1164464
Grain 10 0.2764634 0.9554746 -0.002232429 -0.1031088
Grain 11 0 1 0 0
Grain 12 0.1002805 0.97962 -0.1683782 0.04401339
Grain 13 0.3021173 0.901176 0.1333902 0.2807384
Grain 14 0.1818437 -0.9644491 -0.1572266 -0.1097753
Grain 15 0.1402792 0.9532456 0.2209148 -0.1511333
Grain 16 0 1 0 0
Grain 17 0.1709107 0.9278178 -0.2522883 0.2151612
Grain 18 0 1 0 0
Grain 19 0.1869856 0.967391 0.0007164031 0.1708527
Guest-0 ori 85.46986 86.89353
Grain 0 0 1 0 0
Grain 1 0 1 0 0
Grain 2 0.1898218 -0.9600253 0.04697324 -0.2002816
Grain 3 0 1 0 0
Grain 4 0 1 0 0
Grain 5 0.1112026 0.9706377 0.1781118 0.1173575
Grain 6 0.2889889 0.9513023 0.08406049 -0.06665732
Grain 7 0.2160838 0.9658898 0.05137841 0.1331356
Grain 8 0 1 0 0
Grain 9 0.2593078 0.8775449 -0.05493854 0.39957
Grain 10 0.2764634 0.9554746 -0.002232429 -0.1031088
Grain 11 0 1 0 0
Grain 12 0.1002805 0.97962 -0.1683782 0.04401339
Grain 13 0.3021173 0.901176 0.1333902 0.2807384
Grain 14 0.1818437 -0.9644491 -0.1572266 -0.1097753
Grain 15 0.1402792 0.9532456 0.2209148 -0.1511333
Grain 16 0 1 0 0
Grain 17 0.1709107 0.9278178 -0.2522883 0.2151612
Grain 18 0 1 0 0
Grain 19 0.1869856 0.967391 0.0007164031 0.1708527
Guest-0 OptGrain 9 42 63.51086 64.33353
Grain 0 0 1 0 0
Grain 1 0 1 0 0
Grain 2 0.1898218 -0.9600253 0.04697324 -0.2002816
Grain 3 0 1 0 0
Grain 4 0 1 0 0
Grain 5 0.1112026 0.9706377 0.1781118 0.1173575
Grain 6 0.2889889 0.9513023 0.08406049 -0.06665732
Grain 7 0.2160838 0.9658898 0.05137841 0.1331356
Grain 8 0 1 0 0
Grain 9 0.2491564 0.8614877 -0.07001215 0.4368734
Grain 10 0.2764634 0.9554746 -0.002232429 -0.1031088
Grain 11 0 1 0 0
Grain 12 0.1002805 0.97962 -0.1683782 0.04401339
Grain 13 0.3021173 0.901176 0.1333902 0.2807384
Grain 14 0.1818437 -0.9644491 -0.1572266 -0.1097753
Grain 15 0.1402792 0.9532456 0.2209148 -0.1511333
Grain 16 0 1 0 0
Grain 17 0.1709107 0.9278178 -0.2522883 0.2151612
Grain 18 0 1 0 0
Grain 19 0.1869856 0.967391 0.0007164031 0.1708527
Guest-0 ori 89.44621 89.46277
Grain 0 0 1 0 0
Grain 1 0 1 0 0
Grain 2 0.1898218 -0.9600253 0.04697324 -0.2002816
Grain 3 0 1 0 0
Grain 4 0 1 0 0
Grain 5 0.1112026 0.9706377 0.1781118 0.1173575
Grain 6 0.2889889 0.9513023 0.08406049 -0.06665732
Grain 7 0.2160838 0.9658898 0.05137841 0.1331356
Grain 8 0 1 0 0
Grain 9 0.241629 0.8636292 -0.07382187 0.4362457
Grain 10 0.2764634 0.9554746 -0.002232429 -0.1031088
Grain 11 0 1 0 0
Grain 12 0.1002805 0.97962 -0.1683782 0.04401339
Grain 13 0.3021173 0.901176 0.1333902 0.2807384
Grain 14 0.1818437 -0.9644491 -0.1572266 -0.1097753
Grain 15 0.1402792 0.9532456 0.2209148 -0.1511333
Grain 16 0 1 0 0
Grain 17 0.1709107 0.9278178 -0.2522883 0.2151612
Grain 18 0 1 0 0
Grain 19 0.1869856 0.967391 0.0007164031 0.1708527
Guest-0 OptGrain 9 12 64.33353 64.66686
Grain 0 0 1 0 0
Grain 1 0 1 0 0
Grain 2 0.1898218 -0.9600253 0.04697324 -0.2002816
Grain 3 0 1 0 0
Grain 4 0 1 0 0
Grain 5 0.1112026 0.9706377 0.1781118 0.1173575
Grain 6 0.2889889 0.9513023 0.08406049 -0.06665732
Grain 7 0.2160838 0.9658898 0.05137841 0.1331356
Grain 8 0 1 0 0
Grain 9 0.241629 0.8636292 -0.07382187 0.4362457
Grain 10 0.2764634 0.9554746 -0.002232429 -0.1031088
Grain 11 0 1 0 0
Grain 12 0.1002805 0.97962 -0.1683782 0.04401339
Grain 13 0.3021173 0.901176 0.1333902 0.2807384
Grain 14 0.1818437 -0.9644491 -0.1572266 -0.1097753
Grain 15 0.1402792 0.9532456 0.2209148 -0.1511333
Grain 16 0 1 0 0
Grain 17 0.1709107 0.9278178 -0.2522883 0.2151612
Grain 18 0 1 0 0
Grain 19 0.1869856 0.967391 0.0007164031 0.1708527
Guest-0 ori 94.04543 96.02855
Grain 0 0 1 0 0
Grain 1 0 1 0 0
Grain 2 0.1898218 -0.9600253 0.04697324 -0.2002816
Grain 3 0 1 0 0
Grain 4 0 1 0 0
Grain 5 0.1112026 0.9706377 0.1781118 0.1173575
Grain 6 0.2889889 0.9513023 0.08406049 -0.06665732
Grain 7 0.2160838 0.9658898 0.05137841 0.1331356
Grain 8 -0.03455947 0.9119664 -0.1403593 0.3839562
Grain 9 0.2416291 0.8636292 -0.07382184 0.4362457
Grain 10 0.2764634 0.9554746 -0.002232429 -0.1031088
Grain 11 0 1 0 0
Grain 12 0.1002805 0.97962 -0.1683782 0.04401339
Grain 13 0.3021173 0.901176 0.1333902 0.2807384
Grain 14 0.1818437 -0.9644491 -0.1572266 -0.1097753
Grain 15 0.1402792 0.9532456 0.2209148 -0.1511333
Grain 16 0 1 0 0
Grain 17 0.1709107 0.9278178 -0.2522883 0.2151612
Grain 18 0 1 0 0
Grain 19 0.1869856 0.967391 0.0007164031 0.1708527
Guest-0 ori 99.59349 101.9746
Grain 0 0 1 0 0
Grain 1 0.1092449 0.8396103 0.5220599 -0.1028286
Grain 2 0.1898218 -0.9600253 0.04697324 -0.2002816
Grain 3 0 1 0 0
Grain 4 0 1 0 0
Grain 5 0.1112026 0.9706377 0.1781118 0.1173575
Grain 6 0.2889889 0.9513023 0.08406049 -0.06665732
Grain 7 0.2160838 0.9658898 0.05137841 0.1331356
Grain 8 -0.03455947 0.9119664 -0.1403593 0.3839562
Grain 9 0.2416291 0.8636292 -0.07382184 0.4362457
Grain 10 0.2764634 0.9554746 -0.002232429 -0.1031088
Grain 11 0 1 0 0
Grain 12 0.1002805 0.97962 -0.1683782 0.04401339
Grain 13 0.3021173 0.901176 0.1333902 0.2807384
Grain 14 0.1818437 -0.9644491 -0.1572266 -0.1097753
Grain 15 0.1402792 0.9532456 0.2209148 -0.1511333
Grain 16 0 1 0 0
Grain 17 0.1709107 0.9278178 -0.2522883 0.2151612
Grain 18 0 1 0 0
Grain 19 0.1869856 0.967391 0.0007164031 0.1708527
Guest-0 ori 108.8686 110.7111
Grain 0 0.05299297 -0.8598066 -0.1073902 -0.4963786
Grain 1 0.1092449 0.8396103 0.5220599 -0.1028286
Grain 2 0.1898218 -0.9600253 0.04697324 -0.2002816
Grain 3 0 1 0 0
Grain 4 0 1 0 0
Grain 5 0.1112026 0.9706377 0.1781118 0.1173575
Grain 6 0.2889889 0.9513023 0.08406049 -0.06665732
Grain 7 0.2160838 0.9658898 0.05137841 0.1331356
Grain 8 -0.03455947 0.9119664 -0.1403593 0.3839562
Grain 9 0.2416291 0.8636292 -0.07382184 0.4362457
Grain 10 0.2764634 0.9554746 -0.002232429 -0.1031088
Grain 11 0 1 0 0
Grain 12 0.1002805 0.97962 -0.1683782 0.04401339
Grain 13 0.3021173 0.901176 0.1333902 0.2807384
Grain 14 0.1818437 -0.9644491 -0.1572266 -0.1097753
Grain 15 0.1402792 0.9532456 0.2209148 -0.1511333
Grain 16 0 1 0 0
Grain 17 0.1709107 0.9278178 -0.2522883 0.2151612
Grain 18 0 1 0 0
Grain 19 0.1869856 0.967391 0.0007164031 0.1708527
Guest-0 OptGrain 0 12 89.07866 89.25596
Grain 0 0.06049408 -0.8593113 -0.1030545 -0.4972968
Grain 1 0.1092449 0.8396103 0.5220599 -0.1028286
Grain 2 0.1898218 -0.9600253 0.04697324 -0.2002816
Grain 3 0 1 0 0
Grain 4 0 1 0 0
Grain 5 0.1112026 0.9706377 0.1781118 0.1173575
Grain 6 0.2889889 0.9513023 0.08406049 -0.06665732
Grain 7 0.2160838 0.9658898 0.05137841 0.1331356
Grain 8 -0.03455947 0.9119664 -0.1403593 0.3839562
Grain 9 0.2416291 0.8636292 -0.07382184 0.4362457
Grain 10 0.2764634 0.9554746 -0.002232429 -0.1031088
Grain 11 0 1 0 0
Grain 12 0.1002805 0.97962 -0.1683782 0.04401339
Grain 13 0.3021173 0.901176 0.1333902 0.2807384
Grain 14 0.1818437 -0.9644491 -0.1572266 -0.1097753
Grain 15 0.1402792 0.9532456 0.2209148 -0.1511333
Grain 16 0 1 0 0
Grain 17 0.1709107 0.9278178 -0.2522883 0.2151612
Grain 18 0 1 0 0
Grain 19 0.1869856 0.967391 0.0007164031 0.1708527
Guest-0 ori 125.2544 126.1857
Grain 0 0.06042063 -0.8553042 -0.1051427 -0.5037352
Grain 1 0.1092449 0.8396103 0.5220599 -0.1028286
Grain 2 0.1898218 -0.9600253 0.04697324 -0.2002816
Grain 3 0 1 0 0
Grain 4 0 1 0 0
Grain 5 0.1112026 0.9706377 0.1781118 0.1173575
Grain 6 0.2889889 0.9513023 0.08406049 -0.06665732
Grain 7 0.2160838 0.9658898 0.05137841 0.1331356
Grain 8 -0.03455947 0.9119664 -0.1403593 0.3839562
Grain 9 0.2416291 0.8636292 -0.07382184 0.4362457
Grain 10 0.2764634 0.9554746 -0.002232429 -0.1031088
Grain 11 0 1 0 0
Grain 12 0.1002805 0.97962 -0.1683782 0.04401339
Grain 13 0.3021173 0.901176 0.1333902 0.2807384
Grain 14 0.1818437 -0.9644491 -0.1572266 -0.1097753
Grain 15 0.1402792 0.9532456 0.2209148 -0.1511333
Grain 16 0.1817308 0.9722858 -0.05225242 -0.1374919
Grain 17 0.1709107 0.9278178 -0.2522883 0.2151612
Grain 18 0 1 0 0
Grain 19 0.1869856 0.967391 0.0007164031 0.1708527
