Guest-1 ori 489.1219 490.2231
Grain 0 0 1 0 0
Grain 1 0 1 0 0
Grain 2 0 1 0 0
Grain 3 0 1 0 0
Grain 4 0 1 0 0
Grain 5 0 1 0 0
Grain 6 0 1 0 0
Grain 7 0 1 0 0
Grain 8 0 1 0 0
Grain 9 0.1813318 -0.9256034 0.04226593 0.329531
Guest-1 ori 490.8053 491.3885
Grain 0 0 1 0 0
Grain 1 0 1 0 0
Grain 2 0 1 0 0
Grain 3 0 1 0 0
Grain 4 0 1 0 0
Grain 5 0 1 0 0
Grain 6 0 1 0 0
Grain 7 0 1 0 0
Grain 8 0 1 0 0
Grain 9 0.1772622 -0.964016 0.01917237 0.1971899
Guest-1 ori 494.0549 494.8027
Grain 0 0 1 0 0
Grain 1 0 1 0 0
Grain 2 0 1 0 0
Grain 3 0 1 0 0
Grain 4 0 1 0 0
Grain 5 0 1 0 0
Grain 6 0 1 0 0
Grain 7 0 1 0 0
Grain 8 0 1 0 0
Grain 9 0.1931341 -0.9501891 0.025238 0.2433168
Guest-1 ori 497.7348 498.2184
Grain 0 0 1 0 0
Grain 1 0 1 0 0
Grain 2 0 1 0 0
Grain 3 0 1 0 0
Grain 4 0 1 0 0
Grain 5 0 1 0 0
Grain 6 0 1 0 0
Grain 7 0 1 0 0
Grain 8 0 1 0 0
Grain 9 0.2015814 -0.9748535 -0.04749092 -0.08228106
Guest-1 ori 499.2986 499.8158
Grain 0 0 1 0 0
Grain 1 0 1 0 0
Grain 2 0 1 0 0
Grain 3 0 1 0 0
Grain 4 0 1 0 0
Grain 5 0 1 0 0
Grain 6 0 1 0 0
Grain 7 0 1 0 0
Grain 8 0 1 0 0
Grain 9 0.1857468 -0.9593115 -0.07167472 -0.2002054
Guest-1 ori 511.3393 511.4766
Grain 0 0 1 0 0
Grain 1 0 1 0 0
Grain 2 0 1 0 0
Grain 3 0 1 0 0
Grain 4 0 1 0 0
Grain 5 0 1 0 0
Grain 6 0 1 0 0
Grain 7 0 1 0 0
Grain 8 0 1 0 0
Grain 9 0.1857468 -0.9593115 -0.07167472 -0.2002054
Guest-1 ori 513.4035 513.6559
Grain 0 0 1 0 0
Grain 1 0 1 0 0
Grain 2 0 1 0 0
Grain 3 0 1 0 0
Grain 4 0 1 0 0
Grain 5 0 1 0 0
Grain 6 0 1 0 0
Grain 7 0 1 0 0
Grain 8 0 1 0 0
Grain 9 0.1791864 -0.96662 -0.06731267 -0.1703143
Guest-1 ori 513.8549 514.2872
Grain 0 0 1 0 0
Grain 1 0 1 0 0
Grain 2 0 1 0 0
Grain 3 0 1 0 0
Grain 4 0 1 0 0
Grain 5 0 1 0 0
Grain 6 0 1 0 0
Grain 7 0 1 0 0
Grain 8 0 1 0 0
Grain 9 0.1623284 -0.9812108 -0.05523528 -0.08845301
Guest-1 ori 515.2376 517.3844
Grain 0 0 1 0 0
Grain 1 0 1 0 0
Grain 2 0 1 0 0
Grain 3 0 1 0 0
Grain 4 0 1 0 0
Grain 5 0 1 0 0
Grain 6 0 1 0 0
Grain 7 0 1 0 0
Grain 8 0 1 0 0
Grain 9 0.3271704 -0.8501168 -0.1132324 -0.3967864
Guest-1 ori 538.4517 545.7618
Grain 0 0 1 0 0
Grain 1 0 1 0 0
Grain 2 0 1 0 0
Grain 3 0 1 0 0
Grain 4 0 1 0 0
Grain 5 0 1 0 0
Grain 6 0.4185827 0.9058668 0.05952466 0.02551092
Grain 7 0 1 0 0
Grain 8 0 1 0 0
Grain 9 0.3271704 -0.8501168 -0.1132324 -0.3967864
Guest-1 ori 561.0814 563.0621
Grain 0 0 1 0 0
Grain 1 0 1 0 0
Grain 2 0 1 0 0
Grain 3 0 1 0 0
Grain 4 0.05263454 0.9982403 0.0002581412 0.02731141
Grain 5 0 1 0 0
Grain 6 0.4185827 0.9058668 0.05952466 0.02551092
Grain 7 0 1 0 0
Grain 8 0 1 0 0
Grain 9 0.3271704 -0.8501168 -0.1132324 -0.3967864
Guest-1 ori 567.9947 573.3892
Grain 0 0 1 0 0
Grain 1 0 1 0 0
Grain 2 0.103933 -0.9088303 0.32596 -0.2386956
Grain 3 0 1 0 0
Grain 4 0.05263454 0.9982403 0.0002581412 0.02731141
Grain 5 0 1 0 0
Grain 6 0.4185827 0.9058668 0.05952466 0.02551092
Grain 7 0 1 0 0
Grain 8 0 1 0 0
Grain 9 0.3271704 -0.8501168 -0.1132324 -0.3967864
Guest-1 ori 582.0967 586.0265
Grain 0 0 1 0 0
Grain 1 0 1 0 0
Grain 2 0.103933 -0.9088303 0.32596 -0.2386956
Grain 3 0.3139664 -0.7760712 -0.165819 -0.5211936
Grain 4 0.05263454 0.9982403 0.0002581412 0.02731141
Grain 5 0 1 0 0
Grain 6 0.4185827 0.9058668 0.05952466 0.02551092
Grain 7 0 1 0 0
Grain 8 0 1 0 0
Grain 9 0.3271704 -0.8501168 -0.1132324 -0.3967864
Guest-1 ori 590.2894 597.9841
Grain 0 0 1 0 0
Grain 1 0 1 0 0
Grain 2 0.103933 -0.9088303 0.32596 -0.2386956
Grain 3 0.3139664 -0.7760712 -0.165819 -0.5211936
Grain 4 0.05263454 0.9982403 0.0002581412 0.02731141
Grain 5 0 1 0 0
Grain 6 0.4185827 0.9058668 0.05952466 0.02551092
Grain 7 0 1 0 0
Grain 8 0.1126164 0.9844325 0.05251762 0.1243072
Grain 9 0.3271704 -0.8501168 -0.1132324 -0.3967864
Guest-1 ori 600.332 600.4664
Grain 0 0 1 0 0
Grain 1 0 1 0 0
Grain 2 0.103933 -0.9088303 0.32596 -0.2386956
Grain 3 0.3139664 -0.7760712 -0.165819 -0.5211936
Grain 4 0.05263454 0.9982403 0.0002581412 0.02731141
Grain 5 0 1 0 0
Grain 6 0.4185827 0.9058668 0.05952466 0.02551092
Grain 7 0 1 0 0
Grain 8 0.1130705 0.9833102 0.05153287 0.1328932
Grain 9 0.3271704 -0.8501168 -0.1132324 -0.3967864
Guest-1 OptGrain 8 276 111.554 115.0022
Grain 0 0 1 0 0
Grain 1 0 1 0 0
Grain 2 0.103933 -0.9088303 0.32596 -0.2386956
Grain 3 0.3139664 -0.7760712 -0.165819 -0.5211936
Grain 4 0.05263454 0.9982403 0.0002581412 0.02731141
Grain 5 0 1 0 0
Grain 6 0.4185827 0.9058668 0.05952466 0.02551092
Grain 7 0 1 0 0
Grain 8 0.04498932 0.9205111 0.02570715 0.3872654
Grain 9 0.3271704 -0.8501168 -0.1132324 -0.3967864
Guest-1 ori 605.8431 612.5377
Grain 0 0 1 0 0
Grain 1 0 1 0 0
Grain 2 0.103933 -0.9088303 0.32596 -0.2386956
Grain 3 0.3139664 -0.7760712 -0.165819 -0.5211936
Grain 4 0.05263454 0.9982403 0.0002581412 0.02731141
Grain 5 0 1 0 0
Grain 6 0.4185827 0.9058668 0.05952466 0.02551092
Grain 7 0 1 0 0
Grain 8 0.04498934 0.9205111 0.02570719 0.3872654
Grain 9 0.3271704 -0.8501168 -0.1132324 -0.3967864
Guest-1 ori 614.287 614.42
Grain 0 0 1 0 0
Grain 1 0 1 0 0
Grain 2 0.103933 -0.9088303 0.32596 -0.2386956
Grain 3 0.3139664 -0.7760712 -0.165819 -0.5211936
Grain 4 0.05263454 0.9982403 0.0002581412 0.02731141
Grain 5 0 1 0 0
Grain 6 0.4185827 0.9058668 0.05952466 0.02551092
Grain 7 0 1 0 0
Grain 8 0.04277068 0.9199079 0.02912465 0.3887053
Grain 9 0.3271704 -0.8501168 -0.1132324 -0.3967864
Guest-1 ori 619.9825 624.2807
Grain 0 0.3979993 -0.8894597 -0.07519969 -0.2116673
Grain 1 0 1 0 0
Grain 2 0.103933 -0.9088303 0.32596 -0.2386956
Grain 3 0.3139664 -0.7760712 -0.165819 -0.5211936
Grain 4 0.05263454 0.9982403 0.0002581412 0.02731141
Grain 5 0 1 0 0
Grain 6 0.4185827 0.9058668 0.05952466 0.02551092
Grain 7 0 1 0 0
Grain 8 0.04277068 0.9199079 0.02912465 0.3887053
Grain 9 0.3271704 -0.8501168 -0.1132324 -0.3967864
Guest-1 OptGrain 0 12 136.8227 137.1034
Grain 0 0.3902223 -0.892899 -0.07704394 -0.211003
Grain 1 0 1 0 0
Grain 2 0.103933 -0.9088303 0.32596 -0.2386956
Grain 3 0.3139664 -0.7760712 -0.165819 -0.5211936
Grain 4 0.05263454 0.9982403 0.0002581412 0.02731141
Grain 5 0 1 0 0
Grain 6 0.4185827 0.9058668 0.05952466 0.02551092
Grain 7 0 1 0 0
Grain 8 0.04277068 0.9199079 0.02912465 0.3887053
Grain 9 0.3271704 -0.8501168 -0.1132324 -0.3967864
Guest-1 OptGrain 0 144 138.7537 140.8406
Grain 0 0.3567491 -0.8558569 -0.1302732 -0.3510953
Grain 1 0 1 0 0
Grain 2 0.103933 -0.9088303 0.32596 -0.2386956
Grain 3 0.3139664 -0.7760712 -0.165819 -0.5211936
Grain 4 0.05263454 0.9982403 0.0002581412 0.02731141
Grain 5 0 1 0 0
Grain 6 0.4185827 0.9058668 0.05952466 0.02551092
Grain 7 0 1 0 0
Grain 8 0.04277068 0.9199079 0.02912465 0.3887053
Grain 9 0.3271704 -0.8501168 -0.1132324 -0.3967864
Guest-1 ori 634.8889 635.821
Grain 0 0.3536718 -0.8569611 -0.1227997 -0.3541951
Grain 1 0 1 0 0
Grain 2 0.103933 -0.9088303 0.32596 -0.2386956
Grain 3 0.3822863 -0.6941046 -0.1580231 -0.589156
Grain 4 0.05263454 0.9982403 0.0002581412 0.02731141
Grain 5 0 1 0 0
Grain 6 0.4185827 0.9058668 0.05952466 0.02551092
Grain 7 0 1 0 0
Grain 8 0.04277068 0.9199079 0.02912465 0.3887053
Grain 9 0.3271704 -0.8501168 -0.1132324 -0.3967864
Guest-1 ori 639.001 643.379
Grain 0 0.3536718 -0.8569611 -0.1227997 -0.3541951
Grain 1 0 1 0 0
Grain 2 0.103933 -0.9088303 0.32596 -0.2386956
Grain 3 0.2087402 -0.7229818 -0.1808182 -0.633269
Grain 4 0.05263454 0.9982403 0.0002581412 0.02731141
Grain 5 0 1 0 0
Grain 6 0.4185827 0.9058668 0.05952466 0.02551092
Grain 7 0 1 0 0
Grain 8 0.04277068 0.9199079 0.02912465 0.3887053
Grain 9 0.3271704 -0.8501168 -0.1132324 -0.3967864
Guest-1 ori 647.9288 652.0568
Grain 0 0.3536718 -0.8569611 -0.1227997 -0.3541951
Grain 1 0 1 0 0
Grain 2 0.103933 -0.9088303 0.32596 -0.2386956
Grain 3 0.2087402 -0.7229818 -0.1808182 -0.633269
Grain 4 0.1239417 0.9790607 -0.05806161 0.15069
Grain 5 0 1 0 0
Grain 6 0.4185827 0.9058668 0.05952466 0.02551092
Grain 7 0 1 0 0
Grain 8 0.04277068 0.9199079 0.02912465 0.3887053
Grain 9 0.3271704 -0.8501168 -0.1132324 -0.3967864
Guest-1 ori 653.0712 653.4378
Grain 0 0.3536718 -0.8569611 -0.1227997 -0.3541951
Grain 1 0 1 0 0
Grain 2 0.103933 -0.9088303 0.32596 -0.2386956
Grain 3 0.2087402 -0.7229818 -0.1808182 -0.633269
Grain 4 0.4146512 0.8590875 -0.1218757 0.2741885
Grain 5 0 1 0 0
Grain 6 0.4185827 0.9058668 0.05952466 0.02551092
Grain 7 0 1 0 0
Grain 8 0.04277068 0.9199079 0.02912465 0.3887053
Grain 9 0.3271704 -0.8501168 -0.1132324 -0.3967864
Guest-1 ori 662.698 667.5293
Grain 0 0.4812524 -0.718168 0.1350123 -0.4841515
Grain 1 0 1 0 0
Grain 2 0.103933 -0.9088303 0.32596 -0.2386956
Grain 3 0.2087402 -0.7229818 -0.1808182 -0.633269
Grain 4 0.4226492 0.8377162 -0.1571392 0.3080691
Grain 5 0 1 0 0
Grain 6 0.4185827 0.9058668 0.05952466 0.02551092
Grain 7 0 1 0 0
Grain 8 0.04277068 0.9199079 0.02912465 0.3887053
Grain 9 0.3271704 -0.8501168 -0.1132324 -0.3967864
Guest-1 OptGrain 0 378 176.4346 182.3097
Grain 0 0.6118705 -0.5697381 -0.005587516 -0.5486181
Grain 1 0 1 0 0
Grain 2 0.103933 -0.9088303 0.32596 -0.2386956
Grain 3 0.2087402 -0.7229818 -0.1808182 -0.633269
Grain 4 0.4226492 0.8377162 -0.1571392 0.3080691
Grain 5 0 1 0 0
Grain 6 0.4185827 0.9058668 0.05952466 0.02551092
Grain 7 0 1 0 0
Grain 8 0.04277068 0.9199079 0.02912465 0.3887053
Grain 9 0.3271704 -0.8501168 -0.1132324 -0.3967864
Guest-1 ori 679.1831 679.3356
Grain 0 0.6118705 -0.5697381 -0.005587369 -0.5486181
Grain 1 0 1 0 0
Grain 2 0.103933 -0.9088303 0.32596 -0.2386956
Grain 3 0.2087402 -0.7229818 -0.1808182 -0.633269
Grain 4 0.4226492 0.8377162 -0.1571392 0.3080691
Grain 5 0 1 0 0
Grain 6 0.4185827 0.9058668 0.05952466 0.02551092
Grain 7 0 1 0 0
Grain 8 0.04277068 0.9199079 0.02912465 0.3887053
Grain 9 0.3271704 -0.8501168 -0.1132324 -0.3967864
Guest-1 ori 682.9664 685.7108
Grain 0 0.6118705 -0.5697381 -0.005587369 -0.5486181
Grain 1 0 1 0 0
Grain 2 0.103933 -0.9088303 0.32596 -0.2386956
Grain 3 0.2087402 -0.7229818 -0.1808182 -0.633269
Grain 4 0.4226492 0.8377162 -0.1571392 0.3080691
Grain 5 0 1 0 0
Grain 6 0.4189199 0.9057223 0.05753576 0.02937718
Grain 7 0 1 0 0
Grain 8 0.04277068 0.9199079 0.02912465 0.3887053
Grain 9 0.4809606 -0.6134591 -0.08055984 -0.6211722
Guest-1 ori 689.9087 690.061
Grain 0 0.6118705 -0.5697381 -0.005587369 -0.5486181
Grain 1 0 1 0 0
Grain 2 0.103933 -0.9088303 0.32596 -0.2386956
Grain 3 0.2087402 -0.7229818 -0.1808182 -0.633269
Grain 4 0.4226492 0.8377162 -0.1571392 0.3080691
Grain 5 0 1 0 0
Grain 6 0.4189199 0.9057223 0.05753576 0.02937718
Grain 7 0 1 0 0
Grain 8 0.04277068 0.9199079 0.02912465 0.3887053
Grain 9 0.4793316 -0.6207431 -0.07319057 -0.6160863
Guest-1 OptGrain 9 18 197.6865 198.1994
Grain 0 0.6118705 -0.5697381 -0.005587369 -0.5486181
Grain 1 0 1 0 0
Grain 2 0.103933 -0.9088303 0.32596 -0.2386956
Grain 3 0.2087402 -0.7229818 -0.1808182 -0.633269
Grain 4 0.4226492 0.8377162 -0.1571392 0.3080691
Grain 5 0 1 0 0
Grain 6 0.4189199 0.9057223 0.05753576 0.02937718
Grain 7 0 1 0 0
Grain 8 0.04277068 0.9199079 0.02912465 0.3887053
Grain 9 0.4847303 -0.6165366 -0.06781149 -0.6167015
Guest-1 ori 696.7534 700.9489
Grain 0 0.6118705 -0.5697381 -0.005587369 -0.5486181
Grain 1 0 1 0 0
Grain 2 0.103933 -0.9088303 0.32596 -0.2386956
Grain 3 0.2087402 -0.7229818 -0.1808182 -0.633269
Grain 4 0.4226492 0.8377162 -0.1571392 0.3080691
Grain 5 0 1 0 0
Grain 6 0.3486232 0.9322211 0.09605794 0.01409168
Grain 7 0 1 0 0
Grain 8 0.04277068 0.9199079 0.02912465 0.3887053
Grain 9 0.4847303 -0.6165365 -0.06781159 -0.6167016
Guest-1 ori 714.1229 714.2575
Grain 0 0.6118705 -0.5697381 -0.005587369 -0.5486181
Grain 1 0 1 0 0
Grain 2 0.103933 -0.9088303 0.32596 -0.2386956
Grain 3 0.2087402 -0.7229818 -0.1808182 -0.633269
Grain 4 0.4226492 0.8377162 -0.1571392 0.3080691
Grain 5 0 1 0 0
Grain 6 0.3529791 0.9304072 0.0977048 0.01421545
Grain 7 0 1 0 0
Grain 8 0.04277068 0.9199079 0.02912465 0.3887053
Grain 9 0.4847303 -0.6165365 -0.06781159 -0.6167016
Guest-1 OptGrain 6 42 221.879 223.34
Grain 0 0.6118705 -0.5697381 -0.005587369 -0.5486181
Grain 1 0 1 0 0
Grain 2 0.103933 -0.9088303 0.32596 -0.2386956
Grain 3 0.2087402 -0.7229818 -0.1808182 -0.633269
Grain 4 0.4226492 0.8377162 -0.1571392 0.3080691
Grain 5 0 1 0 0
Grain 6 0.3754514 0.9209403 0.1043294 -0.004530077
Grain 7 0 1 0 0
Grain 8 0.04277068 0.9199079 0.02912465 0.3887053
Grain 9 0.4847303 -0.6165365 -0.06781159 -0.6167016
Guest-1 ori 715.6035 715.7552
Grain 0 0.6118705 -0.5697381 -0.005587369 -0.5486181
Grain 1 0 1 0 0
Grain 2 0.103933 -0.9088303 0.32596 -0.2386956
Grain 3 0.2087402 -0.7229818 -0.1808182 -0.633269
Grain 4 0.4226492 0.8377162 -0.1571392 0.3080691
Grain 5 0 1 0 0
Grain 6 0.3754766 0.9199949 0.112362 -0.001253515
Grain 7 0 1 0 0
Grain 8 0.04277068 0.9199079 0.02912465 0.3887053
Grain 9 0.4847303 -0.6165365 -0.06781159 -0.6167016
Guest-1 OptGrain 6 42 223.34 224.6152
Grain 0 0.6118705 -0.5697381 -0.005587369 -0.5486181
Grain 1 0 1 0 0
Grain 2 0.103933 -0.9088303 0.32596 -0.2386956
Grain 3 0.2087402 -0.7229818 -0.1808182 -0.633269
Grain 4 0.4226492 0.8377162 -0.1571392 0.3080691
Grain 5 0 1 0 0
Grain 6 0.3744465 0.9178479 0.1316728 -0.002728923
Grain 7 0 1 0 0
Grain 8 0.04277068 0.9199079 0.02912465 0.3887053
Grain 9 0.4847303 -0.6165365 -0.06781159 -0.6167016
Guest-1 ori 720.4992 720.618
Grain 0 0.6118705 -0.5697381 -0.005587369 -0.5486181
Grain 1 0 1 0 0
Grain 2 0.103933 -0.9088303 0.32596 -0.2386956
Grain 3 0.2087402 -0.7229818 -0.1808182 -0.633269
Grain 4 0.4226492 0.8377162 -0.1571392 0.3080691
Grain 5 0 1 0 0
Grain 6 0.3824418 0.9145452 0.131644 -0.003877938
Grain 7 0 1 0 0
Grain 8 0.04277068 0.9199079 0.02912465 0.3887053
Grain 9 0.4847303 -0.6165365 -0.06781159 -0.6167016
Guest-1 OptGrain 6 18 228.1655 228.8237
Grain 0 0.6118705 -0.5697381 -0.005587369 -0.5486181
Grain 1 0 1 0 0
Grain 2 0.103933 -0.9088303 0.32596 -0.2386956
Grain 3 0.2087402 -0.7229818 -0.1808182 -0.633269
Grain 4 0.4226492 0.8377162 -0.1571392 0.3080691
Grain 5 0 1 0 0
Grain 6 0.3744465 0.9178479 0.1316729 -0.002728994
Grain 7 0 1 0 0
Grain 8 0.04277068 0.9199079 0.02912465 0.3887053
Grain 9 0.4847303 -0.6165365 -0.06781159 -0.6167016
Guest-1 OptGrain 6 18 229.5078 230.033
Grain 0 0.6118705 -0.5697381 -0.005587369 -0.5486181
Grain 1 0 1 0 0
Grain 2 0.103933 -0.9088303 0.32596 -0.2386956
Grain 3 0.2087402 -0.7229818 -0.1808182 -0.633269
Grain 4 0.4226492 0.8377162 -0.1571392 0.3080691
Grain 5 0 1 0 0
Grain 6 0.3744465 0.9178478 0.1316729 -0.002728994
Grain 7 0 1 0 0
Grain 8 0.04277068 0.9199079 0.02912465 0.3887053
Grain 9 0.4847303 -0.6165365 -0.06781159 -0.6167016
Guest-1 ori 726.93 728.3958
Grain 0 0.6118705 -0.5697381 -0.005587369 -0.5486181
Grain 1 0 1 0 0
Grain 2 0.103933 -0.9088303 0.32596 -0.2386956
Grain 3 0.1786707 -0.6573969 -0.1298659 -0.720445
Grain 4 0.4226492 0.8377162 -0.1571392 0.3080691
Grain 5 0 1 0 0
Grain 6 0.3744465 0.9178478 0.1316729 -0.002728994
Grain 7 0 1 0 0
Grain 8 0.04277068 0.9199079 0.02912465 0.3887053
Grain 9 0.4847303 -0.6165365 -0.06781159 -0.6167016
Guest-1 ori 729.4783 729.6104
Grain 0 0.6118705 -0.5697381 -0.005587369 -0.5486181
Grain 1 0 1 0 0
Grain 2 0.103933 -0.9088303 0.32596 -0.2386956
Grain 3 0.1797971 -0.6636589 -0.1283018 -0.7146809
Grain 4 0.4226492 0.8377162 -0.1571392 0.3080691
Grain 5 0 1 0 0
Grain 6 0.3744465 0.9178478 0.1316729 -0.002728994
Grain 7 0 1 0 0
Grain 8 0.04277068 0.9199079 0.02912465 0.3887053
Grain 9 0.4847303 -0.6165365 -0.06781159 -0.6167016
Guest-1 OptGrain 3 168 237.1167 241.4044
Grain 0 0.6118705 -0.5697381 -0.005587369 -0.5486181
Grain 1 0 1 0 0
Grain 2 0.103933 -0.9088303 0.32596 -0.2386956
Grain 3 0.2992494 -0.644584 -0.2427471 -0.6603296
Grain 4 0.4226492 0.8377162 -0.1571392 0.3080691
Grain 5 0 1 0 0
Grain 6 0.3744465 0.9178478 0.1316729 -0.002728994
Grain 7 0 1 0 0
Grain 8 0.04277068 0.9199079 0.02912465 0.3887053
Grain 9 0.4847303 -0.6165365 -0.06781159 -0.6167016
Guest-1 ori 746.5131 747.2125
Grain 0 0.6118705 -0.5697381 -0.005587369 -0.5486181
Grain 1 0 1 0 0
Grain 2 0.103933 -0.9088303 0.32596 -0.2386956
Grain 3 0.2992496 -0.6445839 -0.2427474 -0.6603295
Grain 4 0.4226492 0.8377162 -0.1571392 0.3080691
Grain 5 0 1 0 0
Grain 6 0.3477364 0.930202 0.1105416 0.03980221
Grain 7 0 1 0 0
Grain 8 0.04277068 0.9199079 0.02912465 0.3887053
Grain 9 0.4847303 -0.6165365 -0.06781159 -0.6167016
Guest-1 ori 756.0386 759.3867
Grain 0 0.6118705 -0.5697381 -0.005587369 -0.5486181
Grain 1 0 1 0 0
Grain 2 0.103933 -0.9088303 0.32596 -0.2386956
Grain 3 0.2992496 -0.6445839 -0.2427474 -0.6603295
Grain 4 0.4226492 0.8377162 -0.1571392 0.3080691
Grain 5 0 1 0 0
Grain 6 0.2796026 0.9577931 -0.04889575 0.04543252
Grain 7 0 1 0 0
Grain 8 0.04277068 0.9199079 0.02912465 0.3887053
Grain 9 0.4847303 -0.6165365 -0.06781159 -0.6167016
Guest-1 ori 764.5298 767.4134
Grain 0 0.6118705 -0.5697381 -0.005587369 -0.5486181
Grain 1 0 1 0 0
Grain 2 0.103933 -0.9088303 0.32596 -0.2386956
Grain 3 0.2992496 -0.6445839 -0.2427474 -0.6603295
Grain 4 0.4362185 0.8097221 -0.1860985 0.3455878
Grain 5 0 1 0 0
Grain 6 0.283765 0.9565754 -0.04849913 0.04570294
Grain 7 0 1 0 0
Grain 8 0.04277068 0.9199079 0.02912465 0.3887053
Grain 9 0.4847303 -0.6165365 -0.06781159 -0.6167016
Guest-1 ori 772.5262 775.9551
Grain 0 0.6118705 -0.5697381 -0.005587369 -0.5486181
Grain 1 0.03984855 0.9952416 0.02399366 -0.08561879
Grain 2 0.103933 -0.9088303 0.32596 -0.2386956
Grain 3 0.2992496 -0.6445839 -0.2427474 -0.6603295
Grain 4 0.4362185 0.8097221 -0.1860985 0.3455878
Grain 5 0 1 0 0
Grain 6 0.283765 0.9565754 -0.04849913 0.04570294
Grain 7 0 1 0 0
Grain 8 0.04277068 0.9199079 0.02912465 0.3887053
Grain 9 0.4847303 -0.6165365 -0.06781159 -0.6167016
Guest-1 ori 785.697 787.6306
Grain 0 0.6118705 -0.5697381 -0.005587369 -0.5486181
Grain 1 0.03984855 0.9952416 0.02399366 -0.08561879
Grain 2 0.103933 -0.9088303 0.32596 -0.2386956
Grain 3 0.2992496 -0.6445839 -0.2427474 -0.6603295
Grain 4 0.4362185 0.8097221 -0.1860985 0.3455878
Grain 5 0 1 0 0
Grain 6 0.283765 0.9565754 -0.04849913 0.04570294
Grain 7 0.02191409 0.9842616 0.1737445 0.02370272
Grain 8 0.04277068 0.9199079 0.02912465 0.3887053
Grain 9 0.4847303 -0.6165365 -0.06781159 -0.6167016
Guest-1 ori 793.4091 794.9879
Grain 0 0.6118705 -0.5697381 -0.005587369 -0.5486181
Grain 1 0.03315752 -0.9987793 0.02924242 -0.02203185
Grain 2 0.103933 -0.9088303 0.32596 -0.2386956
Grain 3 0.2992496 -0.6445839 -0.2427474 -0.6603295
Grain 4 0.4362185 0.8097221 -0.1860985 0.3455878
Grain 5 0 1 0 0
Grain 6 0.283765 0.9565754 -0.04849913 0.04570294
Grain 7 0.02191409 0.9842616 0.1737445 0.02370272
Grain 8 0.04277068 0.9199079 0.02912465 0.3887053
Grain 9 0.4847303 -0.6165365 -0.06781159 -0.6167016
