Guest-5 ori 56.08131 56.36573
Grain 0 0 1 0 0
Grain 1 0 1 0 0
Grain 2 0 1 0 0
Grain 3 0 1 0 0
Grain 4 0 1 0 0
Grain 5 0 1 0 0
Grain 6 0 1 0 0
Grain 7 0 1 0 0
Grain 8 0 1 0 0
Grain 9 0.1469123 0.9738856 -0.005411511 -0.1730157
Guest-5 ori 57.90831 58.34055
Grain 0 0 1 0 0
Grain 1 0 1 0 0
Grain 2 0 1 0 0
Grain 3 0 1 0 0
Grain 4 0 1 0 0
Grain 5 0 1 0 0
Grain 6 0 1 0 0
Grain 7 0 1 0 0
Grain 8 0 1 0 0
Grain 9 0.4356185 0.8957635 -0.06798203 -0.0567698
Guest-5 ori 58.47567 58.81124
Grain 0 0 1 0 0
Grain 1 0 1 0 0
Grain 2 0 1 0 0
Grain 3 0 1 0 0
Grain 4 0 1 0 0
Grain 5 0 1 0 0
Grain 6 0 1 0 0
Grain 7 0 1 0 0
Grain 8 0 1 0 0
Grain 9 0.2261507 0.9660905 -0.02941676 -0.1210771
Guest-5 ori 72.47748 84.70073
Grain 0 0 1 0 0
Grain 1 0 1 0 0
Grain 2 0 1 0 0
Grain 3 0 1 0 0
Grain 4 0 1 0 0
Grain 5 0 1 0 0
Grain 6 0 1 0 0
Grain 7 0 1 0 0
Grain 8 0 1 0 0
Grain 9 0.1009989 0.9098613 -0.3630579 0.1736103
Guest-5 ori 92.34292 96.82671
Grain 0 0 1 0 0
Grain 1 0 1 0 0
Grain 2 0 1 0 0
Grain 3 0 1 0 0
Grain 4 0 1 0 0
Grain 5 0 1 0 0
Grain 6 0 1 0 0
Grain 7 0 1 0 0
Grain 8 0 1 0 0
Grain 9 0.3355518 -0.8002625 0.4342024 0.2417712
Guest-5 ori 98.46954 101.7332
Grain 0 0 1 0 0
Grain 1 0 1 0 0
Grain 2 0 1 0 0
Grain 3 0 1 0 0
Grain 4 0 1 0 0
Grain 5 0 1 0 0
Grain 6 0 1 0 0
Grain 7 0 1 0 0
Grain 8 0 1 0 0
Grain 9 -0.007126838 -0.7749863 0.4302698 0.4628319
Guest-5 ori 102.7494 105.6639
Grain 0 0 1 0 0
Grain 1 0 1 0 0
Grain 2 0 1 0 0
Grain 3 0 1 0 0
Grain 4 0 1 0 0
Grain 5 0 1 0 0
Grain 6 0 1 0 0
Grain 7 0 1 0 0
Grain 8 0 1 0 0
Grain 9 -0.756409 -0.6169446 0.1457431 -0.1611947
Guest-5 ori 138.997 150.3238
Grain 0 0 1 0 0
Grain 1 0 1 0 0
Grain 2 0 1 0 0
Grain 3 0.09560623 0.9206563 -0.3775991 -0.02589484
Grain 4 0 1 0 0
Grain 5 0 1 0 0
Grain 6 0 1 0 0
Grain 7 0 1 0 0
Grain 8 0 1 0 0
Grain 9 -0.756409 -0.6169446 0.1457431 -0.1611947
Guest-5 ori 192.0615 197.6046
Grain 0 0 1 0 0
Grain 1 0 1 0 0
Grain 2 0 1 0 0
Grain 3 0.286788 -0.8202663 0.109427 -0.4826401
Grain 4 0 1 0 0
Grain 5 0 1 0 0
Grain 6 0 1 0 0
Grain 7 0 1 0 0
Grain 8 0 1 0 0
Grain 9 -0.756409 -0.6169446 0.1457431 -0.1611947
Guest-5 ori 200.1546 206.3126
Grain 0 0 1 0 0
Grain 1 0 1 0 0
Grain 2 0 1 0 0
Grain 3 0.286788 -0.8202663 0.109427 -0.4826401
Grain 4 0 1 0 0
Grain 5 0 1 0 0
Grain 6 0 1 0 0
Grain 7 0 1 0 0
Grain 8 0.5645241 -0.7158604 0.05589306 0.4071024
Grain 9 -0.756409 -0.6169446 0.1457431 -0.1611947
Guest-5 ori 211.9573 214.2427
Grain 0 0 1 0 0
Grain 1 0 1 0 0
Grain 2 0.3977007 0.9046429 0.0565659 -0.1423229
Grain 3 0.286788 -0.8202663 0.109427 -0.4826401
Grain 4 0 1 0 0
Grain 5 0 1 0 0
Grain 6 0 1 0 0
Grain 7 0 1 0 0
Grain 8 0.5645241 -0.7158604 0.05589306 0.4071024
Grain 9 -0.756409 -0.6169446 0.1457431 -0.1611947
Guest-5 ori 224.214 227.31
Grain 0 0 1 0 0
Grain 1 0 1 0 0
Grain 2 0.3977007 0.9046429 0.0565659 -0.1423229
Grain 3 0.286788 -0.8202663 0.109427 -0.4826401
Grain 4 0 1 0 0
Grain 5 0.3617549 0.9238578 0.1248103 -0.006527193
Grain 6 0 1 0 0
Grain 7 0 1 0 0
Grain 8 0.5645241 -0.7158604 0.05589306 0.4071024
Grain 9 -0.756409 -0.6169446 0.1457431 -0.1611947
Guest-5 ori 234.191 239.3869
Grain 0 0 1 0 0
Grain 1 0 1 0 0
Grain 2 0.3977007 0.9046429 0.0565659 -0.1423229
Grain 3 0.286788 -0.8202663 0.109427 -0.4826401
Grain 4 0 1 0 0
Grain 5 0.3617549 0.9238578 0.1248103 -0.006527193
Grain 6 0 1 0 0
Grain 7 -0.00512029 -0.9218438 0.3783261 0.08394796
Grain 8 0.5645241 -0.7158604 0.05589306 0.4071024
Grain 9 -0.756409 -0.6169446 0.1457431 -0.1611947
Guest-5 ori 246.9125 249.5714
Grain 0 0 1 0 0
Grain 1 0.3351644 -0.9262878 -0.03927605 0.1676694
Grain 2 0.3977007 0.9046429 0.0565659 -0.1423229
Grain 3 0.286788 -0.8202663 0.109427 -0.4826401
Grain 4 0 1 0 0
Grain 5 0.3617549 0.9238578 0.1248103 -0.006527193
Grain 6 0 1 0 0
Grain 7 -0.004834803 -0.9201841 0.3823514 0.08393636
Grain 8 0.5645241 -0.7158604 0.05589306 0.4071024
Grain 9 -0.756409 -0.6169446 0.1457431 -0.1611947
Guest-5 ori 257.3501 260.4268
Grain 0 0 1 0 0
Grain 1 0.3351644 -0.9262878 -0.03927605 0.1676694
Grain 2 0.3977007 0.9046429 0.0565659 -0.1423229
Grain 3 0.286788 -0.8202663 0.109427 -0.4826401
Grain 4 0 1 0 0
Grain 5 0.3617549 0.9238578 0.1248103 -0.006527193
Grain 6 0 1 0 0
Grain 7 -0.004834803 -0.9201841 0.3823514 0.08393636
Grain 8 0.5645241 -0.7158604 0.05589306 0.4071024
Grain 9 0.645915 0.6527335 -0.05199761 0.3924654
Guest-5 ori 267.1035 271.5507
Grain 0 0 1 0 0
Grain 1 0.3351644 -0.9262878 -0.03927605 0.1676694
Grain 2 0.1348817 0.864492 0.4436979 -0.1938884
Grain 3 0.286788 -0.8202663 0.109427 -0.4826401
Grain 4 0 1 0 0
Grain 5 0.3617549 0.9238578 0.1248103 -0.006527193
Grain 6 0 1 0 0
Grain 7 -0.004834803 -0.9201841 0.3823514 0.08393636
Grain 8 0.5645241 -0.7158604 0.05589306 0.4071024
Grain 9 0.645915 0.6527335 -0.05199761 0.3924654
Guest-5 ori 276.5308 284.4039
Grain 0 0 1 0 0
Grain 1 0.3351644 -0.9262878 -0.03927605 0.1676694
Grain 2 0.1348817 0.864492 0.4436979 -0.1938884
Grain 3 0.8567184 -0.2806547 0.4182117 -0.1112004
Grain 4 0 1 0 0
Grain 5 0.3617549 0.9238578 0.1248103 -0.006527193
Grain 6 0 1 0 0
Grain 7 -0.004834803 -0.9201841 0.3823514 0.08393636
Grain 8 0.5645241 -0.7158604 0.05589306 0.4071024
Grain 9 0.645915 0.6527335 -0.05199761 0.3924654
Guest-5 ori 290.0325 294.9493
Grain 0 0 1 0 0
Grain 1 0.3351644 -0.9262878 -0.03927605 0.1676694
Grain 2 0.1348817 0.864492 0.4436979 -0.1938884
Grain 3 0.8567184 -0.2806547 0.4182117 -0.1112004
Grain 4 0 1 0 0
Grain 5 0.4756157 0.8231643 0.2732888 0.1466402
Grain 6 0 1 0 0
Grain 7 -0.004834803 -0.9201841 0.3823514 0.08393636
Grain 8 0.5645241 -0.7158604 0.05589306 0.4071024
Grain 9 0.645915 0.6527335 -0.05199761 0.3924654
Guest-5 ori 300.2406 312.1428
Grain 0 0 1 0 0
Grain 1 0.3351644 -0.9262878 -0.03927605 0.1676694
Grain 2 0.1348817 0.864492 0.4436979 -0.1938884
Grain 3 0.9109986 -0.2279847 0.3341849 -0.08015561
Grain 4 0 1 0 0
Grain 5 0.4756157 0.8231643 0.2732888 0.1466402
Grain 6 0 1 0 0
Grain 7 -0.004834803 -0.9201841 0.3823514 0.08393636
Grain 8 0.5645241 -0.7158604 0.05589306 0.4071024
Grain 9 0.645915 0.6527335 -0.05199761 0.3924654
Guest-5 ori 316.5235 320.7366
Grain 0 0 1 0 0
Grain 1 0.3351644 -0.9262878 -0.03927605 0.1676694
Grain 2 0.1471207 0.8629836 0.4375087 -0.2054286
Grain 3 0.9109986 -0.2279847 0.3341849 -0.08015561
Grain 4 0 1 0 0
Grain 5 0.4756157 0.8231643 0.2732888 0.1466402
Grain 6 0 1 0 0
Grain 7 -0.004834803 -0.9201841 0.3823514 0.08393636
Grain 8 0.5645241 -0.7158604 0.05589306 0.4071024
Grain 9 0.645915 0.6527335 -0.05199761 0.3924654
Guest-5 ori 324.2994 331.3913
Grain 0 0 1 0 0
Grain 1 0.3351644 -0.9262878 -0.03927605 0.1676694
Grain 2 0.1471207 0.8629836 0.4375087 -0.2054286
Grain 3 0.9109986 -0.2279847 0.3341849 -0.08015561
Grain 4 0 1 0 0
Grain 5 0.4756157 0.8231643 0.2732888 0.1466402
Grain 6 0 1 0 0
Grain 7 -0.004834803 -0.9201841 0.3823514 0.08393636
Grain 8 0.5066541 -0.6183684 0.2225464 0.558028
Grain 9 0.645915 0.6527335 -0.05199761 0.3924654
Guest-5 ori 337.1024 343.8304
Grain 0 0 1 0 0
Grain 1 0.3351644 -0.9262878 -0.03927605 0.1676694
Grain 2 0.1471207 0.8629836 0.4375087 -0.2054286
Grain 3 0.9109986 -0.2279847 0.3341849 -0.08015561
Grain 4 0 1 0 0
Grain 5 0.4756157 0.8231643 0.2732888 0.1466402
Grain 6 0 1 0 0
Grain 7 -0.05022459 -0.5757018 0.04272326 0.8149967
Grain 8 0.5066541 -0.6183684 0.2225464 0.558028
Grain 9 0.645915 0.6527335 -0.05199761 0.3924654
Guest-5 ori 350.9084 353.3362
Grain 0 0 1 0 0
Grain 1 0.3351644 -0.9262878 -0.03927605 0.1676694
Grain 2 0.1471207 0.8629836 0.4375087 -0.2054286
Grain 3 0.9109986 -0.2279847 0.3341849 -0.08015561
Grain 4 0.367591 0.9158989 -0.1388724 0.08197865
Grain 5 0.4756157 0.8231643 0.2732888 0.1466402
Grain 6 0 1 0 0
Grain 7 -0.05022459 -0.5757018 0.04272326 0.8149967
Grain 8 0.5066541 -0.6183684 0.2225464 0.558028
Grain 9 0.645915 0.6527335 -0.05199761 0.3924654
Guest-5 ori 359.4978 367.207
Grain 0 0 1 0 0
Grain 1 0.3351644 -0.9262878 -0.03927605 0.1676694
Grain 2 0.1471207 0.8629836 0.4375087 -0.2054286
Grain 3 0.9109986 -0.2279847 0.3341849 -0.08015561
Grain 4 0.3618675 0.9188614 -0.1332284 0.08364127
Grain 5 0.4756157 0.8231643 0.2732888 0.1466402
Grain 6 0 1 0 0
Grain 7 0.2500777 0.3121145 -0.021091 -0.9162974
Grain 8 0.5066541 -0.6183684 0.2225464 0.558028
Grain 9 0.645915 0.6527335 -0.05199761 0.3924654
Guest-5 ori 369.8206 376.6645
Grain 0 0 1 0 0
Grain 1 0.3351644 -0.9262878 -0.03927605 0.1676694
Grain 2 0.1471207 0.8629836 0.4375087 -0.2054286
Grain 3 0.9109986 -0.2279847 0.3341849 -0.08015561
Grain 4 0.3618675 0.9188614 -0.1332284 0.08364127
Grain 5 0.4756157 0.8231643 0.2732888 0.1466402
Grain 6 0 1 0 0
Grain 7 0.2500777 0.3121145 -0.021091 -0.9162974
Grain 8 -0.009973914 -0.7000287 0.5812722 0.4147083
Grain 9 0.645915 0.6527335 -0.05199761 0.3924654
Guest-5 ori 387.1544 398.8785
Grain 0 0 1 0 0
Grain 1 0.3351644 -0.9262878 -0.03927605 0.1676694
Grain 2 0.1471207 0.8629836 0.4375087 -0.2054286
Grain 3 0.9109986 -0.2279847 0.3341849 -0.08015561
Grain 4 0.5498565 0.7559358 -0.3419434 -0.09640394
Grain 5 0.4756157 0.8231643 0.2732888 0.1466402
Grain 6 0 1 0 0
Grain 7 0.2500777 0.3121145 -0.021091 -0.9162974
Grain 8 -0.009973914 -0.7000287 0.5812722 0.4147083
Grain 9 0.645915 0.6527335 -0.05199761 0.3924654
Guest-5 ori 406.5193 416.3415
Grain 0 0 1 0 0
Grain 1 0.3351644 -0.9262878 -0.03927605 0.1676694
Grain 2 0.1471207 0.8629836 0.4375087 -0.2054286
Grain 3 0.9109986 -0.2279847 0.3341849 -0.08015561
Grain 4 0.5498565 0.7559358 -0.3419434 -0.09640394
Grain 5 0.4756157 0.8231643 0.2732888 0.1466402
Grain 6 0 1 0 0
Grain 7 0.2500777 0.3121145 -0.021091 -0.9162974
Grain 8 -0.009973914 -0.7000287 0.5812722 0.4147083
Grain 9 -0.7320766 -0.1967377 0.4756662 -0.4462059
Guest-5 ori 430.4295 435.092
Grain 0 0 1 0 0
Grain 1 0.1173132 0.9287633 -0.1977468 -0.290745
Grain 2 0.1471207 0.8629836 0.4375087 -0.2054286
Grain 3 0.9109986 -0.2279847 0.3341849 -0.08015561
Grain 4 0.5498565 0.7559358 -0.3419434 -0.09640394
Grain 5 0.4756157 0.8231643 0.2732888 0.1466402
Grain 6 0 1 0 0
Grain 7 0.2500777 0.3121145 -0.021091 -0.9162974
Grain 8 -0.009973914 -0.7000287 0.5812722 0.4147083
Grain 9 -0.7320766 -0.1967377 0.4756662 -0.4462059
Guest-5 ori 441.6349 448.1123
Grain 0 0 1 0 0
Grain 1 0.1173132 0.9287633 -0.1977468 -0.290745
Grain 2 0.1471207 0.8629836 0.4375087 -0.2054286
Grain 3 0.9109986 -0.2279847 0.3341849 -0.08015561
Grain 4 0.5498565 0.7559358 -0.3419434 -0.09640394
Grain 5 0.4756157 0.8231643 0.2732888 0.1466402
Grain 6 0 1 0 0
Grain 7 0.2500777 0.3121145 -0.021091 -0.9162974
Grain 8 -0.009973914 -0.7000287 0.5812722 0.4147083
Grain 9 -0.6733502 -0.01531906 0.558382 -0.4843289
Guest-5 ori 457.4897 464.3652
Grain 0 0 1 0 0
Grain 1 0.1173132 0.9287633 -0.1977468 -0.290745
Grain 2 0.1471207 0.8629836 0.4375087 -0.2054286
Grain 3 0.9429026 0.08548769 -0.1248066 -0.2967322
Grain 4 0.5498565 0.7559358 -0.3419434 -0.09640394
Grain 5 0.4756157 0.8231643 0.2732888 0.1466402
Grain 6 0 1 0 0
Grain 7 0.2500777 0.3121145 -0.021091 -0.9162974
Grain 8 -0.009973914 -0.7000287 0.5812722 0.4147083
Grain 9 -0.6733502 -0.01531906 0.558382 -0.4843289
Guest-5 ori 469.9919 479.3988
Grain 0 0 1 0 0
Grain 1 0.1173132 0.9287633 -0.1977468 -0.290745
Grain 2 0.1471207 0.8629836 0.4375087 -0.2054286
Grain 3 0.7288306 0.549504 -0.01367083 -0.4082456
Grain 4 0.5498565 0.7559358 -0.3419434 -0.09640394
Grain 5 0.4756157 0.8231643 0.2732888 0.1466402
Grain 6 0 1 0 0
Grain 7 0.2500777 0.3121145 -0.021091 -0.9162974
Grain 8 -0.009973914 -0.7000287 0.5812722 0.4147083
Grain 9 -0.6733502 -0.01531906 0.558382 -0.4843289
Guest-5 ori 485.1587 489.0074
Grain 0 0 1 0 0
Grain 1 0.1173132 0.9287633 -0.1977468 -0.290745
Grain 2 0.1610028 0.751434 -0.01688868 -0.6396405
Grain 3 0.7288306 0.549504 -0.01367083 -0.4082456
Grain 4 0.5498565 0.7559358 -0.3419434 -0.09640394
Grain 5 0.4756157 0.8231643 0.2732888 0.1466402
Grain 6 0 1 0 0
Grain 7 0.2500777 0.3121145 -0.021091 -0.9162974
Grain 8 -0.009973914 -0.7000287 0.5812722 0.4147083
Grain 9 -0.6733502 -0.01531906 0.558382 -0.4843289
