Guest-6 ori 27.1389 28.3707
Grain 0 0 1 0 0
Grain 1 0 1 0 0
Grain 2 0 1 0 0
Grain 3 0 1 0 0
Grain 4 0 1 0 0
Grain 5 0 1 0 0
Grain 6 0 1 0 0
Grain 7 0 1 0 0
Grain 8 0 1 0 0
Grain 9 0.2216597 0.8768989 -0.02526672 -0.4257661
Guest-6 ori 31.4872 34.8889
Grain 0 0 1 0 0
Grain 1 0 1 0 0
Grain 2 0 1 0 0
Grain 3 0 1 0 0
Grain 4 0 1 0 0
Grain 5 0 1 0 0
Grain 6 0 1 0 0
Grain 7 0 1 0 0
Grain 8 0 1 0 0
Grain 9 0.3146557 -0.9305066 -0.1786367 0.05690487
Guest-6 ori 35.4387 35.4882
Grain 0 0 1 0 0
Grain 1 0 1 0 0
Grain 2 0 1 0 0
Grain 3 0 1 0 0
Grain 4 0 1 0 0
Grain 5 0 1 0 0
Grain 6 0 1 0 0
Grain 7 0 1 0 0
Grain 8 0 1 0 0
Grain 9 0.3128069 -0.9321514 -0.1730191 0.05753399
Guest-6 ori 37.1377 39.0374
Grain 0 0 1 0 0
Grain 1 0 1 0 0
Grain 2 0 1 0 0
Grain 3 0 1 0 0
Grain 4 0 1 0 0
Grain 5 0 1 0 0
Grain 6 0 1 0 0
Grain 7 0 1 0 0
Grain 8 0 1 0 0
Grain 9 0.3936493 -0.9004599 -0.1849654 0.0001675338
Guest-6 ori 43.1887 45.1053
Grain 0 0 1 0 0
Grain 1 0 1 0 0
Grain 2 0 1 0 0
Grain 3 0 1 0 0
Grain 4 0 1 0 0
Grain 5 0 1 0 0
Grain 6 0 1 0 0
Grain 7 0 1 0 0
Grain 8 0 1 0 0
Grain 9 0.4395356 -0.8658367 -0.2389178 0.007325724
Guest-6 ori 46.4039 47.2539
Grain 0 0 1 0 0
Grain 1 0 1 0 0
Grain 2 0 1 0 0
Grain 3 0 1 0 0
Grain 4 0 1 0 0
Grain 5 0 1 0 0
Grain 6 0 1 0 0
Grain 7 0 1 0 0
Grain 8 0 1 0 0
Grain 9 0.4067532 -0.8527648 -0.3276257 -0.002319142
Guest-6 ori 53.1037 56.8547
Grain 0 0 1 0 0
Grain 1 0 1 0 0
Grain 2 0 1 0 0
Grain 3 0.3437163 -0.9152906 -0.1188797 -0.1731182
Grain 4 0 1 0 0
Grain 5 0 1 0 0
Grain 6 0 1 0 0
Grain 7 0 1 0 0
Grain 8 0 1 0 0
Grain 9 0.4067532 -0.8527648 -0.3276257 -0.002319142
Guest-6 ori 68.9376 78.3211
Grain 0 0 1 0 0
Grain 1 0 1 0 0
Grain 2 0 1 0 0
Grain 3 0.3437163 -0.9152906 -0.1188797 -0.1731182
Grain 4 0 1 0 0
Grain 5 0 1 0 0
Grain 6 0 1 0 0
Grain 7 0.3122923 0.916961 -0.1234189 -0.2154619
Grain 8 0 1 0 0
Grain 9 0.4067532 -0.8527648 -0.3276257 -0.002319142
Guest-6 ori 91.1201 95.8699
Grain 0 0 1 0 0
Grain 1 0 1 0 0
Grain 2 0 1 0 0
Grain 3 0.3437163 -0.9152906 -0.1188797 -0.1731182
Grain 4 0 1 0 0
Grain 5 0 1 0 0
Grain 6 0.02239199 -0.9071612 -0.2309572 -0.3510213
Grain 7 0.3122923 0.916961 -0.1234189 -0.2154619
Grain 8 0 1 0 0
Grain 9 0.4067532 -0.8527648 -0.3276257 -0.002319142
Guest-6 ori 103.5379 108.4547
Grain 0 0 1 0 0
Grain 1 0 1 0 0
Grain 2 0 1 0 0
Grain 3 0.3437163 -0.9152906 -0.1188797 -0.1731182
Grain 4 0.3682298 -0.8850241 0.09426255 -0.2688007
Grain 5 0 1 0 0
Grain 6 0.02239199 -0.9071612 -0.2309572 -0.3510213
Grain 7 0.3122923 0.916961 -0.1234189 -0.2154619
Grain 8 0 1 0 0
Grain 9 0.4067532 -0.8527648 -0.3276257 -0.002319142
Guest-6 ori 117.754 123.7539
Grain 0 0 1 0 0
Grain 1 0 1 0 0
Grain 2 0.02696833 0.9252666 0.1670797 -0.3394684
Grain 3 0.3437163 -0.9152906 -0.1188797 -0.1731182
Grain 4 0.3708839 -0.8831534 0.09340959 -0.2715876
Grain 5 0 1 0 0
Grain 6 0.02239199 -0.9071612 -0.2309572 -0.3510213
Grain 7 0.3122923 0.916961 -0.1234189 -0.2154619
Grain 8 0 1 0 0
Grain 9 0.4067532 -0.8527648 -0.3276257 -0.002319142
Guest-6 ori 131.5254 136.054
Grain 0 0 1 0 0
Grain 1 0 1 0 0
Grain 2 0.0332134 0.9263521 0.1557783 -0.3413237
Grain 3 0.4484422 -0.8414534 -0.1334297 -0.2702819
Grain 4 0.3708839 -0.8831534 0.09340959 -0.2715876
Grain 5 0 1 0 0
Grain 6 0.02239199 -0.9071612 -0.2309572 -0.3510213
Grain 7 0.3122923 0.916961 -0.1234189 -0.2154619
Grain 8 0 1 0 0
Grain 9 0.4067532 -0.8527648 -0.3276257 -0.002319142
Guest-6 ori 141.1377 150.1529
Grain 0 0 1 0 0
Grain 1 0 1 0 0
Grain 2 0.0332134 0.9263521 0.1557783 -0.3413237
Grain 3 0.4484422 -0.8414534 -0.1334297 -0.2702819
Grain 4 0.3708839 -0.8831534 0.09340959 -0.2715876
Grain 5 0 1 0 0
Grain 6 0.02239199 -0.9071612 -0.2309572 -0.3510213
Grain 7 0.3122923 0.916961 -0.1234189 -0.2154619
Grain 8 0.1421694 0.9895101 0.01853031 0.01773139
Grain 9 0.4067532 -0.8527648 -0.3276257 -0.002319142
Guest-6 ori 157.9209 165.2535
Grain 0 0 1 0 0
Grain 1 0 1 0 0
Grain 2 0.0332134 0.9263521 0.1557783 -0.3413237
Grain 3 0.4484422 -0.8414534 -0.1334297 -0.2702819
Grain 4 0.3708839 -0.8831534 0.09340959 -0.2715876
Grain 5 0 1 0 0
Grain 6 0.02239199 -0.9071612 -0.2309572 -0.3510213
Grain 7 0.3299905 0.8947024 -0.1724097 -0.2467564
Grain 8 0.1421694 0.9895101 0.01853031 0.01773139
Grain 9 0.4067532 -0.8527648 -0.3276257 -0.002319142
Guest-6 ori 175.3523 180.6042
Grain 0 0.04653424 -0.8780476 0.2581473 0.4002836
Grain 1 0 1 0 0
Grain 2 0.0332134 0.9263521 0.1557783 -0.3413237
Grain 3 0.4484422 -0.8414534 -0.1334297 -0.2702819
Grain 4 0.3708839 -0.8831534 0.09340959 -0.2715876
Grain 5 0 1 0 0
Grain 6 0.02239199 -0.9071612 -0.2309572 -0.3510213
Grain 7 0.3299905 0.8947024 -0.1724097 -0.2467564
Grain 8 0.1421694 0.9895101 0.01853031 0.01773139
Grain 9 0.4067532 -0.8527648 -0.3276257 -0.002319142
Guest-6 ori 189.9687 196.487
Grain 0 0.04653424 -0.8780476 0.2581473 0.4002836
Grain 1 0 1 0 0
Grain 2 0.0332134 0.9263521 0.1557783 -0.3413237
Grain 3 0.4484422 -0.8414534 -0.1334297 -0.2702819
Grain 4 0.3708839 -0.8831534 0.09340959 -0.2715876
Grain 5 0 1 0 0
Grain 6 0.02239199 -0.9071612 -0.2309572 -0.3510213
Grain 7 0.3299905 0.8947024 -0.1724097 -0.2467564
Grain 8 0.1421694 0.9895101 0.01853031 0.01773139
Grain 9 0.6072006 -0.6814624 -0.4085538 0.0003924668
Guest-6 ori 204.6867 215.5518
Grain 0 0.04653424 -0.8780476 0.2581473 0.4002836
Grain 1 0 1 0 0
Grain 2 0.0332134 0.9263521 0.1557783 -0.3413237
Grain 3 0.4484422 -0.8414534 -0.1334297 -0.2702819
Grain 4 0.3708839 -0.8831534 0.09340959 -0.2715876
Grain 5 0 1 0 0
Grain 6 0.1141279 -0.8057593 -0.3996647 -0.4218944
Grain 7 0.3299905 0.8947024 -0.1724097 -0.2467564
Grain 8 0.1421694 0.9895101 0.01853031 0.01773139
Grain 9 0.6072006 -0.6814624 -0.4085538 0.0003924668
Guest-6 ori 225.2189 233.7861
Grain 0 0.04653424 -0.8780476 0.2581473 0.4002836
Grain 1 0 1 0 0
Grain 2 0.07847276 -0.9754261 -0.1169942 0.1694061
Grain 3 0.4484422 -0.8414534 -0.1334297 -0.2702819
Grain 4 0.3708839 -0.8831534 0.09340959 -0.2715876
Grain 5 0 1 0 0
Grain 6 0.1172144 -0.806906 -0.3994621 -0.4190388
Grain 7 0.3299905 0.8947024 -0.1724097 -0.2467564
Grain 8 0.1421694 0.9895101 0.01853031 0.01773139
Grain 9 0.6072006 -0.6814624 -0.4085538 0.0003924668
Guest-6 ori 249.086 249.1859
Grain 0 0.04653424 -0.8780476 0.2581473 0.4002836
Grain 1 0 1 0 0
Grain 2 0.08603355 -0.9749152 -0.121625 0.1653662
Grain 3 0.4484422 -0.8414534 -0.1334297 -0.2702819
Grain 4 0.3708839 -0.8831534 0.09340959 -0.2715876
Grain 5 0 1 0 0
Grain 6 0.1172144 -0.806906 -0.3994621 -0.4190388
Grain 7 0.3299905 0.8947024 -0.1724097 -0.2467564
Grain 8 0.1421694 0.9895101 0.01853031 0.01773139
Grain 9 0.6072006 -0.6814624 -0.4085538 0.0003924668
Guest-6 ori 250.4703 250.5516
Grain 0 0.04653424 -0.8780476 0.2581473 0.4002836
Grain 1 0 1 0 0
Grain 2 0.08603355 -0.9749152 -0.121625 0.1653662
Grain 3 0.4484422 -0.8414534 -0.1334297 -0.2702819
Grain 4 0.3708839 -0.8831534 0.09340959 -0.2715876
Grain 5 0 1 0 0
Grain 6 0.1172144 -0.806906 -0.3994621 -0.4190388
Grain 7 0.3299905 0.8947024 -0.1724097 -0.2467564
Grain 8 0.1421694 0.9895101 0.01853031 0.01773139
Grain 9 0.6072006 -0.6814624 -0.4085538 0.0003924668
Guest-6 ori 255.3394 266.5529
Grain 0 0.04653424 -0.8780476 0.2581473 0.4002836
Grain 1 0 1 0 0
Grain 2 0.09193373 -0.973871 -0.1320767 0.1602474
Grain 3 0.4551427 -0.7784162 -0.2400067 -0.3595972
Grain 4 0.3708839 -0.8831534 0.09340959 -0.2715876
Grain 5 0 1 0 0
Grain 6 0.1172144 -0.806906 -0.3994621 -0.4190388
Grain 7 0.3299905 0.8947024 -0.1724097 -0.2467564
Grain 8 0.1421694 0.9895101 0.01853031 0.01773139
Grain 9 0.6072006 -0.6814624 -0.4085538 0.0003924668
Guest-6 ori 275.0859 284.1016
Grain 0 0.04653424 -0.8780476 0.2581473 0.4002836
Grain 1 0 1 0 0
Grain 2 0.09193373 -0.973871 -0.1320767 0.1602474
Grain 3 0.4551427 -0.7784162 -0.2400067 -0.3595972
Grain 4 0.3708839 -0.8831534 0.09340959 -0.2715876
Grain 5 0 1 0 0
Grain 6 0.1172144 -0.806906 -0.3994621 -0.4190388
Grain 7 0.4782853 0.8240984 -0.1444069 -0.26693
Grain 8 0.1421694 0.9895101 0.01853031 0.01773139
Grain 9 0.6072006 -0.6814624 -0.4085538 0.0003924668
Guest-6 ori 291.9861 302.5024
Grain 0 0.1670343 -0.7469904 0.4348038 0.474395
Grain 1 0 1 0 0
Grain 2 0.09193373 -0.973871 -0.1320767 0.1602474
Grain 3 0.4551427 -0.7784162 -0.2400067 -0.3595972
Grain 4 0.3708839 -0.8831534 0.09340959 -0.2715876
Grain 5 0 1 0 0
Grain 6 0.1172144 -0.806906 -0.3994621 -0.4190388
Grain 7 0.4782853 0.8240984 -0.1444069 -0.26693
Grain 8 0.1421694 0.9895101 0.01853031 0.01773139
Grain 9 0.6072006 -0.6814624 -0.4085538 0.0003924668
Guest-6 ori 315.2343 317.5854
Grain 0 0.1557989 -0.7334459 0.441939 0.4924162
Grain 1 0 1 0 0
Grain 2 0.09193373 -0.973871 -0.1320767 0.1602474
Grain 3 0.4551427 -0.7784162 -0.2400067 -0.3595972
Grain 4 0.3708839 -0.8831534 0.09340959 -0.2715876
Grain 5 0 1 0 0
Grain 6 0.1172144 -0.806906 -0.3994621 -0.4190388
Grain 7 0.4782853 0.8240984 -0.1444069 -0.26693
Grain 8 0.1421694 0.9895101 0.01853031 0.01773139
Grain 9 0.6139079 -0.6563172 -0.4362644 -0.04514652
Guest-6 ori 318.9841 329.3349
Grain 0 0.1557989 -0.7334459 0.441939 0.4924162
Grain 1 0 1 0 0
Grain 2 0.09193373 -0.973871 -0.1320767 0.1602474
Grain 3 0.4551427 -0.7784162 -0.2400067 -0.3595972
Grain 4 0.3708839 -0.8831534 0.09340959 -0.2715876
Grain 5 0 1 0 0
Grain 6 0.1172144 -0.806906 -0.3994621 -0.4190388
Grain 7 0.4782853 0.8240984 -0.1444069 -0.26693
Grain 8 0.1421694 0.9895101 0.01853031 0.01773139
Grain 9 0.5988633 -0.675584 -0.4283529 -0.0382489
