Guest-7 ori 56.6334 62.74474
Grain 0 0 1 0 0
Grain 1 0 1 0 0
Grain 2 0 1 0 0
Grain 3 0 1 0 0
Grain 4 0 1 0 0
Grain 5 0 1 0 0
Grain 6 0 1 0 0
Grain 7 0 1 0 0
Grain 8 0 1 0 0
Grain 9 -0.06413952 -0.9163771 0.2512733 0.3049607
Guest-7 ori 103.3946 113.4844
Grain 0 0 1 0 0
Grain 1 0.04844503 0.894028 0.2307321 -0.3809589
Grain 2 0 1 0 0
Grain 3 0 1 0 0
Grain 4 0 1 0 0
Grain 5 0 1 0 0
Grain 6 0 1 0 0
Grain 7 0 1 0 0
Grain 8 0 1 0 0
Grain 9 -0.06413952 -0.9163771 0.2512733 0.3049607
Guest-7 OptGrain 1 120 100.9755 104.5427
Grain 0 0 1 0 0
Grain 1 0.1081975 0.8565444 0.3594727 -0.354125
Grain 2 0 1 0 0
Grain 3 0 1 0 0
Grain 4 0 1 0 0
Grain 5 0 1 0 0
Grain 6 0 1 0 0
Grain 7 0 1 0 0
Grain 8 0 1 0 0
Grain 9 -0.06413952 -0.9163771 0.2512733 0.3049607
Guest-7 ori 156.6201 156.7583
Grain 0 0 1 0 0
Grain 1 0.1081977 0.8565445 0.3594725 -0.3541249
Grain 2 0 1 0 0
Grain 3 0 1 0 0
Grain 4 0 1 0 0
Grain 5 0 1 0 0
Grain 6 0 1 0 0
Grain 7 0 1 0 0
Grain 8 0 1 0 0
Grain 9 -0.06413952 -0.9163771 0.2512733 0.3049607
Guest-7 ori 194.6876 200.0843
Grain 0 0 1 0 0
Grain 1 0.1081977 0.8565445 0.3594725 -0.3541249
Grain 2 0 1 0 0
Grain 3 0.3833679 0.8663395 0.1059005 0.3021093
Grain 4 0 1 0 0
Grain 5 0 1 0 0
Grain 6 0 1 0 0
Grain 7 0 1 0 0
Grain 8 0 1 0 0
Grain 9 -0.06413952 -0.9163771 0.2512733 0.3049607
Guest-7 ori 206.9412 207.7529
Grain 0 0 1 0 0
Grain 1 0.1081977 0.8565445 0.3594725 -0.3541249
Grain 2 0 1 0 0
Grain 3 0.3833679 0.8663395 0.1059005 0.3021093
Grain 4 0 1 0 0
Grain 5 0 1 0 0
Grain 6 0 1 0 0
Grain 7 0 1 0 0
Grain 8 0.04583675 0.9988104 0.01418247 0.008704395
Grain 9 -0.06413952 -0.9163771 0.2512733 0.3049607
Guest-7 ori 209.0871 221.5892
Grain 0 0 1 0 0
Grain 1 0.1081977 0.8565445 0.3594725 -0.3541249
Grain 2 0 1 0 0
Grain 3 0.3833679 0.8663395 0.1059005 0.3021093
Grain 4 0 1 0 0
Grain 5 0 1 0 0
Grain 6 0 1 0 0
Grain 7 0 1 0 0
Grain 8 0.3616588 0.8484052 -0.05780198 -0.3821917
Grain 9 -0.06413952 -0.9163771 0.2512733 0.3049607
Guest-7 ori 235.2624 242.8857
Grain 0 0 1 0 0
Grain 1 0.2068719 0.8866642 0.3004987 -0.2841325
Grain 2 0 1 0 0
Grain 3 0.3833679 0.8663395 0.1059005 0.3021093
Grain 4 0 1 0 0
Grain 5 0 1 0 0
Grain 6 0 1 0 0
Grain 7 0 1 0 0
Grain 8 0.3616588 0.8484052 -0.05780198 -0.3821917
Grain 9 -0.06413952 -0.9163771 0.2512733 0.3049607
Guest-7 ori 254.1749 265.598
Grain 0 0.2925678 0.8551773 -0.3747803 0.2064353
Grain 1 0.2068719 0.8866642 0.3004987 -0.2841325
Grain 2 0 1 0 0
Grain 3 0.3833679 0.8663395 0.1059005 0.3021093
Grain 4 0 1 0 0
Grain 5 0 1 0 0
Grain 6 0 1 0 0
Grain 7 0 1 0 0
Grain 8 0.3616588 0.8484052 -0.05780198 -0.3821917
Grain 9 -0.06413952 -0.9163771 0.2512733 0.3049607
Guest-7 ori 276.0033 284.1642
Grain 0 0.2925678 0.8551773 -0.3747803 0.2064353
Grain 1 0.2068719 0.8866642 0.3004987 -0.2841325
Grain 2 0 1 0 0
Grain 3 0.3833679 0.8663395 0.1059005 0.3021093
Grain 4 0.3292516 0.8844728 0.3111136 -0.1118468
Grain 5 0 1 0 0
Grain 6 0 1 0 0
Grain 7 0 1 0 0
Grain 8 0.3616588 0.8484052 -0.05780198 -0.3821917
Grain 9 -0.06413952 -0.9163771 0.2512733 0.3049607
Guest-7 ori 306.5066 311.718
Grain 0 0.2925678 0.8551773 -0.3747803 0.2064353
Grain 1 0.3336424 0.7876447 0.1870022 -0.4830412
Grain 2 0 1 0 0
Grain 3 0.3833679 0.8663395 0.1059005 0.3021093
Grain 4 0.3292516 0.8844728 0.3111136 -0.1118468
Grain 5 0 1 0 0
Grain 6 0 1 0 0
Grain 7 0 1 0 0
Grain 8 0.3616588 0.8484052 -0.05780198 -0.3821917
Grain 9 -0.06413952 -0.9163771 0.2512733 0.3049607
Guest-7 ori 328.1356 336.0471
Grain 0 0.2925678 0.8551773 -0.3747803 0.2064353
Grain 1 0.3322288 0.7862513 0.1857989 -0.4867358
Grain 2 0 1 0 0
Grain 3 0.3833679 0.8663395 0.1059005 0.3021093
Grain 4 0.3292516 0.8844728 0.3111136 -0.1118468
Grain 5 0 1 0 0
Grain 6 0 1 0 0
Grain 7 0 1 0 0
Grain 8 0.3144833 0.8660418 0.08360158 -0.3795821
Grain 9 -0.06413952 -0.9163771 0.2512733 0.3049607
Guest-7 ori 343.405 350.0145
Grain 0 0.2925678 0.8551773 -0.3747803 0.2064353
Grain 1 0.2638122 0.8941171 0.2065686 -0.2971316
Grain 2 0 1 0 0
Grain 3 0.3833679 0.8663395 0.1059005 0.3021093
Grain 4 0.3292516 0.8844728 0.3111136 -0.1118468
Grain 5 0 1 0 0
Grain 6 0 1 0 0
Grain 7 0 1 0 0
Grain 8 0.3185361 0.8642492 0.07641729 -0.3817963
Grain 9 -0.06413952 -0.9163771 0.2512733 0.3049607
Guest-7 ori 355.1274 355.7426
Grain 0 0.3144909 0.85809 -0.3339989 0.2306983
Grain 1 0.2638122 0.8941171 0.2065686 -0.2971316
Grain 2 0 1 0 0
Grain 3 0.3833679 0.8663395 0.1059005 0.3021093
Grain 4 0.3292516 0.8844728 0.3111136 -0.1118468
Grain 5 0 1 0 0
Grain 6 0 1 0 0
Grain 7 0 1 0 0
Grain 8 0.3185361 0.8642492 0.07641729 -0.3817963
Grain 9 -0.06413952 -0.9163771 0.2512733 0.3049607
Guest-7 ori 356.7406 362.991
Grain 0 0.5800633 0.5059188 -0.6373622 -0.0366347
Grain 1 0.2638122 0.8941171 0.2065686 -0.2971316
Grain 2 0 1 0 0
Grain 3 0.3833679 0.8663395 0.1059005 0.3021093
Grain 4 0.3292516 0.8844728 0.3111136 -0.1118468
Grain 5 0 1 0 0
Grain 6 0 1 0 0
Grain 7 0 1 0 0
Grain 8 0.3185361 0.8642492 0.07641729 -0.3817963
Grain 9 -0.06413952 -0.9163771 0.2512733 0.3049607
Guest-7 ori 365.1828 368.8521
Grain 0 0.6115913 0.3543114 -0.694341 -0.1353153
Grain 1 0.2638122 0.8941171 0.2065686 -0.2971316
Grain 2 0 1 0 0
Grain 3 0.3833679 0.8663395 0.1059005 0.3021093
Grain 4 0.3292516 0.8844728 0.3111136 -0.1118468
Grain 5 0 1 0 0
Grain 6 0 1 0 0
Grain 7 0 1 0 0
Grain 8 0.3185361 0.8642492 0.07641729 -0.3817963
Grain 9 -0.06413952 -0.9163771 0.2512733 0.3049607
Guest-7 ori 380.1692 386.4119
Grain 0 0.6109108 0.3514299 -0.6958455 -0.1381453
Grain 1 0.2638122 0.8941171 0.2065686 -0.2971316
Grain 2 0 1 0 0
Grain 3 0.3833679 0.8663395 0.1059005 0.3021093
Grain 4 0.3839862 0.8686549 0.312303 -0.02144943
Grain 5 0 1 0 0
Grain 6 0 1 0 0
Grain 7 0 1 0 0
Grain 8 0.3185361 0.8642492 0.07641729 -0.3817963
Grain 9 -0.06413952 -0.9163771 0.2512733 0.3049607
Guest-7 ori 387.3019 389.5097
Grain 0 0.6109108 0.3514299 -0.6958455 -0.1381453
Grain 1 0.2638122 0.8941171 0.2065686 -0.2971316
Grain 2 0 1 0 0
Grain 3 0.3833679 0.8663395 0.1059005 0.3021093
Grain 4 0.2151057 0.9157934 0.3388295 -0.01570139
Grain 5 0 1 0 0
Grain 6 0 1 0 0
Grain 7 0 1 0 0
Grain 8 0.3185361 0.8642492 0.07641729 -0.3817963
Grain 9 -0.06413952 -0.9163771 0.2512733 0.3049607
Guest-7 ori 397.7569 402.2461
Grain 0 0.6109108 0.3514299 -0.6958455 -0.1381453
Grain 1 0.2638122 0.8941171 0.2065686 -0.2971316
Grain 2 0 1 0 0
Grain 3 0.3833679 0.8663395 0.1059005 0.3021093
Grain 4 0.2503647 0.7273163 0.637912 0.03737477
Grain 5 0 1 0 0
Grain 6 0 1 0 0
Grain 7 0 1 0 0
Grain 8 0.3185361 0.8642492 0.07641729 -0.3817963
Grain 9 -0.06413952 -0.9163771 0.2512733 0.3049607
Guest-7 ori 403.0473 405.7939
Grain 0 0.6109108 0.3514299 -0.6958455 -0.1381453
Grain 1 0.2638122 0.8941171 0.2065686 -0.2971316
Grain 2 0 1 0 0
Grain 3 0.3833679 0.8663395 0.1059005 0.3021093
Grain 4 0.2365732 0.8488938 0.4715077 0.03306036
Grain 5 0 1 0 0
Grain 6 0 1 0 0
Grain 7 0 1 0 0
Grain 8 0.3185361 0.8642492 0.07641729 -0.3817963
Grain 9 -0.06413952 -0.9163771 0.2512733 0.3049607
Guest-7 ori 406.812 409.1067
Grain 0 0.6109108 0.3514299 -0.6958455 -0.1381453
Grain 1 0.2638122 0.8941171 0.2065686 -0.2971316
Grain 2 0 1 0 0
Grain 3 0.3833679 0.8663395 0.1059005 0.3021093
Grain 4 0.2401533 0.865983 0.4380752 0.02213705
Grain 5 0 1 0 0
Grain 6 0 1 0 0
Grain 7 0 1 0 0
Grain 8 0.3185361 0.8642492 0.07641729 -0.3817963
Grain 9 -0.06413952 -0.9163771 0.2512733 0.3049607
Guest-7 ori 414.5562 417.9336
Grain 0 0.6109108 0.3514299 -0.6958455 -0.1381453
Grain 1 0.2638122 0.8941171 0.2065686 -0.2971316
Grain 2 0 1 0 0
Grain 3 0.3833679 0.8663395 0.1059005 0.3021093
Grain 4 0.2401533 0.865983 0.4380752 0.02213705
Grain 5 0 1 0 0
Grain 6 0 1 0 0
Grain 7 0 1 0 0
Grain 8 0.3185361 0.8642492 0.07641729 -0.3817963
Grain 9 0.1829899 0.9102633 -0.2478862 -0.2765645
Guest-7 ori 426.2075 430.0198
Grain 0 0.6475055 0.2432856 -0.7210944 -0.03964436
Grain 1 0.2638122 0.8941171 0.2065686 -0.2971316
Grain 2 0 1 0 0
Grain 3 0.3833679 0.8663395 0.1059005 0.3021093
Grain 4 0.2401533 0.865983 0.4380752 0.02213705
Grain 5 0 1 0 0
Grain 6 0 1 0 0
Grain 7 0 1 0 0
Grain 8 0.3185361 0.8642492 0.07641729 -0.3817963
Grain 9 0.1871352 0.9097502 -0.2480653 -0.2753156
Guest-7 ori 438.417 440.6925
Grain 0 0.6475055 0.2432856 -0.7210944 -0.03964436
Grain 1 0.2638122 0.8941171 0.2065686 -0.2971316
Grain 2 0 1 0 0
Grain 3 0.3833679 0.8663395 0.1059005 0.3021093
Grain 4 0.2401533 0.865983 0.4380752 0.02213705
Grain 5 0 1 0 0
Grain 6 0 1 0 0
Grain 7 0.02931863 0.9770158 -0.1987551 0.071253
Grain 8 0.3185361 0.8642492 0.07641729 -0.3817963
Grain 9 0.1871352 0.9097502 -0.2480653 -0.2753156
Guest-7 ori 441.8418 443.356
Grain 0 0.6475055 0.2432856 -0.7210944 -0.03964436
Grain 1 0.2638122 0.8941171 0.2065686 -0.2971316
Grain 2 0 1 0 0
Grain 3 0.3833679 0.8663395 0.1059005 0.3021093
Grain 4 0.2401533 0.865983 0.4380752 0.02213705
Grain 5 0 1 0 0
Grain 6 0 1 0 0
Grain 7 0.04387092 0.9881594 -0.1228713 0.08073987
Grain 8 0.3185361 0.8642492 0.07641729 -0.3817963
Grain 9 0.1871352 0.9097502 -0.2480653 -0.2753156
Guest-7 ori 448.1025 450.2995
Grain 0 0.6475055 0.2432856 -0.7210944 -0.03964436
Grain 1 0.2638122 0.8941171 0.2065686 -0.2971316
Grain 2 0 1 0 0
Grain 3 0.3833679 0.8663395 0.1059005 0.3021093
Grain 4 0.2401533 0.865983 0.4380752 0.02213705
Grain 5 0.3929189 0.9024649 -0.1761773 0.0115607
Grain 6 0 1 0 0
Grain 7 0.04387092 0.9881594 -0.1228713 0.08073987
Grain 8 0.3185361 0.8642492 0.07641729 -0.3817963
Grain 9 0.1871352 0.9097502 -0.2480653 -0.2753156
Guest-7 ori 452.7976 459.0244
Grain 0 0.6475055 0.2432856 -0.7210944 -0.03964436
Grain 1 0.2638122 0.8941171 0.2065686 -0.2971316
Grain 2 0 1 0 0
Grain 3 0.3833679 0.8663395 0.1059005 0.3021093
Grain 4 0.2401533 0.865983 0.4380752 0.02213705
Grain 5 0.2309784 0.8889252 0.2203523 -0.3284903
Grain 6 0 1 0 0
Grain 7 0.04387092 0.9881594 -0.1228713 0.08073987
Grain 8 0.3185361 0.8642492 0.07641729 -0.3817963
Grain 9 0.1871352 0.9097502 -0.2480653 -0.2753156
Guest-7 ori 465.2703 476.9242
Grain 0 0.6475055 0.2432856 -0.7210944 -0.03964436
Grain 1 0.2638122 0.8941171 0.2065686 -0.2971316
Grain 2 0 1 0 0
Grain 3 0.4412732 -0.6720955 -0.5773162 -0.1423789
Grain 4 0.2401533 0.865983 0.4380752 0.02213705
Grain 5 0.2309784 0.8889252 0.2203523 -0.3284903
Grain 6 0 1 0 0
Grain 7 0.04387092 0.9881594 -0.1228713 0.08073987
Grain 8 0.3185361 0.8642492 0.07641729 -0.3817963
Grain 9 0.1871352 0.9097502 -0.2480653 -0.2753156
Guest-7 ori 478.5247 479.5715
Grain 0 0.6475055 0.2432856 -0.7210944 -0.03964436
Grain 1 0.2638122 0.8941171 0.2065686 -0.2971316
Grain 2 0 1 0 0
Grain 3 0.602586 -0.6700664 -0.4178773 0.1152379
Grain 4 0.2401533 0.865983 0.4380752 0.02213705
Grain 5 0.2309784 0.8889252 0.2203523 -0.3284903
Grain 6 0 1 0 0
Grain 7 0.04387092 0.9881594 -0.1228713 0.08073987
Grain 8 0.3185361 0.8642492 0.07641729 -0.3817963
Grain 9 0.1871352 0.9097502 -0.2480653 -0.2753156
Guest-7 ori 480.2099 480.5865
Grain 0 0.6475055 0.2432856 -0.7210944 -0.03964436
Grain 1 0.2638122 0.8941171 0.2065686 -0.2971316
Grain 2 0 1 0 0
Grain 3 0.6636662 -0.6279346 -0.2529002 0.318256
Grain 4 0.2401533 0.865983 0.4380752 0.02213705
Grain 5 0.2309784 0.8889252 0.2203523 -0.3284903
Grain 6 0 1 0 0
Grain 7 0.04387092 0.9881594 -0.1228713 0.08073987
Grain 8 0.3185361 0.8642492 0.07641729 -0.3817963
Grain 9 0.1871352 0.9097502 -0.2480653 -0.2753156
Guest-7 ori 480.954 481.3406
Grain 0 0.6475055 0.2432856 -0.7210944 -0.03964436
Grain 1 0.2638122 0.8941171 0.2065686 -0.2971316
Grain 2 0 1 0 0
Grain 3 0.7689422 -0.4779538 -0.3075455 0.2927523
Grain 4 0.2401533 0.865983 0.4380752 0.02213705
Grain 5 0.2309784 0.8889252 0.2203523 -0.3284903
Grain 6 0 1 0 0
Grain 7 0.04387092 0.9881594 -0.1228713 0.08073987
Grain 8 0.3185361 0.8642492 0.07641729 -0.3817963
Grain 9 0.1871352 0.9097502 -0.2480653 -0.2753156
Guest-7 ori 481.7369 482.3178
Grain 0 0.6475055 0.2432856 -0.7210944 -0.03964436
Grain 1 0.2638122 0.8941171 0.2065686 -0.2971316
Grain 2 0 1 0 0
Grain 3 0.7965297 -0.4253941 -0.3220941 0.2843163
Grain 4 0.2401533 0.865983 0.4380752 0.02213705
Grain 5 0.2309784 0.8889252 0.2203523 -0.3284903
Grain 6 0 1 0 0
Grain 7 0.04387092 0.9881594 -0.1228713 0.08073987
Grain 8 0.3185361 0.8642492 0.07641729 -0.3817963
Grain 9 0.1871352 0.9097502 -0.2480653 -0.2753156
Guest-7 ori 482.8704 483.2998
Grain 0 0.6475055 0.2432856 -0.7210944 -0.03964436
Grain 1 0.2638122 0.8941171 0.2065686 -0.2971316
Grain 2 0 1 0 0
Grain 3 0.8542317 -0.2820945 -0.3510447 0.2597667
Grain 4 0.2401533 0.865983 0.4380752 0.02213705
Grain 5 0.2309784 0.8889252 0.2203523 -0.3284903
Grain 6 0 1 0 0
Grain 7 0.04387092 0.9881594 -0.1228713 0.08073987
Grain 8 0.3185361 0.8642492 0.07641729 -0.3817963
Grain 9 0.1871352 0.9097502 -0.2480653 -0.2753156
Guest-7 ori 484.002 484.434
Grain 0 0.6475055 0.2432856 -0.7210944 -0.03964436
Grain 1 0.2638122 0.8941171 0.2065686 -0.2971316
Grain 2 0 1 0 0
Grain 3 0.8747355 -0.1846552 -0.3844163 0.2301399
Grain 4 0.2401533 0.865983 0.4380752 0.02213705
Grain 5 0.2309784 0.8889252 0.2203523 -0.3284903
Grain 6 0 1 0 0
Grain 7 0.04387092 0.9881594 -0.1228713 0.08073987
Grain 8 0.3185361 0.8642492 0.07641729 -0.3817963
Grain 9 0.1871352 0.9097502 -0.2480653 -0.2753156
Guest-7 ori 484.8535 485.2157
Grain 0 0.6475055 0.2432856 -0.7210944 -0.03964436
Grain 1 0.2638122 0.8941171 0.2065686 -0.2971316
Grain 2 0 1 0 0
Grain 3 -0.8855601 0.03769952 0.426812 -0.1794257
Grain 4 0.2401533 0.865983 0.4380752 0.02213705
Grain 5 0.2309784 0.8889252 0.2203523 -0.3284903
Grain 6 0 1 0 0
Grain 7 0.04387092 0.9881594 -0.1228713 0.08073987
Grain 8 0.3185361 0.8642492 0.07641729 -0.3817963
Grain 9 0.1871352 0.9097502 -0.2480653 -0.2753156
Guest-7 ori 485.5316 486.1808
Grain 0 0.6475055 0.2432856 -0.7210944 -0.03964436
Grain 1 0.2638122 0.8941171 0.2065686 -0.2971316
Grain 2 0 1 0 0
Grain 3 -0.8902731 -0.01788048 0.424919 -0.1629048
Grain 4 0.2401533 0.865983 0.4380752 0.02213705
Grain 5 0.2309784 0.8889252 0.2203523 -0.3284903
Grain 6 0 1 0 0
Grain 7 0.04387092 0.9881594 -0.1228713 0.08073987
Grain 8 0.3185361 0.8642492 0.07641729 -0.3817963
Grain 9 0.1871352 0.9097502 -0.2480653 -0.2753156
Guest-7 ori 496.937 497.3721
Grain 0 0.6475055 0.2432856 -0.7210944 -0.03964436
Grain 1 0.2638122 0.8941171 0.2065686 -0.2971316
Grain 2 0 1 0 0
Grain 3 -0.8860643 -0.03725884 0.4389278 -0.1443755
Grain 4 0.2401533 0.865983 0.4380752 0.02213705
Grain 5 0.2309784 0.8889252 0.2203523 -0.3284903
Grain 6 0 1 0 0
Grain 7 0.04387092 0.9881594 -0.1228713 0.08073987
Grain 8 0.3185361 0.8642492 0.07641729 -0.3817963
Grain 9 0.1871352 0.9097502 -0.2480653 -0.2753156
