Guest-2 ori 4577.494 4577.929
Grain 0 0 1 0 0
Grain 1 0 1 0 0
Grain 2 0 1 0 0
Grain 3 0 1 0 0
Grain 4 4.443108E-05 0.9999905 -0.00170922 0.004014281
Grain 5 0 1 0 0
Grain 6 0 1 0 0
Grain 7 0 1 0 0
Grain 8 0 1 0 0
Grain 9 0 1 0 0
Guest-2 ori 4582.659 4586.39
Grain 0 0 1 0 0
Grain 1 0 1 0 0
Grain 2 0 1 0 0
Grain 3 0 1 0 0
Grain 4 0.0002665528 0.9996573 -0.0102547 0.02408333
Grain 5 0 1 0 0
Grain 6 0 1 0 0
Grain 7 0 1 0 0
Grain 8 0 1 0 0
Grain 9 0.0445774 0.9126362 -0.04133734 0.4042267
Guest-2 ori 4591.385 4591.9
Grain 0 0 1 0 0
Grain 1 0 1 0 0
Grain 2 0 1 0 0
Grain 3 0 1 0 0
Grain 4 0.0002665528 0.9996573 -0.0102547 0.02408333
Grain 5 0 1 0 0
Grain 6 0.01645243 -0.9929172 0.01403694 -0.1168233
Grain 7 0 1 0 0
Grain 8 0 1 0 0
Grain 9 0.04457644 0.9144015 -0.04080313 0.4002723
Guest-2 ori 4595.682 4606.519
Grain 0 0 1 0 0
Grain 1 0 1 0 0
Grain 2 0 1 0 0
Grain 3 0 1 0 0
Grain 4 0.0002665528 0.9996573 -0.0102547 0.02408333
Grain 5 0 1 0 0
Grain 6 0.06416034 -0.9186455 0.02950664 0.3887201
Grain 7 0 1 0 0
Grain 8 0 1 0 0
Grain 9 0.04457644 0.9144015 -0.04080313 0.4002723
Guest-2 ori 4613.798 4622.542
Grain 0 0 1 0 0
Grain 1 0 1 0 0
Grain 2 0 1 0 0
Grain 3 0 1 0 0
Grain 4 0.0002665528 0.9996573 -0.0102547 0.02408333
Grain 5 0 1 0 0
Grain 6 0.06416034 -0.9186455 0.02950664 0.3887201
Grain 7 0 1 0 0
Grain 8 0 1 0 0
Grain 9 0.0123203 0.9989025 -0.0443185 -0.008825588
Guest-2 ori 4633.832 4640.608
Grain 0 0 1 0 0
Grain 1 0 1 0 0
Grain 2 0.04929622 -0.9327744 -0.03372272 0.355478
Grain 3 0 1 0 0
Grain 4 0.0002665528 0.9996573 -0.0102547 0.02408333
Grain 5 0 1 0 0
Grain 6 0.06416034 -0.9186455 0.02950664 0.3887201
Grain 7 0 1 0 0
Grain 8 0 1 0 0
Grain 9 0.0123203 0.9989025 -0.0443185 -0.008825588
Guest-2 ori 4644.756 4654.449
Grain 0 0 1 0 0
Grain 1 0 1 0 0
Grain 2 0.04929622 -0.9327744 -0.03372272 0.355478
Grain 3 0 1 0 0
Grain 4 0.0002665528 0.9996573 -0.0102547 0.02408333
Grain 5 0 1 0 0
Grain 6 0.06416034 -0.9186455 0.02950664 0.3887201
Grain 7 0 1 0 0
Grain 8 -0.276185 0.5197117 0.3512146 -0.7281964
Grain 9 0.0123203 0.9989025 -0.0443185 -0.008825588
Guest-2 ori 4661.66 4674.948
Grain 0 0 1 0 0
Grain 1 0 1 0 0
Grain 2 0.04929622 -0.9327744 -0.03372272 0.355478
Grain 3 0 1 0 0
Grain 4 0.0002665528 0.9996573 -0.0102547 0.02408333
Grain 5 0 1 0 0
Grain 6 -0.2176525 -0.0544193 0.3963299 -0.8902744
Grain 7 0 1 0 0
Grain 8 -0.276185 0.5197117 0.3512146 -0.7281964
Grain 9 0.0123203 0.9989025 -0.0443185 -0.008825588
Guest-2 ori 4682.375 4692.733
Grain 0 0 1 0 0
Grain 1 0.4821084 -0.7566534 -0.1083124 -0.4281537
Grain 2 0.04929622 -0.9327744 -0.03372272 0.355478
Grain 3 0 1 0 0
Grain 4 0.0002665528 0.9996573 -0.0102547 0.02408333
Grain 5 0 1 0 0
Grain 6 -0.2179007 -0.05261569 0.3885356 -0.8937511
Grain 7 0 1 0 0
Grain 8 -0.276185 0.5197117 0.3512146 -0.7281964
Grain 9 0.0123203 0.9989025 -0.0443185 -0.008825588
Guest-2 ori 4702.577 4704.974
Grain 0 0.1846256 -0.8471035 -0.3252812 0.3775198
Grain 1 0.4821084 -0.7566534 -0.1083124 -0.4281537
Grain 2 0.04929622 -0.9327744 -0.03372272 0.355478
Grain 3 0 1 0 0
Grain 4 0.0002665528 0.9996573 -0.0102547 0.02408333
Grain 5 0 1 0 0
Grain 6 -0.2179007 -0.05261569 0.3885356 -0.8937511
Grain 7 0 1 0 0
Grain 8 -0.276185 0.5197117 0.3512146 -0.7281964
Grain 9 0.0123203 0.9989025 -0.0443185 -0.008825588
Guest-2 ori 4715.648 4723.743
Grain 0 0.1846256 -0.8471035 -0.3252812 0.3775198
Grain 1 0.4821084 -0.7566534 -0.1083124 -0.4281537
Grain 2 0.04929622 -0.9327744 -0.03372272 0.355478
Grain 3 0.683455 0.5934578 0.4217128 0.05343616
Grain 4 0.0002665528 0.9996573 -0.0102547 0.02408333
Grain 5 0 1 0 0
Grain 6 -0.2179007 -0.05261569 0.3885356 -0.8937511
Grain 7 0 1 0 0
Grain 8 -0.276185 0.5197117 0.3512146 -0.7281964
Grain 9 0.0123203 0.9989025 -0.0443185 -0.008825588
Guest-2 ori 4725.54 4731.984
Grain 0 0.1846256 -0.8471035 -0.3252812 0.3775198
Grain 1 0.4821084 -0.7566534 -0.1083124 -0.4281537
Grain 2 0.04929622 -0.9327744 -0.03372272 0.355478
Grain 3 0.6799985 0.6336032 0.3681677 -0.02452976
Grain 4 0.0002665528 0.9996573 -0.0102547 0.02408333
Grain 5 0 1 0 0
Grain 6 -0.2179007 -0.05261569 0.3885356 -0.8937511
Grain 7 0 1 0 0
Grain 8 -0.276185 0.5197117 0.3512146 -0.7281964
Grain 9 0.0123203 0.9989025 -0.0443185 -0.008825588
Guest-2 ori 4735.516 4735.617
Grain 0 0.1846256 -0.8471035 -0.3252812 0.3775198
Grain 1 0.4821084 -0.7566534 -0.1083124 -0.4281537
Grain 2 0.04929622 -0.9327744 -0.03372272 0.355478
Grain 3 0.6765962 0.6396347 0.3637699 -0.02750611
Grain 4 0.0002665528 0.9996573 -0.0102547 0.02408333
Grain 5 0 1 0 0
Grain 6 -0.2179007 -0.05261569 0.3885356 -0.8937511
Grain 7 0 1 0 0
Grain 8 -0.276185 0.5197117 0.3512146 -0.7281964
Grain 9 0.0123203 0.9989025 -0.0443185 -0.008825588
Guest-2 ori 4738.93 4747.987
Grain 0 0.1846256 -0.8471035 -0.3252812 0.3775198
Grain 1 0.4821084 -0.7566534 -0.1083124 -0.4281537
Grain 2 0.04929622 -0.9327744 -0.03372272 0.355478
Grain 3 0.6765962 0.6396347 0.3637699 -0.02750611
Grain 4 0.0002665528 0.9996573 -0.0102547 0.02408333
Grain 5 0 1 0 0
Grain 6 -0.2179007 -0.05261569 0.3885356 -0.8937511
Grain 7 0 1 0 0
Grain 8 -0.276185 0.5197117 0.3512146 -0.7281964
Grain 9 0.3815595 -0.747193 0.46316 -0.2856535
Guest-2 ori 4748.819 4750.651
Grain 0 0.1846256 -0.8471035 -0.3252812 0.3775198
Grain 1 0.4821084 -0.7566534 -0.1083124 -0.4281537
Grain 2 0.04929622 -0.9327744 -0.03372272 0.355478
Grain 3 0.6765962 0.6396347 0.3637699 -0.02750611
Grain 4 0.0002665528 0.9996573 -0.0102547 0.02408333
Grain 5 0 1 0 0
Grain 6 -0.2179007 -0.05261569 0.3885356 -0.8937511
Grain 7 0 1 0 0
Grain 8 -0.276185 0.5197117 0.3512146 -0.7281964
Grain 9 0.358811 -0.7760403 0.4615108 -0.2366938
Guest-2 ori 4757.296 4764.375
Grain 0 -0.2332215 0.6781945 0.3347357 -0.6112381
Grain 1 0.4821084 -0.7566534 -0.1083124 -0.4281537
Grain 2 0.04929622 -0.9327744 -0.03372272 0.355478
Grain 3 0.6765962 0.6396347 0.3637699 -0.02750611
Grain 4 0.0002665528 0.9996573 -0.0102547 0.02408333
Grain 5 0 1 0 0
Grain 6 -0.2179007 -0.05261569 0.3885356 -0.8937511
Grain 7 0 1 0 0
Grain 8 -0.276185 0.5197117 0.3512146 -0.7281964
Grain 9 0.358811 -0.7760403 0.4615108 -0.2366938
Guest-2 ori 4772.818 4775.282
Grain 0 -0.1771735 0.7198128 0.3666159 -0.5622028
Grain 1 0.4821084 -0.7566534 -0.1083124 -0.4281537
Grain 2 0.04929622 -0.9327744 -0.03372272 0.355478
Grain 3 0.6765962 0.6396347 0.3637699 -0.02750611
Grain 4 0.0002665528 0.9996573 -0.0102547 0.02408333
Grain 5 0 1 0 0
Grain 6 -0.2179007 -0.05261569 0.3885356 -0.8937511
Grain 7 0 1 0 0
Grain 8 -0.276185 0.5197117 0.3512146 -0.7281964
Grain 9 0.358811 -0.7760403 0.4615108 -0.2366938
Guest-2 ori 4785.606 4793.567
Grain 0 -0.1756748 0.7180555 0.3703057 -0.562502
Grain 1 0.4821084 -0.7566534 -0.1083124 -0.4281537
Grain 2 0.04929622 -0.9327744 -0.03372272 0.355478
Grain 3 0.6393187 0.6606876 0.3489411 -0.1816687
Grain 4 0.0002665528 0.9996573 -0.0102547 0.02408333
Grain 5 0 1 0 0
Grain 6 -0.2179007 -0.05261569 0.3885356 -0.8937511
Grain 7 0 1 0 0
Grain 8 -0.276185 0.5197117 0.3512146 -0.7281964
Grain 9 0.358811 -0.7760403 0.4615108 -0.2366938
Guest-2 ori 4796.347 4801.528
Grain 0 -0.1756748 0.7180555 0.3703057 -0.562502
Grain 1 0.4821084 -0.7566534 -0.1083124 -0.4281537
Grain 2 0.04929622 -0.9327744 -0.03372272 0.355478
Grain 3 0.5442126 -0.2932662 0.7757617 -0.1265757
Grain 4 0.0002665528 0.9996573 -0.0102547 0.02408333
Grain 5 0 1 0 0
Grain 6 -0.2179007 -0.05261569 0.3885356 -0.8937511
Grain 7 0 1 0 0
Grain 8 -0.276185 0.5197117 0.3512146 -0.7281964
Grain 9 0.358811 -0.7760403 0.4615108 -0.2366938
Guest-2 ori 4809.453 4816.75
Grain 0 -0.1756748 0.7180555 0.3703057 -0.562502
Grain 1 0.4821084 -0.7566534 -0.1083124 -0.4281537
Grain 2 0.04929622 -0.9327744 -0.03372272 0.355478
Grain 3 0.8880522 -0.3822759 0.2539956 0.02673401
Grain 4 0.0002665528 0.9996573 -0.0102547 0.02408333
Grain 5 0 1 0 0
Grain 6 -0.2179007 -0.05261569 0.3885356 -0.8937511
Grain 7 0 1 0 0
Grain 8 -0.276185 0.5197117 0.3512146 -0.7281964
Grain 9 0.358811 -0.7760403 0.4615108 -0.2366938
Guest-2 ori 4820.647 4830.402
Grain 0 -0.1756748 0.7180555 0.3703057 -0.562502
Grain 1 0.4821084 -0.7566534 -0.1083124 -0.4281537
Grain 2 0.04929622 -0.9327744 -0.03372272 0.355478
Grain 3 0.8880522 -0.3822759 0.2539956 0.02673401
Grain 4 0.0002665528 0.9996573 -0.0102547 0.02408333
Grain 5 0 1 0 0
Grain 6 -0.2179007 -0.05261569 0.3885356 -0.8937511
Grain 7 0 1 0 0
Grain 8 0.315262 -0.721154 -0.3775592 0.4878481
Grain 9 0.358811 -0.7760403 0.4615108 -0.2366938
Guest-2 ori 4842.976 4859.964
Grain 0 -0.1756748 0.7180555 0.3703057 -0.562502
Grain 1 0.4821084 -0.7566534 -0.1083124 -0.4281537
Grain 2 0.04929622 -0.9327744 -0.03372272 0.355478
Grain 3 0.8880522 -0.3822759 0.2539956 0.02673401
Grain 4 0.0002665528 0.9996573 -0.0102547 0.02408333
Grain 5 0 1 0 0
Grain 6 -0.2179007 -0.05261569 0.3885356 -0.8937511
Grain 7 0 1 0 0
Grain 8 0.6479332 -0.1979551 -0.7072484 -0.2019801
Grain 9 0.358811 -0.7760403 0.4615108 -0.2366938
Guest-2 ori 4864.36 4877.396
Grain 0 -0.1756748 0.7180555 0.3703057 -0.562502
Grain 1 0.4821084 -0.7566534 -0.1083124 -0.4281537
Grain 2 0.04929622 -0.9327744 -0.03372272 0.355478
Grain 3 0.8880522 -0.3822759 0.2539956 0.02673401
Grain 4 0.0002665528 0.9996573 -0.0102547 0.02408333
Grain 5 0 1 0 0
Grain 6 0.008716181 -0.6133299 0.5706154 0.5460299
Grain 7 0 1 0 0
Grain 8 0.6471397 -0.200513 -0.7081922 -0.1986672
Grain 9 0.358811 -0.7760403 0.4615108 -0.2366938
Guest-2 ori 4888.021 4888.173
Grain 0 -0.1756748 0.7180555 0.3703057 -0.562502
Grain 1 0.4821084 -0.7566534 -0.1083124 -0.4281537
Grain 2 0.04929622 -0.9327744 -0.03372272 0.355478
Grain 3 0.8880522 -0.3822759 0.2539956 0.02673401
Grain 4 0.0002665528 0.9996573 -0.0102547 0.02408333
Grain 5 0 1 0 0
Grain 6 0.006116704 -0.6132827 0.5730765 0.5435351
Grain 7 0 1 0 0
Grain 8 0.6471397 -0.200513 -0.7081922 -0.1986672
Grain 9 0.358811 -0.7760403 0.4615108 -0.2366938
