Guest-7 ori 40.0394 43.4566
Grain 0 0 1 0 0
Grain 1 0 1 0 0
Grain 2 0 1 0 0
Grain 3 0 1 0 0
Grain 4 0 1 0 0
Grain 5 0 1 0 0
Grain 6 0 1 0 0
Grain 7 0 1 0 0
Grain 8 0 1 0 0
Grain 9 -0.01089892 -0.9528065 0.07626024 0.2936416
Guest-7 ori 61.6398 64.1896
Grain 0 0 1 0 0
Grain 1 0 1 0 0
Grain 2 0 1 0 0
Grain 3 0 1 0 0
Grain 4 0 1 0 0
Grain 5 0 1 0 0
Grain 6 0 1 0 0
Grain 7 0 1 0 0
Grain 8 0 1 0 0
Grain 9 -0.02931906 -0.9094368 0.1432081 0.3893028
Guest-7 ori 73.8565 80.4395
Grain 0 0 1 0 0
Grain 1 0 1 0 0
Grain 2 0 1 0 0
Grain 3 0.00361991 0.5721576 0.5376729 -0.6192984
Grain 4 0 1 0 0
Grain 5 0 1 0 0
Grain 6 0 1 0 0
Grain 7 0 1 0 0
Grain 8 0 1 0 0
Grain 9 -0.02931906 -0.9094368 0.1432081 0.3893028
Guest-7 ori 86.9891 92.2571
Grain 0 0.2698125 0.1602884 0.3806032 -0.8698564
Grain 1 0 1 0 0
Grain 2 0 1 0 0
Grain 3 0.00361991 0.5721576 0.5376729 -0.6192984
Grain 4 0 1 0 0
Grain 5 0 1 0 0
Grain 6 0 1 0 0
Grain 7 0 1 0 0
Grain 8 0 1 0 0
Grain 9 -0.02931906 -0.9094368 0.1432081 0.3893028
Guest-7 ori 106.5562 115.4891
Grain 0 0.2698125 0.1602884 0.3806032 -0.8698564
Grain 1 0 1 0 0
Grain 2 0 1 0 0
Grain 3 0.00361991 0.5721576 0.5376729 -0.6192984
Grain 4 0 1 0 0
Grain 5 0 1 0 0
Grain 6 0 1 0 0
Grain 7 0 1 0 0
Grain 8 0.02591171 0.9978725 0.05860311 0.01203078
Grain 9 -0.02931906 -0.9094368 0.1432081 0.3893028
Guest-7 ori 116.3232 117.9549
Grain 0 0.2698125 0.1602884 0.3806032 -0.8698564
Grain 1 0 1 0 0
Grain 2 0 1 0 0
Grain 3 0.00361991 0.5721576 0.5376729 -0.6192984
Grain 4 0 1 0 0
Grain 5 0 1 0 0
Grain 6 0 1 0 0
Grain 7 0 1 0 0
Grain 8 0.01229505 0.997535 -0.05473863 0.04214747
Grain 9 -0.02931906 -0.9094368 0.1432081 0.3893028
Guest-7 ori 118.5559 118.7051
Grain 0 0.2698125 0.1602884 0.3806032 -0.8698564
Grain 1 0 1 0 0
Grain 2 0 1 0 0
Grain 3 0.00361991 0.5721576 0.5376729 -0.6192984
Grain 4 0 1 0 0
Grain 5 0 1 0 0
Grain 6 0 1 0 0
Grain 7 0 1 0 0
Grain 8 0.01147502 0.9972644 -0.05889024 0.04317551
Grain 9 -0.02931906 -0.9094368 0.1432081 0.3893028
Guest-7 ori 121.772 125.0393
Grain 0 0.2698125 0.1602884 0.3806032 -0.8698564
Grain 1 0 1 0 0
Grain 2 0.009894315 0.9998217 -0.01409193 -0.007748356
Grain 3 0.00361991 0.5721576 0.5376729 -0.6192984
Grain 4 0 1 0 0
Grain 5 0 1 0 0
Grain 6 0 1 0 0
Grain 7 0 1 0 0
Grain 8 -0.002486126 0.9897633 -0.1292318 0.06051094
Grain 9 -0.02931906 -0.9094368 0.1432081 0.3893028
Guest-7 ori 132.3724 159.972
Grain 0 0.2698125 0.1602884 0.3806032 -0.8698564
Grain 1 0 1 0 0
Grain 2 0.009894315 0.9998217 -0.01409193 -0.007748356
Grain 3 0.00361991 0.5721576 0.5376729 -0.6192984
Grain 4 0.1622639 -0.9033781 -0.267933 -0.2928999
Grain 5 0 1 0 0
Grain 6 0 1 0 0
Grain 7 0 1 0 0
Grain 8 -0.002486126 0.9897633 -0.1292318 0.06051094
Grain 9 -0.02931906 -0.9094368 0.1432081 0.3893028
Guest-7 ori 168.7722 175.0047
Grain 0 -0.3170078 0.1064663 -0.4045894 0.851163
Grain 1 0 1 0 0
Grain 2 0.009894315 0.9998217 -0.01409193 -0.007748356
Grain 3 0.00361991 0.5721576 0.5376729 -0.6192984
Grain 4 0.1637133 -0.9044221 -0.2678506 -0.2889199
Grain 5 0 1 0 0
Grain 6 0 1 0 0
Grain 7 0 1 0 0
Grain 8 -0.002486126 0.9897633 -0.1292318 0.06051094
Grain 9 -0.02931906 -0.9094368 0.1432081 0.3893028
Guest-7 ori 176.9707 177.856
Grain 0 -0.2252904 0.1650682 -0.4512213 0.8475826
Grain 1 0 1 0 0
Grain 2 0.009894315 0.9998217 -0.01409193 -0.007748356
Grain 3 0.00361991 0.5721576 0.5376729 -0.6192984
Grain 4 0.1637133 -0.9044221 -0.2678506 -0.2889199
Grain 5 0 1 0 0
Grain 6 0 1 0 0
Grain 7 0 1 0 0
Grain 8 -0.002486126 0.9897633 -0.1292318 0.06051094
Grain 9 -0.02931906 -0.9094368 0.1432081 0.3893028
Guest-7 ori 191.8886 196.7051
Grain 0 -0.2252904 0.1650682 -0.4512213 0.8475826
Grain 1 0 1 0 0
Grain 2 0.009894315 0.9998217 -0.01409193 -0.007748356
Grain 3 0.00361991 0.5721576 0.5376729 -0.6192984
Grain 4 0.1637133 -0.9044221 -0.2678506 -0.2889199
Grain 5 0 1 0 0
Grain 6 0 1 0 0
Grain 7 0 1 0 0
Grain 8 0.1179447 0.9772468 -0.08566909 -0.1540735
Grain 9 -0.02931906 -0.9094368 0.1432081 0.3893028
Guest-7 ori 200.622 204.7706
Grain 0 -0.2252904 0.1650682 -0.4512213 0.8475826
Grain 1 0 1 0 0
Grain 2 0.009894315 0.9998217 -0.01409193 -0.007748356
Grain 3 0.00361991 0.5721576 0.5376729 -0.6192984
Grain 4 0.1637133 -0.9044221 -0.2678506 -0.2889199
Grain 5 0 1 0 0
Grain 6 0 1 0 0
Grain 7 -0.5431638 -0.09442778 0.7758976 -0.3066586
Grain 8 0.1179447 0.9772468 -0.08566909 -0.1540735
Grain 9 -0.02931906 -0.9094368 0.1432081 0.3893028
Guest-7 ori 214.8052 217.1712
Grain 0 -0.2252904 0.1650682 -0.4512213 0.8475826
Grain 1 0.1131387 0.9891592 0.02139592 -0.09113698
Grain 2 0.009894315 0.9998217 -0.01409193 -0.007748356
Grain 3 0.00361991 0.5721576 0.5376729 -0.6192984
Grain 4 0.1637133 -0.9044221 -0.2678506 -0.2889199
Grain 5 0 1 0 0
Grain 6 0 1 0 0
Grain 7 -0.5431638 -0.09442778 0.7758976 -0.3066586
Grain 8 0.1179447 0.9772468 -0.08566909 -0.1540735
Grain 9 -0.02931906 -0.9094368 0.1432081 0.3893028
Guest-7 ori 223.0555 225.2218
Grain 0 -0.0122115 0.003402693 0.2731121 -0.9618987
Grain 1 0.1131387 0.9891592 0.02139592 -0.09113698
Grain 2 0.009894315 0.9998217 -0.01409193 -0.007748356
Grain 3 0.00361991 0.5721576 0.5376729 -0.6192984
Grain 4 0.1637133 -0.9044221 -0.2678506 -0.2889199
Grain 5 0 1 0 0
Grain 6 0 1 0 0
Grain 7 -0.5431638 -0.09442778 0.7758976 -0.3066586
Grain 8 0.1179447 0.9772468 -0.08566909 -0.1540735
Grain 9 -0.02931906 -0.9094368 0.1432081 0.3893028
Guest-7 ori 226.2541 228.2715
Grain 0 -0.02746403 -0.00110533 0.2620899 -0.9646519
Grain 1 0.1131387 0.9891592 0.02139592 -0.09113698
Grain 2 0.009894315 0.9998217 -0.01409193 -0.007748356
Grain 3 0.00361991 0.5721576 0.5376729 -0.6192984
Grain 4 0.1637133 -0.9044221 -0.2678506 -0.2889199
Grain 5 0 1 0 0
Grain 6 0 1 0 0
Grain 7 -0.5431638 -0.09442778 0.7758976 -0.3066586
Grain 8 0.1179447 0.9772468 -0.08566909 -0.1540735
Grain 9 -0.02931906 -0.9094368 0.1432081 0.3893028
Guest-7 ori 229.0384 232.0042
Grain 0 0.03348055 0.2109413 -0.290148 0.9328435
Grain 1 0.1131387 0.9891592 0.02139592 -0.09113698
Grain 2 0.009894315 0.9998217 -0.01409193 -0.007748356
Grain 3 0.00361991 0.5721576 0.5376729 -0.6192984
Grain 4 0.1637133 -0.9044221 -0.2678506 -0.2889199
Grain 5 0 1 0 0
Grain 6 0 1 0 0
Grain 7 -0.5431638 -0.09442778 0.7758976 -0.3066586
Grain 8 0.1179447 0.9772468 -0.08566909 -0.1540735
Grain 9 -0.02931906 -0.9094368 0.1432081 0.3893028
Guest-7 ori 232.7371 233.4044
Grain 0 0.1687005 0.1735501 -0.2308047 0.942417
Grain 1 0.1131387 0.9891592 0.02139592 -0.09113698
Grain 2 0.009894315 0.9998217 -0.01409193 -0.007748356
Grain 3 0.00361991 0.5721576 0.5376729 -0.6192984
Grain 4 0.1637133 -0.9044221 -0.2678506 -0.2889199
Grain 5 0 1 0 0
Grain 6 0 1 0 0
Grain 7 -0.5431638 -0.09442778 0.7758976 -0.3066586
Grain 8 0.1179447 0.9772468 -0.08566909 -0.1540735
Grain 9 -0.02931906 -0.9094368 0.1432081 0.3893028
Guest-7 ori 234.0549 235.1709
Grain 0 0.2013351 0.0497399 -0.2160675 0.9540991
Grain 1 0.1131387 0.9891592 0.02139592 -0.09113698
Grain 2 0.009894315 0.9998217 -0.01409193 -0.007748356
Grain 3 0.00361991 0.5721576 0.5376729 -0.6192984
Grain 4 0.1637133 -0.9044221 -0.2678506 -0.2889199
Grain 5 0 1 0 0
Grain 6 0 1 0 0
Grain 7 -0.5431638 -0.09442778 0.7758976 -0.3066586
Grain 8 0.1179447 0.9772468 -0.08566909 -0.1540735
Grain 9 -0.02931906 -0.9094368 0.1432081 0.3893028
Guest-7 ori 240.3885 246.5365
Grain 0 0.2013351 0.0497399 -0.2160675 0.9540991
Grain 1 0.1131387 0.9891592 0.02139592 -0.09113698
Grain 2 0.009894315 0.9998217 -0.01409193 -0.007748356
Grain 3 0.00361991 0.5721576 0.5376729 -0.6192984
Grain 4 0.1637133 -0.9044221 -0.2678506 -0.2889199
Grain 5 0.1157229 0.9862496 0.0009992347 0.1179784
Grain 6 0 1 0 0
Grain 7 -0.5431638 -0.09442778 0.7758976 -0.3066586
Grain 8 0.1179447 0.9772468 -0.08566909 -0.1540735
Grain 9 -0.02931906 -0.9094368 0.1432081 0.3893028
Guest-7 ori 252.5869 258.4032
Grain 0 0.2013351 0.0497399 -0.2160675 0.9540991
Grain 1 0.1131387 0.9891592 0.02139592 -0.09113698
Grain 2 0.3859377 -0.9052423 0.0273922 0.1756084
Grain 3 0.00361991 0.5721576 0.5376729 -0.6192984
Grain 4 0.1637133 -0.9044221 -0.2678506 -0.2889199
Grain 5 0.1157229 0.9862496 0.0009992347 0.1179784
Grain 6 0 1 0 0
Grain 7 -0.5431638 -0.09442778 0.7758976 -0.3066586
Grain 8 0.1179447 0.9772468 -0.08566909 -0.1540735
Grain 9 -0.02931906 -0.9094368 0.1432081 0.3893028
Guest-7 ori 259.0878 261.7726
Grain 0 0.2013351 0.0497399 -0.2160675 0.9540991
Grain 1 0.1131387 0.9891592 0.02139592 -0.09113698
Grain 2 0.2964878 -0.926958 0.07336606 -0.2178563
Grain 3 0.00361991 0.5721576 0.5376729 -0.6192984
Grain 4 0.1637133 -0.9044221 -0.2678506 -0.2889199
Grain 5 0.1157229 0.9862496 0.0009992347 0.1179784
Grain 6 0 1 0 0
Grain 7 -0.5431638 -0.09442778 0.7758976 -0.3066586
Grain 8 0.1179447 0.9772468 -0.08566909 -0.1540735
Grain 9 -0.02931906 -0.9094368 0.1432081 0.3893028
Guest-7 ori 262.6699 264.6366
Grain 0 0.2013351 0.0497399 -0.2160675 0.9540991
Grain 1 0.1131387 0.9891592 0.02139592 -0.09113698
Grain 2 0.3232498 -0.9171426 0.09478939 -0.2130116
Grain 3 0.00361991 0.5721576 0.5376729 -0.6192984
Grain 4 0.1637133 -0.9044221 -0.2678506 -0.2889199
Grain 5 0.1157229 0.9862496 0.0009992347 0.1179784
Grain 6 0 1 0 0
Grain 7 -0.5431638 -0.09442778 0.7758976 -0.3066586
Grain 8 0.1179447 0.9772468 -0.08566909 -0.1540735
Grain 9 -0.02931906 -0.9094368 0.1432081 0.3893028
Guest-7 ori 265.1873 269.8034
Grain 0 0.2013351 0.0497399 -0.2160675 0.9540991
Grain 1 0.1131387 0.9891592 0.02139592 -0.09113698
Grain 2 0.2791839 -0.8504229 0.183521 -0.4063956
Grain 3 0.00361991 0.5721576 0.5376729 -0.6192984
Grain 4 0.1637133 -0.9044221 -0.2678506 -0.2889199
Grain 5 0.1157229 0.9862496 0.0009992347 0.1179784
Grain 6 0 1 0 0
Grain 7 -0.5431638 -0.09442778 0.7758976 -0.3066586
Grain 8 0.1179447 0.9772468 -0.08566909 -0.1540735
Grain 9 -0.02931906 -0.9094368 0.1432081 0.3893028
Guest-7 ori 270.7701 271.9534
Grain 0 0.2013351 0.0497399 -0.2160675 0.9540991
Grain 1 0.1131387 0.9891592 0.02139592 -0.09113698
Grain 2 0.2444226 -0.8249698 0.1745601 -0.4787601
Grain 3 0.00361991 0.5721576 0.5376729 -0.6192984
Grain 4 0.1637133 -0.9044221 -0.2678506 -0.2889199
Grain 5 0.1157229 0.9862496 0.0009992347 0.1179784
Grain 6 0 1 0 0
Grain 7 -0.5431638 -0.09442778 0.7758976 -0.3066586
Grain 8 0.1179447 0.9772468 -0.08566909 -0.1540735
Grain 9 -0.02931906 -0.9094368 0.1432081 0.3893028
Guest-7 ori 272.587 273.2701
Grain 0 0.2013351 0.0497399 -0.2160675 0.9540991
Grain 1 0.1131387 0.9891592 0.02139592 -0.09113698
Grain 2 0.2100002 -0.834551 0.1242858 -0.4939408
Grain 3 0.00361991 0.5721576 0.5376729 -0.6192984
Grain 4 0.1637133 -0.9044221 -0.2678506 -0.2889199
Grain 5 0.1157229 0.9862496 0.0009992347 0.1179784
Grain 6 0 1 0 0
Grain 7 -0.5431638 -0.09442778 0.7758976 -0.3066586
Grain 8 0.1179447 0.9772468 -0.08566909 -0.1540735
Grain 9 -0.02931906 -0.9094368 0.1432081 0.3893028
Guest-7 ori 273.7033 274.9204
Grain 0 0.2013351 0.0497399 -0.2160675 0.9540991
Grain 1 0.1131387 0.9891592 0.02139592 -0.09113698
Grain 2 0.2626499 -0.8882689 0.1015772 -0.3628711
Grain 3 0.00361991 0.5721576 0.5376729 -0.6192984
Grain 4 0.1637133 -0.9044221 -0.2678506 -0.2889199
Grain 5 0.1157229 0.9862496 0.0009992347 0.1179784
Grain 6 0 1 0 0
Grain 7 -0.5431638 -0.09442778 0.7758976 -0.3066586
Grain 8 0.1179447 0.9772468 -0.08566909 -0.1540735
Grain 9 -0.02931906 -0.9094368 0.1432081 0.3893028
Guest-7 ori 290.0871 291.087
Grain 0 0.2013351 0.0497399 -0.2160675 0.9540991
Grain 1 0.1131387 0.9891592 0.02139592 -0.09113698
Grain 2 0.2641903 -0.8894425 0.1011037 -0.3589898
Grain 3 0.1211617 0.567748 0.4632289 -0.6696275
Grain 4 0.1637133 -0.9044221 -0.2678506 -0.2889199
Grain 5 0.1157229 0.9862496 0.0009992347 0.1179784
Grain 6 0 1 0 0
Grain 7 -0.5431638 -0.09442778 0.7758976 -0.3066586
Grain 8 0.1179447 0.9772468 -0.08566909 -0.1540735
Grain 9 -0.02931906 -0.9094368 0.1432081 0.3893028
Guest-7 ori 291.5868 292.3379
Grain 0 0.2013351 0.0497399 -0.2160675 0.9540991
Grain 1 0.1131387 0.9891592 0.02139592 -0.09113698
Grain 2 0.2641903 -0.8894425 0.1011037 -0.3589898
Grain 3 0.01179901 0.5862324 0.5475789 -0.5969505
Grain 4 0.1637133 -0.9044221 -0.2678506 -0.2889199
Grain 5 0.1157229 0.9862496 0.0009992347 0.1179784
Grain 6 0 1 0 0
Grain 7 -0.5431638 -0.09442778 0.7758976 -0.3066586
Grain 8 0.1179447 0.9772468 -0.08566909 -0.1540735
Grain 9 -0.02931906 -0.9094368 0.1432081 0.3893028
Guest-7 ori 293.1694 293.7035
Grain 0 0.2013351 0.0497399 -0.2160675 0.9540991
Grain 1 0.1131387 0.9891592 0.02139592 -0.09113698
Grain 2 0.2641903 -0.8894425 0.1011037 -0.3589898
Grain 3 0.07867462 0.618085 0.5865596 -0.5174255
Grain 4 0.1637133 -0.9044221 -0.2678506 -0.2889199
Grain 5 0.1157229 0.9862496 0.0009992347 0.1179784
Grain 6 0 1 0 0
Grain 7 -0.5431638 -0.09442778 0.7758976 -0.3066586
Grain 8 0.1179447 0.9772468 -0.08566909 -0.1540735
Grain 9 -0.02931906 -0.9094368 0.1432081 0.3893028
Guest-7 ori 294.2209 294.7862
Grain 0 0.2013351 0.0497399 -0.2160675 0.9540991
Grain 1 0.1131387 0.9891592 0.02139592 -0.09113698
Grain 2 0.2641903 -0.8894425 0.1011037 -0.3589898
Grain 3 -0.08955577 0.5426119 0.4947858 -0.672859
Grain 4 0.1637133 -0.9044221 -0.2678506 -0.2889199
Grain 5 0.1157229 0.9862496 0.0009992347 0.1179784
Grain 6 0 1 0 0
Grain 7 -0.5431638 -0.09442778 0.7758976 -0.3066586
Grain 8 0.1179447 0.9772468 -0.08566909 -0.1540735
Grain 9 -0.02931906 -0.9094368 0.1432081 0.3893028
Guest-7 ori 296.9541 298.52
Grain 0 0.2013351 0.0497399 -0.2160675 0.9540991
Grain 1 0.1131387 0.9891592 0.02139592 -0.09113698
Grain 2 0.2641903 -0.8894425 0.1011037 -0.3589898
Grain 3 -0.1393268 0.5265633 0.5005425 -0.6728867
Grain 4 0.1637133 -0.9044221 -0.2678506 -0.2889199
Grain 5 0.1157229 0.9862496 0.0009992347 0.1179784
Grain 6 0 1 0 0
Grain 7 -0.5431638 -0.09442778 0.7758976 -0.3066586
Grain 8 0.1179447 0.9772468 -0.08566909 -0.1540735
Grain 9 -0.02931906 -0.9094368 0.1432081 0.3893028
Guest-7 ori 299.0704 299.9862
Grain 0 0.2013351 0.0497399 -0.2160675 0.9540991
Grain 1 0.1131387 0.9891592 0.02139592 -0.09113698
Grain 2 0.2641903 -0.8894425 0.1011037 -0.3589898
Grain 3 -0.1277551 0.5091264 0.4314852 -0.7336822
Grain 4 0.1637133 -0.9044221 -0.2678506 -0.2889199
Grain 5 0.1157229 0.9862496 0.0009992347 0.1179784
Grain 6 0 1 0 0
Grain 7 -0.5431638 -0.09442778 0.7758976 -0.3066586
Grain 8 0.1179447 0.9772468 -0.08566909 -0.1540735
Grain 9 -0.02931906 -0.9094368 0.1432081 0.3893028
Guest-7 ori 300.5702 302.0198
Grain 0 0.2013351 0.0497399 -0.2160675 0.9540991
Grain 1 0.1131387 0.9891592 0.02139592 -0.09113698
Grain 2 0.2641903 -0.8894425 0.1011037 -0.3589898
Grain 3 -0.03503013 0.5732275 0.4897321 -0.6560073
Grain 4 0.1637133 -0.9044221 -0.2678506 -0.2889199
Grain 5 0.1157229 0.9862496 0.0009992347 0.1179784
Grain 6 0 1 0 0
Grain 7 -0.5431638 -0.09442778 0.7758976 -0.3066586
Grain 8 0.1179447 0.9772468 -0.08566909 -0.1540735
Grain 9 -0.02931906 -0.9094368 0.1432081 0.3893028
Guest-7 ori 322.2197 324.7023
Grain 0 0.2013351 0.0497399 -0.2160675 0.9540991
Grain 1 0.1086644 0.9631566 0.04857497 0.2411679
Grain 2 0.2641903 -0.8894425 0.1011037 -0.3589898
Grain 3 -0.03503013 0.5732275 0.4897321 -0.6560073
Grain 4 0.1637133 -0.9044221 -0.2678506 -0.2889199
Grain 5 0.1157229 0.9862496 0.0009992347 0.1179784
Grain 6 0 1 0 0
Grain 7 -0.5431638 -0.09442778 0.7758976 -0.3066586
Grain 8 0.1179447 0.9772468 -0.08566909 -0.1540735
Grain 9 -0.02931906 -0.9094368 0.1432081 0.3893028
Guest-7 ori 334.7201 338.9359
Grain 0 0.2013351 0.0497399 -0.2160675 0.9540991
Grain 1 0.1086644 0.9631566 0.04857497 0.2411679
Grain 2 0.2641903 -0.8894425 0.1011037 -0.3589898
Grain 3 -0.03503013 0.5732275 0.4897321 -0.6560073
Grain 4 0.1637133 -0.9044221 -0.2678506 -0.2889199
Grain 5 0.1157229 0.9862496 0.0009992347 0.1179784
Grain 6 0 1 0 0
Grain 7 -0.5431638 -0.09442778 0.7758976 -0.3066586
Grain 8 0.1179447 0.9772468 -0.08566909 -0.1540735
Grain 9 0.1044093 -0.9008556 -0.06181353 0.4168178
Guest-7 ori 339.4016 342.0688
Grain 0 0.2013351 0.0497399 -0.2160675 0.9540991
Grain 1 0.1086644 0.9631566 0.04857497 0.2411679
Grain 2 0.2641903 -0.8894425 0.1011037 -0.3589898
Grain 3 -0.03503013 0.5732275 0.4897321 -0.6560073
Grain 4 0.1637133 -0.9044221 -0.2678506 -0.2889199
Grain 5 0.1157229 0.9862496 0.0009992347 0.1179784
Grain 6 0 1 0 0
Grain 7 -0.5431638 -0.09442778 0.7758976 -0.3066586
Grain 8 0.1179447 0.9772468 -0.08566909 -0.1540735
Grain 9 0.1035181 0.9597743 -0.05016142 -0.2561275
Guest-7 ori 360.4866 361.5359
Grain 0 0.2013351 0.0497399 -0.2160675 0.9540991
Grain 1 0.1086644 0.9631566 0.04857497 0.2411679
Grain 2 0.2641903 -0.8894425 0.1011037 -0.3589898
Grain 3 -0.03503013 0.5732275 0.4897321 -0.6560073
Grain 4 0.1637133 -0.9044221 -0.2678506 -0.2889199
Grain 5 0.1157229 0.9862496 0.0009992347 0.1179784
Grain 6 0.06600507 0.9953108 0.04298259 -0.05614488
Grain 7 -0.5431638 -0.09442778 0.7758976 -0.3066586
Grain 8 0.1179447 0.9772468 -0.08566909 -0.1540735
Grain 9 0.100532 0.9602646 -0.04701832 -0.2560754
Guest-7 ori 362.101 363.2025
Grain 0 0.2013351 0.0497399 -0.2160675 0.9540991
Grain 1 0.1086644 0.9631566 0.04857497 0.2411679
Grain 2 0.2641903 -0.8894425 0.1011037 -0.3589898
Grain 3 -0.03503013 0.5732275 0.4897321 -0.6560073
Grain 4 0.1637133 -0.9044221 -0.2678506 -0.2889199
Grain 5 0.1157229 0.9862496 0.0009992347 0.1179784
Grain 6 0.03294351 0.9993799 0.01192437 0.003506341
Grain 7 -0.5431638 -0.09442778 0.7758976 -0.3066586
Grain 8 0.1179447 0.9772468 -0.08566909 -0.1540735
Grain 9 0.100532 0.9602646 -0.04701832 -0.2560754
Guest-7 ori 363.7685 364.2869
Grain 0 0.2013351 0.0497399 -0.2160675 0.9540991
Grain 1 0.1086644 0.9631566 0.04857497 0.2411679
Grain 2 0.2641903 -0.8894425 0.1011037 -0.3589898
Grain 3 -0.03503013 0.5732275 0.4897321 -0.6560073
Grain 4 0.1637133 -0.9044221 -0.2678506 -0.2889199
Grain 5 0.1157229 0.9862496 0.0009992347 0.1179784
Grain 6 0.004357438 -0.9997191 0.01104006 -0.02051269
Grain 7 -0.5431638 -0.09442778 0.7758976 -0.3066586
Grain 8 0.1179447 0.9772468 -0.08566909 -0.1540735
Grain 9 0.100532 0.9602646 -0.04701832 -0.2560754
