Guest-1 ori 1827.982 1830.978
Grain 0 0 1 0 0
Grain 1 0 1 0 0
Grain 2 0 1 0 0
Grain 3 0 1 0 0
Grain 4 0 1 0 0
Grain 5 0 1 0 0
Grain 6 0 1 0 0
Grain 7 0 1 0 0
Grain 8 0 1 0 0
Grain 9 0.224812 -0.9691494 0.03359274 -0.09529216
Guest-1 ori 1839.369 1841.222
Grain 0 0 1 0 0
Grain 1 0 1 0 0
Grain 2 0 1 0 0
Grain 3 0 1 0 0
Grain 4 0 1 0 0
Grain 5 0 1 0 0
Grain 6 0 1 0 0
Grain 7 0 1 0 0
Grain 8 0 1 0 0
Grain 9 0.289683 -0.9024088 0.2055722 -0.2438898
Guest-1 ori 1849.211 1861.618
Grain 0 0 1 0 0
Grain 1 0 1 0 0
Grain 2 0 1 0 0
Grain 3 0 1 0 0
Grain 4 0.4880404 -0.7713714 0.2924579 0.2850808
Grain 5 0 1 0 0
Grain 6 0 1 0 0
Grain 7 0 1 0 0
Grain 8 0 1 0 0
Grain 9 0.289683 -0.9024088 0.2055722 -0.2438898
Guest-1 ori 1868.698 1893.507
Grain 0 0 1 0 0
Grain 1 0 1 0 0
Grain 2 0 1 0 0
Grain 3 0 1 0 0
Grain 4 0.4881893 -0.7726231 0.2929224 0.2809293
Grain 5 0.367085 -0.9260201 -0.08378095 0.0267624
Grain 6 0 1 0 0
Grain 7 0 1 0 0
Grain 8 0 1 0 0
Grain 9 0.289683 -0.9024088 0.2055722 -0.2438898
Guest-1 ori 1899.37 1906.297
Grain 0 0 1 0 0
Grain 1 0 1 0 0
Grain 2 0.2592915 -0.9041268 -0.3285604 0.0858531
Grain 3 0 1 0 0
Grain 4 0.4881893 -0.7726231 0.2929224 0.2809293
Grain 5 0.367085 -0.9260201 -0.08378095 0.0267624
Grain 6 0 1 0 0
Grain 7 0 1 0 0
Grain 8 0 1 0 0
Grain 9 0.289683 -0.9024088 0.2055722 -0.2438898
Guest-1 ori 1915.308 1928.778
Grain 0 0 1 0 0
Grain 1 0 1 0 0
Grain 2 0.2592915 -0.9041268 -0.3285604 0.0858531
Grain 3 0.2451719 0.7827888 -0.4292785 -0.3779584
Grain 4 0.4881893 -0.7726231 0.2929224 0.2809293
Grain 5 0.367085 -0.9260201 -0.08378095 0.0267624
Grain 6 0 1 0 0
Grain 7 0 1 0 0
Grain 8 0 1 0 0
Grain 9 0.289683 -0.9024088 0.2055722 -0.2438898
Guest-1 ori 1933.893 1950.03
Grain 0 0 1 0 0
Grain 1 -0.1184388 0.7034194 -0.4862643 0.5046984
Grain 2 0.2592915 -0.9041268 -0.3285604 0.0858531
Grain 3 0.2403674 0.7826063 -0.4330533 -0.377115
Grain 4 0.4881893 -0.7726231 0.2929224 0.2809293
Grain 5 0.367085 -0.9260201 -0.08378095 0.0267624
Grain 6 0 1 0 0
Grain 7 0 1 0 0
Grain 8 0 1 0 0
Grain 9 0.289683 -0.9024088 0.2055722 -0.2438898
Guest-1 ori 1955.228 1975.028
Grain 0 0 1 0 0
Grain 1 -0.1184388 0.7034194 -0.4862643 0.5046984
Grain 2 0.2592915 -0.9041268 -0.3285604 0.0858531
Grain 3 0.2403674 0.7826063 -0.4330533 -0.377115
Grain 4 0.4881893 -0.7726231 0.2929224 0.2809293
Grain 5 0.367085 -0.9260201 -0.08378095 0.0267624
Grain 6 0 1 0 0
Grain 7 0 1 0 0
Grain 8 0.009789743 0.9034644 0.1976233 -0.3802646
Grain 9 0.289683 -0.9024088 0.2055722 -0.2438898
Guest-1 ori 1981.171 1987.001
Grain 0 0 1 0 0
Grain 1 -0.1184388 0.7034194 -0.4862643 0.5046984
Grain 2 0.2592915 -0.9041268 -0.3285604 0.0858531
Grain 3 0.2403674 0.7826063 -0.4330533 -0.377115
Grain 4 0.4881893 -0.7726231 0.2929224 0.2809293
Grain 5 0.367085 -0.9260201 -0.08378095 0.0267624
Grain 6 0 1 0 0
Grain 7 0.1507294 -0.9365806 0.2956867 -0.112547
Grain 8 0.009789743 0.9034644 0.1976233 -0.3802646
Grain 9 0.289683 -0.9024088 0.2055722 -0.2438898
Guest-1 ori 1998.74 2016.474
Grain 0 0 1 0 0
Grain 1 -0.3563477 0.3763373 -0.3503308 0.7801633
Grain 2 0.2592915 -0.9041268 -0.3285604 0.0858531
Grain 3 0.2403674 0.7826063 -0.4330533 -0.377115
Grain 4 0.4881893 -0.7726231 0.2929224 0.2809293
Grain 5 0.367085 -0.9260201 -0.08378095 0.0267624
Grain 6 0 1 0 0
Grain 7 0.1507294 -0.9365806 0.2956867 -0.112547
Grain 8 0.009789743 0.9034644 0.1976233 -0.3802646
Grain 9 0.289683 -0.9024088 0.2055722 -0.2438898
Guest-1 ori 2022.869 2029.945
Grain 0 0 1 0 0
Grain 1 -0.3563477 0.3763373 -0.3503308 0.7801633
Grain 2 0.2592915 -0.9041268 -0.3285604 0.0858531
Grain 3 0.2403674 0.7826063 -0.4330533 -0.377115
Grain 4 0.4881893 -0.7726231 0.2929224 0.2809293
Grain 5 0.367085 -0.9260201 -0.08378095 0.0267624
Grain 6 0 1 0 0
Grain 7 0.1507294 -0.9365806 0.2956867 -0.112547
Grain 8 0.009789743 0.9034644 0.1976233 -0.3802646
Grain 9 0.2658325 -0.9129909 0.2713858 -0.148763
Guest-1 ori 2036.824 2053.143
Grain 0 0 1 0 0
Grain 1 -0.3606426 0.2584055 -0.2858121 0.8493969
Grain 2 0.2592915 -0.9041268 -0.3285604 0.0858531
Grain 3 0.2403674 0.7826063 -0.4330533 -0.377115
Grain 4 0.4881893 -0.7726231 0.2929224 0.2809293
Grain 5 0.367085 -0.9260201 -0.08378095 0.0267624
Grain 6 0 1 0 0
Grain 7 0.1507294 -0.9365806 0.2956867 -0.112547
Grain 8 0.009789743 0.9034644 0.1976233 -0.3802646
Grain 9 0.2658325 -0.9129909 0.2713858 -0.148763
Guest-1 ori 2053.612 2057.057
Grain 0 0 1 0 0
Grain 1 -0.3840421 0.2585939 -0.3226644 0.8255475
Grain 2 0.2592915 -0.9041268 -0.3285604 0.0858531
Grain 3 0.2403674 0.7826063 -0.4330533 -0.377115
Grain 4 0.4881893 -0.7726231 0.2929224 0.2809293
Grain 5 0.367085 -0.9260201 -0.08378095 0.0267624
Grain 6 0 1 0 0
Grain 7 0.1507294 -0.9365806 0.2956867 -0.112547
Grain 8 0.009789743 0.9034644 0.1976233 -0.3802646
Grain 9 0.2658325 -0.9129909 0.2713858 -0.148763
Guest-1 ori 2064.802 2075.843
Grain 0 0 1 0 0
Grain 1 -0.3840421 0.2585939 -0.3226644 0.8255475
Grain 2 0.2592915 -0.9041268 -0.3285604 0.0858531
Grain 3 0.276983 0.774305 -0.4963518 -0.2781494
Grain 4 0.4881893 -0.7726231 0.2929224 0.2809293
Grain 5 0.367085 -0.9260201 -0.08378095 0.0267624
Grain 6 0 1 0 0
Grain 7 0.1507294 -0.9365806 0.2956867 -0.112547
Grain 8 0.009789743 0.9034644 0.1976233 -0.3802646
Grain 9 0.2658325 -0.9129909 0.2713858 -0.148763
Guest-1 ori 2081.557 2090.133
Grain 0 0 1 0 0
Grain 1 -0.3840421 0.2585939 -0.3226644 0.8255475
Grain 2 0.2592915 -0.9041268 -0.3285604 0.0858531
Grain 3 0.2801606 0.7750738 -0.4946817 -0.2757912
Grain 4 0.4881893 -0.7726231 0.2929224 0.2809293
Grain 5 0.44054 -0.7954556 -0.1326185 0.3944454
Grain 6 0 1 0 0
Grain 7 0.1507294 -0.9365806 0.2956867 -0.112547
Grain 8 0.009789743 0.9034644 0.1976233 -0.3802646
Grain 9 0.2658325 -0.9129909 0.2713858 -0.148763
Guest-1 ori 2100.424 2109.099
Grain 0 0 1 0 0
Grain 1 -0.3840421 0.2585939 -0.3226644 0.8255475
Grain 2 0.2592915 -0.9041268 -0.3285604 0.0858531
Grain 3 0.2801606 0.7750738 -0.4946817 -0.2757912
Grain 4 0.4881893 -0.7726231 0.2929224 0.2809293
Grain 5 0.44054 -0.7954556 -0.1326185 0.3944454
Grain 6 0 1 0 0
Grain 7 0.1424456 -0.9485027 0.2678654 -0.09110479
Grain 8 0.009789743 0.9034644 0.1976233 -0.3802646
Grain 9 0.2658325 -0.9129909 0.2713858 -0.148763
Guest-1 ori 2115.512 2117.027
Grain 0 0 1 0 0
Grain 1 -0.3840421 0.2585939 -0.3226644 0.8255475
Grain 2 0.2592915 -0.9041268 -0.3285604 0.0858531
Grain 3 0.2801606 0.7750738 -0.4946817 -0.2757912
Grain 4 0.4881893 -0.7726231 0.2929224 0.2809293
Grain 5 0.44054 -0.7954556 -0.1326185 0.3944454
Grain 6 0 1 0 0
Grain 7 0.1434558 -0.9495564 0.2638302 -0.09031474
Grain 8 0.05513934 0.9093412 0.1997075 -0.360798
Grain 9 0.2658325 -0.9129909 0.2713858 -0.148763
Guest-1 ori 2121.174 2125.854
Grain 0 0 1 0 0
Grain 1 -0.3840421 0.2585939 -0.3226644 0.8255475
Grain 2 0.2592915 -0.9041268 -0.3285604 0.0858531
Grain 3 0.2420231 0.8014286 -0.422532 -0.3472804
Grain 4 0.4881893 -0.7726231 0.2929224 0.2809293
Grain 5 0.44054 -0.7954556 -0.1326185 0.3944454
Grain 6 0 1 0 0
Grain 7 0.1434558 -0.9495564 0.2638302 -0.09031474
Grain 8 0.05513934 0.9093412 0.1997075 -0.360798
Grain 9 0.2658325 -0.9129909 0.2713858 -0.148763
Guest-1 ori 2134.41 2141.24
Grain 0 0 1 0 0
Grain 1 -0.3840421 0.2585939 -0.3226644 0.8255475
Grain 2 0.2592915 -0.9041268 -0.3285604 0.0858531
Grain 3 0.2420231 0.8014286 -0.422532 -0.3472804
Grain 4 0.5329567 -0.7377546 0.2744147 0.3104384
Grain 5 0.44054 -0.7954556 -0.1326185 0.3944454
Grain 6 0 1 0 0
Grain 7 0.1434558 -0.9495564 0.2638302 -0.09031474
Grain 8 0.05513934 0.9093412 0.1997075 -0.360798
Grain 9 0.2658325 -0.9129909 0.2713858 -0.148763
