Guest-2 ori 5086.098 5089.798
Grain 0 0 1 0 0
Grain 1 0 1 0 0
Grain 2 0 1 0 0
Grain 3 0 1 0 0
Grain 4 0 1 0 0
Grain 5 0 1 0 0
Grain 6 0 1 0 0
Grain 7 0 1 0 0
Grain 8 0 1 0 0
Grain 9 0 1 0 0
Grain 10 0 1 0 0
Grain 11 0 1 0 0
Grain 12 0 1 0 0
Grain 13 0 1 0 0
Grain 14 0 1 0 0
Grain 15 0 1 0 0
Grain 16 0 1 0 0
Grain 17 0 1 0 0
Grain 18 0 1 0 0
Grain 19 0.01820891 -0.9846545 0.005123651 0.1734866
Guest-2 ori 5095.775 5105.882
Grain 0 0 1 0 0
Grain 1 0 1 0 0
Grain 2 0 1 0 0
Grain 3 0 1 0 0
Grain 4 0 1 0 0
Grain 5 0 1 0 0
Grain 6 0 1 0 0
Grain 7 0 1 0 0
Grain 8 0 1 0 0
Grain 9 0 1 0 0
Grain 10 0 1 0 0
Grain 11 0 1 0 0
Grain 12 0 1 0 0
Grain 13 0 1 0 0
Grain 14 0 1 0 0
Grain 15 0 1 0 0
Grain 16 0 1 0 0
Grain 17 0 1 0 0
Grain 18 0 1 0 0
Grain 19 0.03831264 0.9305465 0.05351338 0.3602106
Guest-2 ori 5122.088 5124.687
Grain 0 0 1 0 0
Grain 1 0 1 0 0
Grain 2 0 1 0 0
Grain 3 0 1 0 0
Grain 4 0 1 0 0
Grain 5 0 1 0 0
Grain 6 0 1 0 0
Grain 7 0 1 0 0
Grain 8 0 1 0 0
Grain 9 0.09119171 0.9188792 0.03727673 0.3820415
Grain 10 0 1 0 0
Grain 11 0 1 0 0
Grain 12 0 1 0 0
Grain 13 0 1 0 0
Grain 14 0 1 0 0
Grain 15 0 1 0 0
Grain 16 0 1 0 0
Grain 17 0 1 0 0
Grain 18 0 1 0 0
Grain 19 0.03831264 0.9305465 0.05351338 0.3602106
Guest-2 ori 5130.596 5137.006
Grain 0 0 1 0 0
Grain 1 0 1 0 0
Grain 2 0 1 0 0
Grain 3 0 1 0 0
Grain 4 0 1 0 0
Grain 5 0 1 0 0
Grain 6 0 1 0 0
Grain 7 0 1 0 0
Grain 8 0 1 0 0
Grain 9 0.09119171 0.9188792 0.03727673 0.3820415
Grain 10 0 1 0 0
Grain 11 0.3915614 0.91705 0.04928481 0.05718422
Grain 12 0 1 0 0
Grain 13 0 1 0 0
Grain 14 0 1 0 0
Grain 15 0 1 0 0
Grain 16 0 1 0 0
Grain 17 0 1 0 0
Grain 18 0 1 0 0
Grain 19 0.03831264 0.9305465 0.05351338 0.3602106
Guest-2 ori 5138.49 5141.49
Grain 0 0 1 0 0
Grain 1 0 1 0 0
Grain 2 0 1 0 0
Grain 3 0 1 0 0
Grain 4 0 1 0 0
Grain 5 0 1 0 0
Grain 6 0 1 0 0
Grain 7 0 1 0 0
Grain 8 0 1 0 0
Grain 9 0.09119171 0.9188792 0.03727673 0.3820415
Grain 10 0 1 0 0
Grain 11 0.2644829 0.8931382 0.2004842 -0.3035773
Grain 12 0 1 0 0
Grain 13 0 1 0 0
Grain 14 0 1 0 0
Grain 15 0 1 0 0
Grain 16 0 1 0 0
Grain 17 0 1 0 0
Grain 18 0 1 0 0
Grain 19 0.03831264 0.9305465 0.05351338 0.3602106
Guest-2 ori 5150.664 5160.521
Grain 0 0 1 0 0
Grain 1 0 1 0 0
Grain 2 0 1 0 0
Grain 3 0 1 0 0
Grain 4 0 1 0 0
Grain 5 0 1 0 0
Grain 6 0 1 0 0
Grain 7 0 1 0 0
Grain 8 0 1 0 0
Grain 9 0.0862171 0.9289593 0.03785292 0.3580062
Grain 10 0 1 0 0
Grain 11 0.2644829 0.8931382 0.2004842 -0.3035773
Grain 12 0 1 0 0
Grain 13 0.3917057 -0.658124 0.6252277 -0.1500993
Grain 14 0 1 0 0
Grain 15 0 1 0 0
Grain 16 0 1 0 0
Grain 17 0 1 0 0
Grain 18 0 1 0 0
Grain 19 0.03831264 0.9305465 0.05351338 0.3602106
Guest-2 ori 5166.05 5175.642
Grain 0 0 1 0 0
Grain 1 0 1 0 0
Grain 2 0 1 0 0
Grain 3 0 1 0 0
Grain 4 0 1 0 0
Grain 5 0 1 0 0
Grain 6 0.01356478 -0.9998696 0.008716973 -0.0009490816
Grain 7 0 1 0 0
Grain 8 0 1 0 0
Grain 9 0.0862171 0.9289593 0.03785292 0.3580062
Grain 10 0 1 0 0
Grain 11 0.2644829 0.8931382 0.2004842 -0.3035773
Grain 12 0 1 0 0
Grain 13 0.3917057 -0.658124 0.6252277 -0.1500993
Grain 14 0 1 0 0
Grain 15 0 1 0 0
Grain 16 0 1 0 0
Grain 17 0 1 0 0
Grain 18 0 1 0 0
Grain 19 0.03831264 0.9305465 0.05351338 0.3602106
Guest-2 ori 5179.89 5182.738
Grain 0 0 1 0 0
Grain 1 0 1 0 0
Grain 2 0 1 0 0
Grain 3 0 1 0 0
Grain 4 0.04394738 0.9255113 0.0631282 -0.3708265
Grain 5 0 1 0 0
Grain 6 0.01356478 -0.9998696 0.008716973 -0.0009490816
Grain 7 0 1 0 0
Grain 8 0 1 0 0
Grain 9 0.0862171 0.9289593 0.03785292 0.3580062
Grain 10 0 1 0 0
Grain 11 0.2644829 0.8931382 0.2004842 -0.3035773
Grain 12 0 1 0 0
Grain 13 0.3917057 -0.658124 0.6252277 -0.1500993
Grain 14 0 1 0 0
Grain 15 0 1 0 0
Grain 16 0 1 0 0
Grain 17 0 1 0 0
Grain 18 0 1 0 0
Grain 19 0.03831264 0.9305465 0.05351338 0.3602106
Guest-2 ori 5185.687 5191.315
Grain 0 0 1 0 0
Grain 1 0 1 0 0
Grain 2 0.03344558 -0.9659128 -0.08302581 -0.2429004
Grain 3 0 1 0 0
Grain 4 0.04394738 0.9255113 0.0631282 -0.3708265
Grain 5 0 1 0 0
Grain 6 0.01356478 -0.9998696 0.008716973 -0.0009490816
Grain 7 0 1 0 0
Grain 8 0 1 0 0
Grain 9 0.0862171 0.9289593 0.03785292 0.3580062
Grain 10 0 1 0 0
Grain 11 0.2644829 0.8931382 0.2004842 -0.3035773
Grain 12 0 1 0 0
Grain 13 0.3917057 -0.658124 0.6252277 -0.1500993
Grain 14 0 1 0 0
Grain 15 0 1 0 0
Grain 16 0 1 0 0
Grain 17 0 1 0 0
Grain 18 0 1 0 0
Grain 19 0.03831264 0.9305465 0.05351338 0.3602106
Guest-2 ori 5196.542 5202.19
Grain 0 0 1 0 0
Grain 1 0 1 0 0
Grain 2 0.03344558 -0.9659128 -0.08302581 -0.2429004
Grain 3 0 1 0 0
Grain 4 0.04394738 0.9255113 0.0631282 -0.3708265
Grain 5 0.216922 -0.9114866 0.3345981 -0.1009016
Grain 6 0.01356478 -0.9998696 0.008716973 -0.0009490816
Grain 7 0 1 0 0
Grain 8 0 1 0 0
Grain 9 0.0862171 0.9289593 0.03785292 0.3580062
Grain 10 0 1 0 0
Grain 11 0.2644829 0.8931382 0.2004842 -0.3035773
Grain 12 0 1 0 0
Grain 13 0.3917057 -0.658124 0.6252277 -0.1500993
Grain 14 0 1 0 0
Grain 15 0 1 0 0
Grain 16 0 1 0 0
Grain 17 0 1 0 0
Grain 18 0 1 0 0
Grain 19 0.03831264 0.9305465 0.05351338 0.3602106
Guest-2 ori 5209.383 5212.68
Grain 0 0 1 0 0
Grain 1 0 1 0 0
Grain 2 0.03344558 -0.9659128 -0.08302581 -0.2429004
Grain 3 0 1 0 0
Grain 4 0.04394738 0.9255113 0.0631282 -0.3708265
Grain 5 0.216922 -0.9114866 0.3345981 -0.1009016
Grain 6 0.01356478 -0.9998696 0.008716973 -0.0009490816
Grain 7 0 1 0 0
Grain 8 0 1 0 0
Grain 9 0.0862171 0.9289593 0.03785292 0.3580062
Grain 10 0 1 0 0
Grain 11 0.2644829 0.8931382 0.2004842 -0.3035773
Grain 12 0 1 0 0
Grain 13 0.3917057 -0.658124 0.6252277 -0.1500993
Grain 14 0 1 0 0
Grain 15 0.3400367 0.9217486 0.1844166 -0.02729756
Grain 16 0 1 0 0
Grain 17 0 1 0 0
Grain 18 0 1 0 0
Grain 19 0.03831264 0.9305465 0.05351338 0.3602106
Guest-2 ori 5217.892 5224.801
Grain 0 0 1 0 0
Grain 1 0 1 0 0
Grain 2 0.03344558 -0.9659128 -0.08302581 -0.2429004
Grain 3 0 1 0 0
Grain 4 0.04394738 0.9255113 0.0631282 -0.3708265
Grain 5 0.216922 -0.9114866 0.3345981 -0.1009016
Grain 6 0.01356478 -0.9998696 0.008716973 -0.0009490816
Grain 7 0 1 0 0
Grain 8 0 1 0 0
Grain 9 0.0862171 0.9289593 0.03785292 0.3580062
Grain 10 0 1 0 0
Grain 11 0.2644829 0.8931382 0.2004842 -0.3035773
Grain 12 0 1 0 0
Grain 13 0.3917057 -0.658124 0.6252277 -0.1500993
Grain 14 0.01901157 -0.9977724 0.04085201 0.04919372
Grain 15 0.3400367 0.9217486 0.1844166 -0.02729756
Grain 16 0 1 0 0
Grain 17 0 1 0 0
Grain 18 0 1 0 0
Grain 19 0.03831264 0.9305465 0.05351338 0.3602106
Guest-2 ori 5228.469 5231.665
Grain 0 0 1 0 0
Grain 1 0 1 0 0
Grain 2 0.03344558 -0.9659128 -0.08302581 -0.2429004
Grain 3 0 1 0 0
Grain 4 0.04394738 0.9255113 0.0631282 -0.3708265
Grain 5 0.216922 -0.9114866 0.3345981 -0.1009016
Grain 6 0.01356478 -0.9998696 0.008716973 -0.0009490816
Grain 7 0 1 0 0
Grain 8 0 1 0 0
Grain 9 0.0862171 0.9289593 0.03785292 0.3580062
Grain 10 0 1 0 0
Grain 11 0.2644829 0.8931382 0.2004842 -0.3035773
Grain 12 0 1 0 0
Grain 13 0.3917057 -0.658124 0.6252277 -0.1500993
Grain 14 0.01901157 -0.9977724 0.04085201 0.04919372
Grain 15 0.3400367 0.9217486 0.1844166 -0.02729756
Grain 16 0.4793642 -0.7208377 -0.4982561 -0.04841293
Grain 17 0 1 0 0
Grain 18 0 1 0 0
Grain 19 0.03831264 0.9305465 0.05351338 0.3602106
Guest-2 ori 5237.776 5246.267
Grain 0 0 1 0 0
Grain 1 0 1 0 0
Grain 2 0.03344558 -0.9659128 -0.08302581 -0.2429004
Grain 3 0 1 0 0
Grain 4 0.04394738 0.9255113 0.0631282 -0.3708265
Grain 5 0.216922 -0.9114866 0.3345981 -0.1009016
Grain 6 0.01356478 -0.9998696 0.008716973 -0.0009490816
Grain 7 0 1 0 0
Grain 8 0 1 0 0
Grain 9 0.0862171 0.9289593 0.03785292 0.3580062
Grain 10 0 1 0 0
Grain 11 0.2644829 0.8931382 0.2004842 -0.3035773
Grain 12 0 1 0 0
Grain 13 0.3917057 -0.658124 0.6252277 -0.1500993
Grain 14 0.01901157 -0.9977724 0.04085201 0.04919372
Grain 15 0.3400367 0.9217486 0.1844166 -0.02729756
Grain 16 0.4793642 -0.7208377 -0.4982561 -0.04841293
Grain 17 0.1157714 -0.9907447 0.06212689 -0.03409083
Grain 18 0 1 0 0
Grain 19 0.03831264 0.9305465 0.05351338 0.3602106
Guest-2 ori 5250.913 5255.629
Grain 0 0 1 0 0
Grain 1 0 1 0 0
Grain 2 0.03344558 -0.9659128 -0.08302581 -0.2429004
Grain 3 0.3219274 0.9445409 0.06479875 -0.00254835
Grain 4 0.04394738 0.9255113 0.0631282 -0.3708265
Grain 5 0.216922 -0.9114866 0.3345981 -0.1009016
Grain 6 0.01356478 -0.9998696 0.008716973 -0.0009490816
Grain 7 0 1 0 0
Grain 8 0 1 0 0
Grain 9 0.0862171 0.9289593 0.03785292 0.3580062
Grain 10 0 1 0 0
Grain 11 0.2644829 0.8931382 0.2004842 -0.3035773
Grain 12 0 1 0 0
Grain 13 0.3917057 -0.658124 0.6252277 -0.1500993
Grain 14 0.01901157 -0.9977724 0.04085201 0.04919372
Grain 15 0.3400367 0.9217486 0.1844166 -0.02729756
Grain 16 0.4793642 -0.7208377 -0.4982561 -0.04841293
Grain 17 0.1157714 -0.9907447 0.06212689 -0.03409083
Grain 18 0 1 0 0
Grain 19 0.03831264 0.9305465 0.05351338 0.3602106
Guest-2 ori 5262.022 5266.853
Grain 0 0 1 0 0
Grain 1 0 1 0 0
Grain 2 0.03344558 -0.9659128 -0.08302581 -0.2429004
Grain 3 0.3251867 0.9431062 0.06912303 -0.005135989
Grain 4 0.04394738 0.9255113 0.0631282 -0.3708265
Grain 5 0.216922 -0.9114866 0.3345981 -0.1009016
Grain 6 0.01356478 -0.9998696 0.008716973 -0.0009490816
Grain 7 0 1 0 0
Grain 8 0 1 0 0
Grain 9 0.0862171 0.9289593 0.03785292 0.3580062
Grain 10 0.1958307 -0.860841 0.4680353 0.03932106
Grain 11 0.2644829 0.8931382 0.2004842 -0.3035773
Grain 12 0 1 0 0
Grain 13 0.3917057 -0.658124 0.6252277 -0.1500993
Grain 14 0.01901157 -0.9977724 0.04085201 0.04919372
Grain 15 0.3400367 0.9217486 0.1844166 -0.02729756
Grain 16 0.4793642 -0.7208377 -0.4982561 -0.04841293
Grain 17 0.1157714 -0.9907447 0.06212689 -0.03409083
Grain 18 0 1 0 0
Grain 19 0.03831264 0.9305465 0.05351338 0.3602106
Guest-2 ori 5270.167 5272.131
Grain 0 0 1 0 0
Grain 1 0 1 0 0
Grain 2 0.03344558 -0.9659128 -0.08302581 -0.2429004
Grain 3 0.3251867 0.9431062 0.06912303 -0.005135989
Grain 4 0.04394738 0.9255113 0.0631282 -0.3708265
Grain 5 0.216922 -0.9114866 0.3345981 -0.1009016
Grain 6 0.01356478 -0.9998696 0.008716973 -0.0009490816
Grain 7 0 1 0 0
Grain 8 0 1 0 0
Grain 9 0.0862171 0.9289593 0.03785292 0.3580062
Grain 10 0.198558 -0.8609948 0.4668593 0.03612828
Grain 11 0.2644829 0.8931382 0.2004842 -0.3035773
Grain 12 0 1 0 0
Grain 13 0.3917057 -0.658124 0.6252277 -0.1500993
Grain 14 0.01901157 -0.9977724 0.04085201 0.04919372
Grain 15 0.3400367 0.9217486 0.1844166 -0.02729756
Grain 16 0.4793642 -0.7208377 -0.4982561 -0.04841293
Grain 17 0.1157714 -0.9907447 0.06212689 -0.03409083
Grain 18 0.2769013 0.8984835 -0.3398236 0.02394064
Grain 19 0.03831264 0.9305465 0.05351338 0.3602106
Guest-2 ori 5279.823 5284.818
Grain 0 0 1 0 0
Grain 1 0 1 0 0
Grain 2 0.03344558 -0.9659128 -0.08302581 -0.2429004
Grain 3 0.3251867 0.9431062 0.06912303 -0.005135989
Grain 4 0.04394738 0.9255113 0.0631282 -0.3708265
Grain 5 0.216922 -0.9114866 0.3345981 -0.1009016
Grain 6 0.01356478 -0.9998696 0.008716973 -0.0009490816
Grain 7 0 1 0 0
Grain 8 0 1 0 0
Grain 9 0.0862171 0.9289593 0.03785292 0.3580062
Grain 10 0.198558 -0.8609948 0.4668593 0.03612828
Grain 11 0.2644829 0.8931382 0.2004842 -0.3035773
Grain 12 0 1 0 0
Grain 13 0.3917057 -0.658124 0.6252277 -0.1500993
Grain 14 0.01901157 -0.9977724 0.04085201 0.04919372
Grain 15 0.3400367 0.9217486 0.1844166 -0.02729756
Grain 16 0.4793642 -0.7208377 -0.4982561 -0.04841293
Grain 17 0.1157714 -0.9907447 0.06212689 -0.03409083
Grain 18 0.2769013 0.8984835 -0.3398236 0.02394064
Grain 19 0.2086251 0.8806139 0.1784508 0.3861996
Guest-2 ori 5289.749 5294.43
Grain 0 0 1 0 0
Grain 1 0 1 0 0
Grain 2 0.495945 -0.7379505 -0.190908 0.4159588
Grain 3 0.3251867 0.9431062 0.06912303 -0.005135989
Grain 4 0.04394738 0.9255113 0.0631282 -0.3708265
Grain 5 0.216922 -0.9114866 0.3345981 -0.1009016
Grain 6 0.01356478 -0.9998696 0.008716973 -0.0009490816
Grain 7 0 1 0 0
Grain 8 0 1 0 0
Grain 9 0.0862171 0.9289593 0.03785292 0.3580062
Grain 10 0.198558 -0.8609948 0.4668593 0.03612828
Grain 11 0.2644829 0.8931382 0.2004842 -0.3035773
Grain 12 0 1 0 0
Grain 13 0.3917057 -0.658124 0.6252277 -0.1500993
Grain 14 0.01901157 -0.9977724 0.04085201 0.04919372
Grain 15 0.3400367 0.9217486 0.1844166 -0.02729756
Grain 16 0.4793642 -0.7208377 -0.4982561 -0.04841293
Grain 17 0.1157714 -0.9907447 0.06212689 -0.03409083
Grain 18 0.2769013 0.8984835 -0.3398236 0.02394064
Grain 19 0.205087 0.8799468 0.1761442 0.3906485
Guest-2 ori 5297.477 5301.441
Grain 0 0 1 0 0
Grain 1 0 1 0 0
Grain 2 0.495945 -0.7379505 -0.190908 0.4159588
Grain 3 0.3251867 0.9431062 0.06912303 -0.005135989
Grain 4 0.04394738 0.9255113 0.0631282 -0.3708265
Grain 5 -0.1781011 -0.41674 0.518092 0.7253885
Grain 6 0.01356478 -0.9998696 0.008716973 -0.0009490816
Grain 7 0 1 0 0
Grain 8 0 1 0 0
Grain 9 0.0862171 0.9289593 0.03785292 0.3580062
Grain 10 0.198558 -0.8609948 0.4668593 0.03612828
Grain 11 0.2644829 0.8931382 0.2004842 -0.3035773
Grain 12 0 1 0 0
Grain 13 0.3917057 -0.658124 0.6252277 -0.1500993
Grain 14 0.01901157 -0.9977724 0.04085201 0.04919372
Grain 15 0.3400367 0.9217486 0.1844166 -0.02729756
Grain 16 0.4793642 -0.7208377 -0.4982561 -0.04841293
Grain 17 0.1157714 -0.9907447 0.06212689 -0.03409083
Grain 18 0.2769013 0.8984835 -0.3398236 0.02394064
Grain 19 0.205087 0.8799468 0.1761442 0.3906485
Guest-2 ori 5309.683 5313.761
Grain 0 0 1 0 0
Grain 1 0 1 0 0
Grain 2 0.495945 -0.7379505 -0.190908 0.4159588
Grain 3 0.3251867 0.9431062 0.06912303 -0.005135989
Grain 4 0.04394738 0.9255113 0.0631282 -0.3708265
Grain 5 -0.1781011 -0.41674 0.518092 0.7253885
Grain 6 0.01356478 -0.9998696 0.008716973 -0.0009490816
Grain 7 0 1 0 0
Grain 8 0 1 0 0
Grain 9 0.0862171 0.9289593 0.03785292 0.3580062
Grain 10 0.198558 -0.8609948 0.4668593 0.03612828
Grain 11 0.2644829 0.8931382 0.2004842 -0.3035773
Grain 12 0 1 0 0
Grain 13 0.3917057 -0.658124 0.6252277 -0.1500993
Grain 14 0.01901157 -0.9977724 0.04085201 0.04919372
Grain 15 0.3752868 0.9082475 0.1712063 -0.0702473
Grain 16 0.4793642 -0.7208377 -0.4982561 -0.04841293
Grain 17 0.1157714 -0.9907447 0.06212689 -0.03409083
Grain 18 0.2769013 0.8984835 -0.3398236 0.02394064
Grain 19 0.205087 0.8799468 0.1761442 0.3906485
Guest-2 ori 5338.661 5342.523
Grain 0 0 1 0 0
Grain 1 0.04427939 0.9986283 0.02794134 -0.0003106767
Grain 2 0.495945 -0.7379505 -0.190908 0.4159588
Grain 3 0.3251867 0.9431062 0.06912303 -0.005135989
Grain 4 0.04394738 0.9255113 0.0631282 -0.3708265
Grain 5 -0.1781011 -0.41674 0.518092 0.7253885
Grain 6 0.01356478 -0.9998696 0.008716973 -0.0009490816
Grain 7 0 1 0 0
Grain 8 0 1 0 0
Grain 9 0.0862171 0.9289593 0.03785292 0.3580062
Grain 10 0.198558 -0.8609948 0.4668593 0.03612828
Grain 11 0.2644829 0.8931382 0.2004842 -0.3035773
Grain 12 0 1 0 0
Grain 13 0.3917057 -0.658124 0.6252277 -0.1500993
Grain 14 0.01901157 -0.9977724 0.04085201 0.04919372
Grain 15 0.3752868 0.9082475 0.1712063 -0.0702473
Grain 16 0.4793642 -0.7208377 -0.4982561 -0.04841293
Grain 17 0.1157714 -0.9907447 0.06212689 -0.03409083
Grain 18 0.2769013 0.8984835 -0.3398236 0.02394064
Grain 19 0.205087 0.8799468 0.1761442 0.3906485
Guest-2 ori 5363.039 5370.564
Grain 0 0 1 0 0
Grain 1 0.04427939 0.9986283 0.02794134 -0.0003106767
Grain 2 0.495945 -0.7379505 -0.190908 0.4159588
Grain 3 0.3251867 0.9431062 0.06912303 -0.005135989
Grain 4 0.04394738 0.9255113 0.0631282 -0.3708265
Grain 5 -0.1781011 -0.41674 0.518092 0.7253885
Grain 6 0.01356478 -0.9998696 0.008716973 -0.0009490816
Grain 7 0 1 0 0
Grain 8 0 1 0 0
Grain 9 0.5901312 0.7273165 0.1743005 0.3039331
Grain 10 0.198558 -0.8609948 0.4668593 0.03612828
Grain 11 0.2644829 0.8931382 0.2004842 -0.3035773
Grain 12 0 1 0 0
Grain 13 0.3917057 -0.658124 0.6252277 -0.1500993
Grain 14 0.01901157 -0.9977724 0.04085201 0.04919372
Grain 15 0.3752868 0.9082475 0.1712063 -0.0702473
Grain 16 0.4793642 -0.7208377 -0.4982561 -0.04841293
Grain 17 0.1157714 -0.9907447 0.06212689 -0.03409083
Grain 18 0.2769013 0.8984835 -0.3398236 0.02394064
Grain 19 0.205087 0.8799468 0.1761442 0.3906485
Guest-2 ori 5374.396 5376.046
Grain 0 0.1478565 0.9889306 -0.002615056 0.01215901
Grain 1 0.04427939 0.9986283 0.02794134 -0.0003106767
Grain 2 0.495945 -0.7379505 -0.190908 0.4159588
Grain 3 0.3251867 0.9431062 0.06912303 -0.005135989
Grain 4 0.04394738 0.9255113 0.0631282 -0.3708265
Grain 5 -0.1781011 -0.41674 0.518092 0.7253885
Grain 6 0.01356478 -0.9998696 0.008716973 -0.0009490816
Grain 7 0 1 0 0
Grain 8 0 1 0 0
Grain 9 0.5901312 0.7273165 0.1743005 0.3039331
Grain 10 0.198558 -0.8609948 0.4668593 0.03612828
Grain 11 0.2644829 0.8931382 0.2004842 -0.3035773
Grain 12 0 1 0 0
Grain 13 0.3917057 -0.658124 0.6252277 -0.1500993
Grain 14 0.01901157 -0.9977724 0.04085201 0.04919372
Grain 15 0.3752868 0.9082475 0.1712063 -0.0702473
Grain 16 0.4793642 -0.7208377 -0.4982561 -0.04841293
Grain 17 0.1157714 -0.9907447 0.06212689 -0.03409083
Grain 18 0.2769013 0.8984835 -0.3398236 0.02394064
Grain 19 0.205087 0.8799468 0.1761442 0.3906485
Guest-2 ori 5377.36 5383.941
Grain 0 0.2378569 0.9686449 -0.02905506 0.06562825
Grain 1 0.04427939 0.9986283 0.02794134 -0.0003106767
Grain 2 0.495945 -0.7379505 -0.190908 0.4159588
Grain 3 0.3251867 0.9431062 0.06912303 -0.005135989
Grain 4 0.04394738 0.9255113 0.0631282 -0.3708265
Grain 5 -0.1781011 -0.41674 0.518092 0.7253885
Grain 6 0.01356478 -0.9998696 0.008716973 -0.0009490816
Grain 7 0 1 0 0
Grain 8 0 1 0 0
Grain 9 0.5901312 0.7273165 0.1743005 0.3039331
Grain 10 0.198558 -0.8609948 0.4668593 0.03612828
Grain 11 0.2644829 0.8931382 0.2004842 -0.3035773
Grain 12 0 1 0 0
Grain 13 0.3917057 -0.658124 0.6252277 -0.1500993
Grain 14 0.01901157 -0.9977724 0.04085201 0.04919372
Grain 15 0.3752868 0.9082475 0.1712063 -0.0702473
Grain 16 0.4793642 -0.7208377 -0.4982561 -0.04841293
Grain 17 0.1157714 -0.9907447 0.06212689 -0.03409083
Grain 18 0.2769013 0.8984835 -0.3398236 0.02394064
Grain 19 0.205087 0.8799468 0.1761442 0.3906485
Guest-2 ori 5386.021 5391.851
Grain 0 0.2378569 0.9686449 -0.02905506 0.06562825
Grain 1 0.04427939 0.9986283 0.02794134 -0.0003106767
Grain 2 0.4911761 -0.3988634 0.08752069 0.7694116
Grain 3 0.3251867 0.9431062 0.06912303 -0.005135989
Grain 4 0.04394738 0.9255113 0.0631282 -0.3708265
Grain 5 -0.1781011 -0.41674 0.518092 0.7253885
Grain 6 0.01356478 -0.9998696 0.008716973 -0.0009490816
Grain 7 0 1 0 0
Grain 8 0 1 0 0
Grain 9 0.5901312 0.7273165 0.1743005 0.3039331
Grain 10 0.198558 -0.8609948 0.4668593 0.03612828
Grain 11 0.2644829 0.8931382 0.2004842 -0.3035773
Grain 12 0 1 0 0
Grain 13 0.3917057 -0.658124 0.6252277 -0.1500993
Grain 14 0.01901157 -0.9977724 0.04085201 0.04919372
Grain 15 0.3752868 0.9082475 0.1712063 -0.0702473
Grain 16 0.4793642 -0.7208377 -0.4982561 -0.04841293
Grain 17 0.1157714 -0.9907447 0.06212689 -0.03409083
Grain 18 0.2769013 0.8984835 -0.3398236 0.02394064
Grain 19 0.205087 0.8799468 0.1761442 0.3906485
Guest-2 ori 5399.325 5403.738
Grain 0 0.2378569 0.9686449 -0.02905506 0.06562825
Grain 1 0.04427939 0.9986283 0.02794134 -0.0003106767
Grain 2 0.4911761 -0.3988634 0.08752069 0.7694116
Grain 3 0.3251867 0.9431062 0.06912303 -0.005135989
Grain 4 0.04394738 0.9255113 0.0631282 -0.3708265
Grain 5 -0.1781011 -0.41674 0.518092 0.7253885
Grain 6 0.01356478 -0.9998696 0.008716973 -0.0009490816
Grain 7 0 1 0 0
Grain 8 0.03152454 0.9993706 0.01292323 -0.009875528
Grain 9 0.5901312 0.7273165 0.1743005 0.3039331
Grain 10 0.198558 -0.8609948 0.4668593 0.03612828
Grain 11 0.2644829 0.8931382 0.2004842 -0.3035773
Grain 12 0 1 0 0
Grain 13 0.3917057 -0.658124 0.6252277 -0.1500993
Grain 14 0.01901157 -0.9977724 0.04085201 0.04919372
Grain 15 0.3752868 0.9082475 0.1712063 -0.0702473
Grain 16 0.4793642 -0.7208377 -0.4982561 -0.04841293
Grain 17 0.1157714 -0.9907447 0.06212689 -0.03409083
Grain 18 0.2769013 0.8984835 -0.3398236 0.02394064
Grain 19 0.205087 0.8799468 0.1761442 0.3906485
