Guest-9 ori 45.61957 55.04984
Grain 0 0 1 0 0
Grain 1 0 1 0 0
Grain 2 0 1 0 0
Grain 3 0 1 0 0
Grain 4 0 1 0 0
Grain 5 0 1 0 0
Grain 6 0 1 0 0
Grain 7 0 1 0 0
Grain 8 0 1 0 0
Grain 9 0 1 0 0
Grain 10 0 1 0 0
Grain 11 0 1 0 0
Grain 12 0 1 0 0
Grain 13 0 1 0 0
Grain 14 0 1 0 0
Grain 15 0 1 0 0
Grain 16 0 1 0 0
Grain 17 0 1 0 0
Grain 18 0 1 0 0
Grain 19 0.04660749 -0.9355636 0.05805584 0.3452219
Guest-9 ori 65.7556 68.2259
Grain 0 0 1 0 0
Grain 1 0 1 0 0
Grain 2 0 1 0 0
Grain 3 0 1 0 0
Grain 4 0 1 0 0
Grain 5 0 1 0 0
Grain 6 0 1 0 0
Grain 7 0 1 0 0
Grain 8 0 1 0 0
Grain 9 0 1 0 0
Grain 10 0 1 0 0
Grain 11 0 1 0 0
Grain 12 0 1 0 0
Grain 13 0 1 0 0
Grain 14 0 1 0 0
Grain 15 0 1 0 0
Grain 16 0 1 0 0
Grain 17 0 1 0 0
Grain 18 0 1 0 0
Grain 19 0.02673654 0.9964103 -0.07015174 0.03912254
Guest-9 ori 78.12971 81.22353
Grain 0 0 1 0 0
Grain 1 0 1 0 0
Grain 2 0 1 0 0
Grain 3 0 1 0 0
Grain 4 0 1 0 0
Grain 5 0 1 0 0
Grain 6 0 1 0 0
Grain 7 0 1 0 0
Grain 8 0 1 0 0
Grain 9 0 1 0 0
Grain 10 0 1 0 0
Grain 11 0 1 0 0
Grain 12 0 1 0 0
Grain 13 0 1 0 0
Grain 14 0 1 0 0
Grain 15 0 1 0 0
Grain 16 0 1 0 0
Grain 17 0 1 0 0
Grain 18 0 1 0 0
Grain 19 0.08856389 -0.9722213 0.2099585 -0.05347672
Guest-9 ori 84.97077 89.38333
Grain 0 0 1 0 0
Grain 1 0 1 0 0
Grain 2 0 1 0 0
Grain 3 0 1 0 0
Grain 4 0 1 0 0
Grain 5 0 1 0 0
Grain 6 0 1 0 0
Grain 7 0 1 0 0
Grain 8 0 1 0 0
Grain 9 0 1 0 0
Grain 10 0 1 0 0
Grain 11 0 1 0 0
Grain 12 0 1 0 0
Grain 13 0 1 0 0
Grain 14 0 1 0 0
Grain 15 0 1 0 0
Grain 16 0 1 0 0
Grain 17 0 1 0 0
Grain 18 0 1 0 0
Grain 19 0.2644927 -0.8624014 0.4253991 -0.07309686
Guest-9 ori 90.15569 90.95538
Grain 0 0 1 0 0
Grain 1 0 1 0 0
Grain 2 0 1 0 0
Grain 3 0 1 0 0
Grain 4 0 1 0 0
Grain 5 0 1 0 0
Grain 6 0 1 0 0
Grain 7 0 1 0 0
Grain 8 0 1 0 0
Grain 9 0 1 0 0
Grain 10 0 1 0 0
Grain 11 0 1 0 0
Grain 12 0 1 0 0
Grain 13 0 1 0 0
Grain 14 0 1 0 0
Grain 15 0 1 0 0
Grain 16 0 1 0 0
Grain 17 0 1 0 0
Grain 18 0 1 0 0
Grain 19 0.1591416 -0.897141 0.4034845 0.08373956
Guest-9 ori 94.82654 99.66501
Grain 0 0 1 0 0
Grain 1 0 1 0 0
Grain 2 0 1 0 0
Grain 3 0 1 0 0
Grain 4 0 1 0 0
Grain 5 0 1 0 0
Grain 6 0 1 0 0
Grain 7 0 1 0 0
Grain 8 0 1 0 0
Grain 9 0 1 0 0
Grain 10 0 1 0 0
Grain 11 0 1 0 0
Grain 12 0 1 0 0
Grain 13 0 1 0 0
Grain 14 0 1 0 0
Grain 15 0 1 0 0
Grain 16 0 1 0 0
Grain 17 0 1 0 0
Grain 18 0 1 0 0
Grain 19 0.4145896 -0.8167572 0.3779947 0.1346968
Guest-9 ori 117.9278 122.8251
Grain 0 0 1 0 0
Grain 1 0 1 0 0
Grain 2 0 1 0 0
Grain 3 0 1 0 0
Grain 4 0 1 0 0
Grain 5 0 1 0 0
Grain 6 0 1 0 0
Grain 7 0 1 0 0
Grain 8 0 1 0 0
Grain 9 0 1 0 0
Grain 10 0 1 0 0
Grain 11 0 1 0 0
Grain 12 0 1 0 0
Grain 13 0 1 0 0
Grain 14 0 1 0 0
Grain 15 0 1 0 0
Grain 16 0 1 0 0
Grain 17 -0.3637489 -0.514592 0.5318391 0.5657111
Grain 18 0 1 0 0
Grain 19 0.4145896 -0.8167572 0.3779947 0.1346968
Guest-9 ori 125.6371 130.6029
Grain 0 0 1 0 0
Grain 1 0 1 0 0
Grain 2 0 1 0 0
Grain 3 0 1 0 0
Grain 4 0 1 0 0
Grain 5 0 1 0 0
Grain 6 0 1 0 0
Grain 7 0 1 0 0
Grain 8 0 1 0 0
Grain 9 0 1 0 0
Grain 10 0 1 0 0
Grain 11 0 1 0 0
Grain 12 0 1 0 0
Grain 13 0 1 0 0
Grain 14 0 1 0 0
Grain 15 0 1 0 0
Grain 16 0 1 0 0
Grain 17 -0.01785786 -0.5306765 0.7264266 0.4363118
Grain 18 0 1 0 0
Grain 19 0.4145896 -0.8167572 0.3779947 0.1346968
Guest-9 ori 144.8013 151.1866
Grain 0 0 1 0 0
Grain 1 0 1 0 0
Grain 2 0 1 0 0
Grain 3 0.3371417 0.8659608 -0.1825844 0.3211079
Grain 4 0 1 0 0
Grain 5 0 1 0 0
Grain 6 0 1 0 0
Grain 7 0 1 0 0
Grain 8 0 1 0 0
Grain 9 0 1 0 0
Grain 10 0 1 0 0
Grain 11 0 1 0 0
Grain 12 0 1 0 0
Grain 13 0 1 0 0
Grain 14 0 1 0 0
Grain 15 0 1 0 0
Grain 16 0 1 0 0
Grain 17 -0.01785786 -0.5306765 0.7264266 0.4363118
Grain 18 0 1 0 0
Grain 19 0.4145896 -0.8167572 0.3779947 0.1346968
Guest-9 ori 156.7791 165.561
Grain 0 0 1 0 0
Grain 1 0 1 0 0
Grain 2 0 1 0 0
Grain 3 0.3371417 0.8659608 -0.1825844 0.3211079
Grain 4 0 1 0 0
Grain 5 0 1 0 0
Grain 6 0 1 0 0
Grain 7 0 1 0 0
Grain 8 0 1 0 0
Grain 9 0 1 0 0
Grain 10 0 1 0 0
Grain 11 0 1 0 0
Grain 12 0 1 0 0
Grain 13 0 1 0 0
Grain 14 0.3623693 0.8501956 0.1998973 0.325418
Grain 15 0 1 0 0
Grain 16 0 1 0 0
Grain 17 -0.01785786 -0.5306765 0.7264266 0.4363118
Grain 18 0 1 0 0
Grain 19 0.4145896 -0.8167572 0.3779947 0.1346968
Guest-9 ori 176.3633 185.7468
Grain 0 0 1 0 0
Grain 1 0 1 0 0
Grain 2 0 1 0 0
Grain 3 0.3371417 0.8659608 -0.1825844 0.3211079
Grain 4 0 1 0 0
Grain 5 0.5253787 0.5509782 0.01846468 -0.6481199
Grain 6 0 1 0 0
Grain 7 0 1 0 0
Grain 8 0 1 0 0
Grain 9 0 1 0 0
Grain 10 0 1 0 0
Grain 11 0 1 0 0
Grain 12 0 1 0 0
Grain 13 0 1 0 0
Grain 14 0.3623693 0.8501956 0.1998973 0.325418
Grain 15 0 1 0 0
Grain 16 0 1 0 0
Grain 17 -0.01785786 -0.5306765 0.7264266 0.4363118
Grain 18 0 1 0 0
Grain 19 0.4145896 -0.8167572 0.3779947 0.1346968
Guest-9 ori 189.0416 195.5282
Grain 0 0 1 0 0
Grain 1 0 1 0 0
Grain 2 0.2467767 0.8938628 -0.09674537 -0.3615949
Grain 3 0.3371417 0.8659608 -0.1825844 0.3211079
Grain 4 0 1 0 0
Grain 5 0.5253787 0.5509782 0.01846468 -0.6481199
Grain 6 0 1 0 0
Grain 7 0 1 0 0
Grain 8 0 1 0 0
Grain 9 0 1 0 0
Grain 10 0 1 0 0
Grain 11 0 1 0 0
Grain 12 0 1 0 0
Grain 13 0 1 0 0
Grain 14 0.3623693 0.8501956 0.1998973 0.325418
Grain 15 0 1 0 0
Grain 16 0 1 0 0
Grain 17 -0.01785786 -0.5306765 0.7264266 0.4363118
Grain 18 0 1 0 0
Grain 19 0.4145896 -0.8167572 0.3779947 0.1346968
Guest-9 ori 203.0626 221.1015
Grain 0 0 1 0 0
Grain 1 0 1 0 0
Grain 2 0.2467767 0.8938628 -0.09674537 -0.3615949
Grain 3 0.3371417 0.8659608 -0.1825844 0.3211079
Grain 4 0 1 0 0
Grain 5 0.5253787 0.5509782 0.01846468 -0.6481199
Grain 6 0.3070588 0.9063781 -0.2643079 0.1197289
Grain 7 0 1 0 0
Grain 8 0 1 0 0
Grain 9 0 1 0 0
Grain 10 0 1 0 0
Grain 11 0 1 0 0
Grain 12 0 1 0 0
Grain 13 0 1 0 0
Grain 14 0.3623693 0.8501956 0.1998973 0.325418
Grain 15 0 1 0 0
Grain 16 0 1 0 0
Grain 17 -0.01785786 -0.5306765 0.7264266 0.4363118
Grain 18 0 1 0 0
Grain 19 0.4145896 -0.8167572 0.3779947 0.1346968
Guest-9 ori 226.9942 237.3482
Grain 0 0 1 0 0
Grain 1 0.2766703 -0.8327772 -0.3225534 -0.3548169
Grain 2 0.2467767 0.8938628 -0.09674537 -0.3615949
Grain 3 0.3371417 0.8659608 -0.1825844 0.3211079
Grain 4 0 1 0 0
Grain 5 0.5253787 0.5509782 0.01846468 -0.6481199
Grain 6 0.3070588 0.9063781 -0.2643079 0.1197289
Grain 7 0 1 0 0
Grain 8 0 1 0 0
Grain 9 0 1 0 0
Grain 10 0 1 0 0
Grain 11 0 1 0 0
Grain 12 0 1 0 0
Grain 13 0 1 0 0
Grain 14 0.3623693 0.8501956 0.1998973 0.325418
Grain 15 0 1 0 0
Grain 16 0 1 0 0
Grain 17 -0.01785786 -0.5306765 0.7264266 0.4363118
Grain 18 0 1 0 0
Grain 19 0.4145896 -0.8167572 0.3779947 0.1346968
Guest-9 ori 247.855 262.1739
Grain 0 0 1 0 0
Grain 1 0.2766703 -0.8327772 -0.3225534 -0.3548169
Grain 2 0.2467767 0.8938628 -0.09674537 -0.3615949
Grain 3 0.3371417 0.8659608 -0.1825844 0.3211079
Grain 4 0 1 0 0
Grain 5 0.5253787 0.5509782 0.01846468 -0.6481199
Grain 6 0.3070588 0.9063781 -0.2643079 0.1197289
Grain 7 0 1 0 0
Grain 8 0 1 0 0
Grain 9 0 1 0 0
Grain 10 0 1 0 0
Grain 11 0 1 0 0
Grain 12 0 1 0 0
Grain 13 0.001460377 0.9005975 -0.1715439 0.3993681
Grain 14 0.3623693 0.8501956 0.1998973 0.325418
Grain 15 0 1 0 0
Grain 16 0 1 0 0
Grain 17 -0.01785786 -0.5306765 0.7264266 0.4363118
Grain 18 0 1 0 0
Grain 19 0.4145896 -0.8167572 0.3779947 0.1346968
Guest-9 ori 268.5414 278.6907
Grain 0 0 1 0 0
Grain 1 0.2766703 -0.8327772 -0.3225534 -0.3548169
Grain 2 0.2467767 0.8938628 -0.09674537 -0.3615949
Grain 3 0.3371417 0.8659608 -0.1825844 0.3211079
Grain 4 0 1 0 0
Grain 5 0.5253787 0.5509782 0.01846468 -0.6481199
Grain 6 0.3070588 0.9063781 -0.2643079 0.1197289
Grain 7 0 1 0 0
Grain 8 0 1 0 0
Grain 9 0.4413733 -0.7431283 -0.03584409 -0.5016624
Grain 10 0 1 0 0
Grain 11 0 1 0 0
Grain 12 0 1 0 0
Grain 13 0.001460377 0.9005975 -0.1715439 0.3993681
Grain 14 0.3623693 0.8501956 0.1998973 0.325418
Grain 15 0 1 0 0
Grain 16 0 1 0 0
Grain 17 -0.01785786 -0.5306765 0.7264266 0.4363118
Grain 18 0 1 0 0
Grain 19 0.4145896 -0.8167572 0.3779947 0.1346968
Guest-9 ori 282.2372 285.6769
Grain 0 0 1 0 0
Grain 1 0.2766703 -0.8327772 -0.3225534 -0.3548169
Grain 2 0.2467767 0.8938628 -0.09674537 -0.3615949
Grain 3 0.3371417 0.8659608 -0.1825844 0.3211079
Grain 4 0 1 0 0
Grain 5 0.5253787 0.5509782 0.01846468 -0.6481199
Grain 6 0.3070588 0.9063781 -0.2643079 0.1197289
Grain 7 0 1 0 0
Grain 8 0 1 0 0
Grain 9 0.4413733 -0.7431283 -0.03584409 -0.5016624
Grain 10 0 1 0 0
Grain 11 0 1 0 0
Grain 12 0 1 0 0
Grain 13 0.3491589 -0.9033932 0.2204101 -0.1157073
Grain 14 0.3623693 0.8501956 0.1998973 0.325418
Grain 15 0 1 0 0
Grain 16 0 1 0 0
Grain 17 -0.01785786 -0.5306765 0.7264266 0.4363118
Grain 18 0 1 0 0
Grain 19 0.4145896 -0.8167572 0.3779947 0.1346968
Guest-9 ori 292.1434 297.5058
Grain 0 0 1 0 0
Grain 1 0.2766703 -0.8327772 -0.3225534 -0.3548169
Grain 2 0.2467767 0.8938628 -0.09674537 -0.3615949
Grain 3 0.3371417 0.8659608 -0.1825844 0.3211079
Grain 4 0 1 0 0
Grain 5 0.5253787 0.5509782 0.01846468 -0.6481199
Grain 6 0.3070588 0.9063781 -0.2643079 0.1197289
Grain 7 0.05135748 0.9972774 0.05186111 -0.01051117
Grain 8 0 1 0 0
Grain 9 0.4413733 -0.7431283 -0.03584409 -0.5016624
Grain 10 0 1 0 0
Grain 11 0 1 0 0
Grain 12 0 1 0 0
Grain 13 0.3491589 -0.9033932 0.2204101 -0.1157073
Grain 14 0.3623693 0.8501956 0.1998973 0.325418
Grain 15 0 1 0 0
Grain 16 0 1 0 0
Grain 17 -0.01785786 -0.5306765 0.7264266 0.4363118
Grain 18 0 1 0 0
Grain 19 0.4145896 -0.8167572 0.3779947 0.1346968
Guest-9 ori 305.0688 306.1136
Grain 0 0 1 0 0
Grain 1 0.2766703 -0.8327772 -0.3225534 -0.3548169
Grain 2 0.2467767 0.8938628 -0.09674537 -0.3615949
Grain 3 0.3371417 0.8659608 -0.1825844 0.3211079
Grain 4 0 1 0 0
Grain 5 0.5253787 0.5509782 0.01846468 -0.6481199
Grain 6 0.3193125 0.863802 -0.3423531 0.186226
Grain 7 0.05135748 0.9972774 0.05186111 -0.01051117
Grain 8 0 1 0 0
Grain 9 0.4413733 -0.7431283 -0.03584409 -0.5016624
Grain 10 0 1 0 0
Grain 11 0 1 0 0
Grain 12 0 1 0 0
Grain 13 0.3491589 -0.9033932 0.2204101 -0.1157073
Grain 14 0.3623693 0.8501956 0.1998973 0.325418
Grain 15 0 1 0 0
Grain 16 0 1 0 0
Grain 17 -0.01785786 -0.5306765 0.7264266 0.4363118
Grain 18 0 1 0 0
Grain 19 0.4145896 -0.8167572 0.3779947 0.1346968
Guest-9 ori 308.4401 314.5492
Grain 0 0 1 0 0
Grain 1 0.2766703 -0.8327772 -0.3225534 -0.3548169
Grain 2 0.2467767 0.8938628 -0.09674537 -0.3615949
Grain 3 0.3371417 0.8659608 -0.1825844 0.3211079
Grain 4 0 1 0 0
Grain 5 0.5253787 0.5509782 0.01846468 -0.6481199
Grain 6 0.3494776 0.8748636 -0.23262 0.2415929
Grain 7 0.05135748 0.9972774 0.05186111 -0.01051117
Grain 8 0 1 0 0
Grain 9 0.4413733 -0.7431283 -0.03584409 -0.5016624
Grain 10 0 1 0 0
Grain 11 0 1 0 0
Grain 12 0 1 0 0
Grain 13 0.3491589 -0.9033932 0.2204101 -0.1157073
Grain 14 0.3623693 0.8501956 0.1998973 0.325418
Grain 15 0 1 0 0
Grain 16 0 1 0 0
Grain 17 -0.01785786 -0.5306765 0.7264266 0.4363118
Grain 18 0 1 0 0
Grain 19 0.4145896 -0.8167572 0.3779947 0.1346968
Guest-9 ori 334.0591 339.4501
Grain 0 0 1 0 0
Grain 1 0.2766703 -0.8327772 -0.3225534 -0.3548169
Grain 2 0.2467767 0.8938628 -0.09674537 -0.3615949
Grain 3 0.3371417 0.8659608 -0.1825844 0.3211079
Grain 4 0 1 0 0
Grain 5 0.5253787 0.5509782 0.01846468 -0.6481199
Grain 6 0.3494776 0.8748636 -0.23262 0.2415929
Grain 7 0.05135748 0.9972774 0.05186111 -0.01051117
Grain 8 0 1 0 0
Grain 9 0.4413733 -0.7431283 -0.03584409 -0.5016624
Grain 10 0 1 0 0
Grain 11 0 1 0 0
Grain 12 0 1 0 0
Grain 13 0.3491589 -0.9033932 0.2204101 -0.1157073
Grain 14 0.3623693 0.8501956 0.1998973 0.325418
Grain 15 0 1 0 0
Grain 16 0 1 0 0
Grain 17 -0.01785786 -0.5306765 0.7264266 0.4363118
Grain 18 0.00186575 -0.999334 -0.01414616 0.03358461
Grain 19 0.4145896 -0.8167572 0.3779947 0.1346968
Guest-9 ori 341.3705 349.1078
Grain 0 0 1 0 0
Grain 1 0.2766703 -0.8327772 -0.3225534 -0.3548169
Grain 2 0.2467767 0.8938628 -0.09674537 -0.3615949
Grain 3 0.3371417 0.8659608 -0.1825844 0.3211079
Grain 4 0 1 0 0
Grain 5 0.5253787 0.5509782 0.01846468 -0.6481199
Grain 6 0.3494776 0.8748636 -0.23262 0.2415929
Grain 7 0.05135748 0.9972774 0.05186111 -0.01051117
Grain 8 0 1 0 0
Grain 9 0.4413733 -0.7431283 -0.03584409 -0.5016624
Grain 10 0 1 0 0
Grain 11 0 1 0 0
Grain 12 0 1 0 0
Grain 13 0.3491589 -0.9033932 0.2204101 -0.1157073
Grain 14 0.3623693 0.8501956 0.1998973 0.325418
Grain 15 0 1 0 0
Grain 16 0 1 0 0
Grain 17 -0.01785786 -0.5306765 0.7264266 0.4363118
Grain 18 0.3098969 -0.861894 0.3152916 -0.2483828
Grain 19 0.4145896 -0.8167572 0.3779947 0.1346968
Guest-9 ori 358.6181 377.4763
Grain 0 0 1 0 0
Grain 1 0.2766703 -0.8327772 -0.3225534 -0.3548169
Grain 2 0.2467767 0.8938628 -0.09674537 -0.3615949
Grain 3 0.3371417 0.8659608 -0.1825844 0.3211079
Grain 4 0 1 0 0
Grain 5 0.5253787 0.5509782 0.01846468 -0.6481199
Grain 6 0.3494776 0.8748636 -0.23262 0.2415929
Grain 7 0.05135748 0.9972774 0.05186111 -0.01051117
Grain 8 0 1 0 0
Grain 9 0.4413733 -0.7431283 -0.03584409 -0.5016624
Grain 10 0 1 0 0
Grain 11 0 1 0 0
Grain 12 0 1 0 0
Grain 13 0.3491589 -0.9033932 0.2204101 -0.1157073
Grain 14 0.3623693 0.8501956 0.1998973 0.325418
Grain 15 0 1 0 0
Grain 16 0 1 0 0
Grain 17 -0.4577201 0.2243276 -0.4468935 -0.7351569
Grain 18 0.3098969 -0.861894 0.3152916 -0.2483828
Grain 19 0.4145896 -0.8167572 0.3779947 0.1346968
