Guest-1 ori 6495.467 6499.297
Grain 0 0 1 0 0
Grain 1 0 1 0 0
Grain 2 0 1 0 0
Grain 3 0 1 0 0
Grain 4 0 1 0 0
Grain 5 0 1 0 0
Grain 6 0 1 0 0
Grain 7 0 1 0 0
Grain 8 0 1 0 0
Grain 9 0 1 0 0
Grain 10 0 1 0 0
Grain 11 0 1 0 0
Grain 12 0 1 0 0
Grain 13 0 1 0 0
Grain 14 0 1 0 0
Grain 15 0 1 0 0
Grain 16 0 1 0 0
Grain 17 0 1 0 0
Grain 18 0 1 0 0
Grain 19 0.1233232 -0.9883667 -0.06996994 0.05501661
Guest-1 ori 6504.659 6509.639
Grain 0 0 1 0 0
Grain 1 0 1 0 0
Grain 2 0 1 0 0
Grain 3 0 1 0 0
Grain 4 0 1 0 0
Grain 5 0 1 0 0
Grain 6 0 1 0 0
Grain 7 0 1 0 0
Grain 8 0 1 0 0
Grain 9 0 1 0 0
Grain 10 0 1 0 0
Grain 11 0 1 0 0
Grain 12 0 1 0 0
Grain 13 0 1 0 0
Grain 14 0 1 0 0
Grain 15 0 1 0 0
Grain 16 0 1 0 0
Grain 17 0 1 0 0
Grain 18 0 1 0 0
Grain 19 0.1115201 -0.9272029 -0.2046475 0.2932192
Guest-1 ori 6554.286 6557.266
Grain 0 0 1 0 0
Grain 1 0 1 0 0
Grain 2 0 1 0 0
Grain 3 0 1 0 0
Grain 4 0 1 0 0
Grain 5 0 1 0 0
Grain 6 0 1 0 0
Grain 7 0 1 0 0
Grain 8 0 1 0 0
Grain 9 0 1 0 0
Grain 10 0 1 0 0
Grain 11 0 1 0 0
Grain 12 0 1 0 0
Grain 13 0 1 0 0
Grain 14 0 1 0 0
Grain 15 0 1 0 0
Grain 16 0 1 0 0
Grain 17 0 1 0 0
Grain 18 0 1 0 0
Grain 19 0.1428244 -0.9095007 -0.1596951 0.3562405
Guest-1 ori 6573.737 6576.437
Grain 0 0 1 0 0
Grain 1 0 1 0 0
Grain 2 0 1 0 0
Grain 3 0 1 0 0
Grain 4 0 1 0 0
Grain 5 0 1 0 0
Grain 6 0 1 0 0
Grain 7 0 1 0 0
Grain 8 0 1 0 0
Grain 9 0 1 0 0
Grain 10 0 1 0 0
Grain 11 0 1 0 0
Grain 12 0 1 0 0
Grain 13 0 1 0 0
Grain 14 0 1 0 0
Grain 15 0 1 0 0
Grain 16 0 1 0 0
Grain 17 0.1565419 -0.9852633 0.04382377 -0.05320022
Grain 18 0 1 0 0
Grain 19 0.1445204 -0.9101656 -0.1557842 0.3555892
Guest-1 ori 6582.495 6586.841
Grain 0 0 1 0 0
Grain 1 0 1 0 0
Grain 2 0 1 0 0
Grain 3 0 1 0 0
Grain 4 0 1 0 0
Grain 5 0 1 0 0
Grain 6 0 1 0 0
Grain 7 0 1 0 0
Grain 8 0 1 0 0
Grain 9 0 1 0 0
Grain 10 0 1 0 0
Grain 11 0 1 0 0
Grain 12 0 1 0 0
Grain 13 0 1 0 0
Grain 14 0 1 0 0
Grain 15 0 1 0 0
Grain 16 0 1 0 0
Grain 17 0.4418153 -0.8961768 0.03828753 -0.01415977
Grain 18 0 1 0 0
Grain 19 0.1445204 -0.9101656 -0.1557842 0.3555892
Guest-1 ori 6589.707 6594.355
Grain 0 0 1 0 0
Grain 1 0 1 0 0
Grain 2 0 1 0 0
Grain 3 0 1 0 0
Grain 4 0 1 0 0
Grain 5 0 1 0 0
Grain 6 0 1 0 0
Grain 7 0 1 0 0
Grain 8 0 1 0 0
Grain 9 0 1 0 0
Grain 10 0 1 0 0
Grain 11 0 1 0 0
Grain 12 0 1 0 0
Grain 13 0 1 0 0
Grain 14 0 1 0 0
Grain 15 0 1 0 0
Grain 16 0 1 0 0
Grain 17 0.3646414 -0.9291448 0.06103733 0.001070025
Grain 18 0 1 0 0
Grain 19 0.1445204 -0.9101656 -0.1557842 0.3555892
Guest-1 ori 6607.344 6608.509
Grain 0 0 1 0 0
Grain 1 0 1 0 0
Grain 2 0 1 0 0
Grain 3 0 1 0 0
Grain 4 0 1 0 0
Grain 5 0 1 0 0
Grain 6 0 1 0 0
Grain 7 0 1 0 0
Grain 8 0 1 0 0
Grain 9 0 1 0 0
Grain 10 0.009436621 0.9999143 0.00907128 5.027687E-08
Grain 11 0 1 0 0
Grain 12 0 1 0 0
Grain 13 0 1 0 0
Grain 14 0 1 0 0
Grain 15 0 1 0 0
Grain 16 0 1 0 0
Grain 17 0.3760628 -0.9250176 0.05402851 0.0003480799
Grain 18 0 1 0 0
Grain 19 0.1445204 -0.9101656 -0.1557842 0.3555892
Guest-1 ori 6619.417 6624.53
Grain 0 0 1 0 0
Grain 1 0 1 0 0
Grain 2 0 1 0 0
Grain 3 0 1 0 0
Grain 4 0 1 0 0
Grain 5 0 1 0 0
Grain 6 0 1 0 0
Grain 7 0 1 0 0
Grain 8 0 1 0 0
Grain 9 0 1 0 0
Grain 10 0.008793972 0.9998607 0.0135554 0.004189681
Grain 11 0 1 0 0
Grain 12 0 1 0 0
Grain 13 0 1 0 0
Grain 14 0 1 0 0
Grain 15 0 1 0 0
Grain 16 0 1 0 0
Grain 17 0.3760628 -0.9250176 0.05402851 0.0003480799
Grain 18 0.1365527 -0.898635 -0.4122314 -0.06223964
Grain 19 0.1445204 -0.9101656 -0.1557842 0.3555892
Guest-1 ori 6627.144 6629.074
Grain 0 0 1 0 0
Grain 1 0 1 0 0
Grain 2 0 1 0 0
Grain 3 0 1 0 0
Grain 4 0 1 0 0
Grain 5 0 1 0 0
Grain 6 0 1 0 0
Grain 7 0 1 0 0
Grain 8 0 1 0 0
Grain 9 0 1 0 0
Grain 10 0.008793972 0.9998607 0.0135554 0.004189681
Grain 11 0 1 0 0
Grain 12 0 1 0 0
Grain 13 0 1 0 0
Grain 14 0 1 0 0
Grain 15 0 1 0 0
Grain 16 0 1 0 0
Grain 17 0.3760628 -0.9250176 0.05402851 0.0003480799
Grain 18 0.1369601 -0.9147642 -0.3759099 -0.05603798
Grain 19 0.1445204 -0.9101656 -0.1557842 0.3555892
Guest-1 ori 6629.526 6630.875
Grain 0 0 1 0 0
Grain 1 0 1 0 0
Grain 2 0 1 0 0
Grain 3 0 1 0 0
Grain 4 0 1 0 0
Grain 5 0 1 0 0
Grain 6 0 1 0 0
Grain 7 0 1 0 0
Grain 8 0 1 0 0
Grain 9 0 1 0 0
Grain 10 0.008793972 0.9998607 0.0135554 0.004189681
Grain 11 0 1 0 0
Grain 12 0 1 0 0
Grain 13 0 1 0 0
Grain 14 0 1 0 0
Grain 15 0 1 0 0
Grain 16 0 1 0 0
Grain 17 0.3760628 -0.9250176 0.05402851 0.0003480799
Grain 18 0.1474244 -0.9044182 -0.3945767 -0.0678449
Grain 19 0.1445204 -0.9101656 -0.1557842 0.3555892
Guest-1 ori 6639.365 6643.595
Grain 0 0 1 0 0
Grain 1 0 1 0 0
Grain 2 0 1 0 0
Grain 3 0 1 0 0
Grain 4 0 1 0 0
Grain 5 0 1 0 0
Grain 6 0 1 0 0
Grain 7 0 1 0 0
Grain 8 0 1 0 0
Grain 9 0 1 0 0
Grain 10 0.008793972 0.9998607 0.0135554 0.004189681
Grain 11 0 1 0 0
Grain 12 0 1 0 0
Grain 13 0 1 0 0
Grain 14 0 1 0 0
Grain 15 0 1 0 0
Grain 16 0 1 0 0
Grain 17 0.3760628 -0.9250176 0.05402851 0.0003480799
Grain 18 0.1459543 -0.9122326 -0.3752675 -0.0755207
Grain 19 0.1445204 -0.9101656 -0.1557842 0.3555892
Guest-1 ori 6654.353 6661.896
Grain 0 0 1 0 0
Grain 1 0 1 0 0
Grain 2 0 1 0 0
Grain 3 0.03790994 -0.9200673 -0.3892267 0.02327094
Grain 4 0 1 0 0
Grain 5 0 1 0 0
Grain 6 0 1 0 0
Grain 7 0 1 0 0
Grain 8 0 1 0 0
Grain 9 0 1 0 0
Grain 10 0.008793972 0.9998607 0.0135554 0.004189681
Grain 11 0 1 0 0
Grain 12 0 1 0 0
Grain 13 0 1 0 0
Grain 14 0 1 0 0
Grain 15 0 1 0 0
Grain 16 0 1 0 0
Grain 17 0.3760628 -0.9250176 0.05402851 0.0003480799
Grain 18 0.1459543 -0.9122326 -0.3752675 -0.0755207
Grain 19 0.1445204 -0.9101656 -0.1557842 0.3555892
Guest-1 ori 6665.095 6665.23
Grain 0 0 1 0 0
Grain 1 0 1 0 0
Grain 2 0 1 0 0
Grain 3 0.03790994 -0.9200673 -0.3892267 0.02327094
Grain 4 0 1 0 0
Grain 5 0 1 0 0
Grain 6 0 1 0 0
Grain 7 0 1 0 0
Grain 8 0 1 0 0
Grain 9 0 1 0 0
Grain 10 0.008793972 0.9998607 0.0135554 0.004189681
Grain 11 0 1 0 0
Grain 12 0 1 0 0
Grain 13 0 1 0 0
Grain 14 0 1 0 0
Grain 15 0 1 0 0
Grain 16 0 1 0 0
Grain 17 0.3760628 -0.9250176 0.05402851 0.0003480799
Grain 18 0.1459543 -0.9122326 -0.3752675 -0.0755207
Grain 19 0.1445204 -0.9101656 -0.1557842 0.3555892
Guest-1 ori 6671.54 6675.055
Grain 0 0 1 0 0
Grain 1 0 1 0 0
Grain 2 0 1 0 0
Grain 3 0.04165619 -0.9205571 -0.3877773 0.02163859
Grain 4 0 1 0 0
Grain 5 0 1 0 0
Grain 6 0 1 0 0
Grain 7 0 1 0 0
Grain 8 0 1 0 0
Grain 9 0 1 0 0
Grain 10 0.008793972 0.9998607 0.0135554 0.004189681
Grain 11 0 1 0 0
Grain 12 0 1 0 0
Grain 13 0 1 0 0
Grain 14 0 1 0 0
Grain 15 0.10893 0.9939709 0.0001797773 -0.01249468
Grain 16 0 1 0 0
Grain 17 0.3760628 -0.9250176 0.05402851 0.0003480799
Grain 18 0.1459543 -0.9122326 -0.3752675 -0.0755207
Grain 19 0.1445204 -0.9101656 -0.1557842 0.3555892
Guest-1 ori 6684.364 6688.609
Grain 0 0 1 0 0
Grain 1 0 1 0 0
Grain 2 0 1 0 0
Grain 3 0.04165619 -0.9205571 -0.3877773 0.02163859
Grain 4 0 1 0 0
Grain 5 0 1 0 0
Grain 6 0 1 0 0
Grain 7 0.02436728 -0.9995719 -0.01407652 0.008016109
Grain 8 0 1 0 0
Grain 9 0 1 0 0
Grain 10 0.008793972 0.9998607 0.0135554 0.004189681
Grain 11 0 1 0 0
Grain 12 0 1 0 0
Grain 13 0 1 0 0
Grain 14 0 1 0 0
Grain 15 0.10893 0.9939709 0.0001797773 -0.01249468
Grain 16 0 1 0 0
Grain 17 0.3760628 -0.9250176 0.05402851 0.0003480799
Grain 18 0.1459543 -0.9122326 -0.3752675 -0.0755207
Grain 19 0.1445204 -0.9101656 -0.1557842 0.3555892
Guest-1 ori 6699.151 6702.548
Grain 0 0 1 0 0
Grain 1 0 1 0 0
Grain 2 0 1 0 0
Grain 3 0.04165619 -0.9205571 -0.3877773 0.02163859
Grain 4 0 1 0 0
Grain 5 0 1 0 0
Grain 6 0 1 0 0
Grain 7 0.02436728 -0.9995719 -0.01407652 0.008016109
Grain 8 0 1 0 0
Grain 9 0 1 0 0
Grain 10 0.008793972 0.9998607 0.0135554 0.004189681
Grain 11 0 1 0 0
Grain 12 0 1 0 0
Grain 13 0.0345523 0.9991915 0.01865434 0.008633673
Grain 14 0 1 0 0
Grain 15 0.10893 0.9939709 0.0001797773 -0.01249468
Grain 16 0 1 0 0
Grain 17 0.3760628 -0.9250176 0.05402851 0.0003480799
Grain 18 0.1459543 -0.9122326 -0.3752675 -0.0755207
Grain 19 0.1445204 -0.9101656 -0.1557842 0.3555892
Guest-1 ori 6713.454 6719.503
Grain 0 0 1 0 0
Grain 1 0 1 0 0
Grain 2 0 1 0 0
Grain 3 0.04165619 -0.9205571 -0.3877773 0.02163859
Grain 4 0 1 0 0
Grain 5 0 1 0 0
Grain 6 0.001012329 -0.999981 0.004332404 0.004275719
Grain 7 0.02436728 -0.9995719 -0.01407652 0.008016109
Grain 8 0 1 0 0
Grain 9 0 1 0 0
Grain 10 0.008793972 0.9998607 0.0135554 0.004189681
Grain 11 0 1 0 0
Grain 12 0 1 0 0
Grain 13 0.0345523 0.9991915 0.01865434 0.008633673
Grain 14 0 1 0 0
Grain 15 0.10893 0.9939709 0.0001797773 -0.01249468
Grain 16 0 1 0 0
Grain 17 0.3760628 -0.9250176 0.05402851 0.0003480799
Grain 18 0.1459543 -0.9122326 -0.3752675 -0.0755207
Grain 19 0.1445204 -0.9101656 -0.1557842 0.3555892
Guest-1 ori 6719.933 6728.425
Grain 0 0 1 0 0
Grain 1 0 1 0 0
Grain 2 0 1 0 0
Grain 3 0.04165619 -0.9205571 -0.3877773 0.02163859
Grain 4 0 1 0 0
Grain 5 0 1 0 0
Grain 6 -0.1367518 0.5905814 0.7487009 -0.2682526
Grain 7 0.02436728 -0.9995719 -0.01407652 0.008016109
Grain 8 0 1 0 0
Grain 9 0 1 0 0
Grain 10 0.008793972 0.9998607 0.0135554 0.004189681
Grain 11 0 1 0 0
Grain 12 0 1 0 0
Grain 13 0.0345523 0.9991915 0.01865434 0.008633673
Grain 14 0 1 0 0
Grain 15 0.10893 0.9939709 0.0001797773 -0.01249468
Grain 16 0 1 0 0
Grain 17 0.3760628 -0.9250176 0.05402851 0.0003480799
Grain 18 0.1459543 -0.9122326 -0.3752675 -0.0755207
Grain 19 0.1445204 -0.9101656 -0.1557842 0.3555892
Guest-1 ori 6741.433 6744.729
Grain 0 0 1 0 0
Grain 1 0 1 0 0
Grain 2 0 1 0 0
Grain 3 0.04165619 -0.9205571 -0.3877773 0.02163859
Grain 4 0 1 0 0
Grain 5 0 1 0 0
Grain 6 -0.1392464 0.5917299 0.7464259 -0.2707667
Grain 7 0.02436728 -0.9995719 -0.01407652 0.008016109
Grain 8 0 1 0 0
Grain 9 0 1 0 0
Grain 10 0.008793972 0.9998607 0.0135554 0.004189681
Grain 11 0 1 0 0
Grain 12 0 1 0 0
Grain 13 0.0345523 0.9991915 0.01865434 0.008633673
Grain 14 0 1 0 0
Grain 15 0.2586634 0.8989671 -0.3532803 0.01202337
Grain 16 0 1 0 0
Grain 17 0.3760628 -0.9250176 0.05402851 0.0003480799
Grain 18 0.1459543 -0.9122326 -0.3752675 -0.0755207
Grain 19 0.1445204 -0.9101656 -0.1557842 0.3555892
Guest-1 ori 6760.785 6764.699
Grain 0 0 1 0 0
Grain 1 0 1 0 0
Grain 2 0 1 0 0
Grain 3 0.04165619 -0.9205571 -0.3877773 0.02163859
Grain 4 0 1 0 0
Grain 5 0 1 0 0
Grain 6 -0.1392464 0.5917299 0.7464259 -0.2707667
Grain 7 0.1298089 -0.9905096 0.04511978 0.002175101
Grain 8 0 1 0 0
Grain 9 0 1 0 0
Grain 10 0.008793972 0.9998607 0.0135554 0.004189681
Grain 11 0 1 0 0
Grain 12 0 1 0 0
Grain 13 0.0345523 0.9991915 0.01865434 0.008633673
Grain 14 0 1 0 0
Grain 15 0.2546785 0.902729 -0.3465026 0.01245779
Grain 16 0 1 0 0
Grain 17 0.3760628 -0.9250176 0.05402851 0.0003480799
Grain 18 0.1459543 -0.9122326 -0.3752675 -0.0755207
Grain 19 0.1445204 -0.9101656 -0.1557842 0.3555892
Guest-1 ori 6774.257 6775.521
Grain 0 0 1 0 0
Grain 1 0 1 0 0
Grain 2 0 1 0 0
Grain 3 0.04165619 -0.9205571 -0.3877773 0.02163859
Grain 4 0 1 0 0
Grain 5 0 1 0 0
Grain 6 -0.1392464 0.5917299 0.7464259 -0.2707667
Grain 7 0.1298089 -0.9905096 0.04511978 0.002175101
Grain 8 0 1 0 0
Grain 9 0 1 0 0
Grain 10 0.008793972 0.9998607 0.0135554 0.004189681
Grain 11 0.03598391 -0.9876505 0.1522767 -0.007965106
Grain 12 0 1 0 0
Grain 13 0.0345523 0.9991915 0.01865434 0.008633673
Grain 14 0 1 0 0
Grain 15 0.2546785 0.902729 -0.3465026 0.01245779
Grain 16 0 1 0 0
Grain 17 0.3760628 -0.9250176 0.05402851 0.0003480799
Grain 18 0.1459543 -0.9122326 -0.3752675 -0.0755207
Grain 19 0.1445204 -0.9101656 -0.1557842 0.3555892
Guest-1 ori 6780.05 6785.183
Grain 0 0 1 0 0
Grain 1 0 1 0 0
Grain 2 0 1 0 0
Grain 3 0.04165619 -0.9205571 -0.3877773 0.02163859
Grain 4 0 1 0 0
Grain 5 0 1 0 0
Grain 6 -0.1392464 0.5917299 0.7464259 -0.2707667
Grain 7 0.1298089 -0.9905096 0.04511978 0.002175101
Grain 8 0 1 0 0
Grain 9 0 1 0 0
Grain 10 0.008793972 0.9998607 0.0135554 0.004189681
Grain 11 0.006063403 -0.9962474 0.08133182 -0.02897375
Grain 12 0 1 0 0
Grain 13 0.0345523 0.9991915 0.01865434 0.008633673
Grain 14 0 1 0 0
Grain 15 0.2546785 0.902729 -0.3465026 0.01245779
Grain 16 0 1 0 0
Grain 17 0.3760628 -0.9250176 0.05402851 0.0003480799
Grain 18 0.1459543 -0.9122326 -0.3752675 -0.0755207
Grain 19 0.1445204 -0.9101656 -0.1557842 0.3555892
Guest-1 ori 6796.871 6800.169
Grain 0 0.299127 0.9510573 -0.07752031 0.001932478
Grain 1 0 1 0 0
Grain 2 0 1 0 0
Grain 3 0.04165619 -0.9205571 -0.3877773 0.02163859
Grain 4 0 1 0 0
Grain 5 0 1 0 0
Grain 6 -0.1392464 0.5917299 0.7464259 -0.2707667
Grain 7 0.1298089 -0.9905096 0.04511978 0.002175101
Grain 8 0 1 0 0
Grain 9 0 1 0 0
Grain 10 0.008793972 0.9998607 0.0135554 0.004189681
Grain 11 0.006063403 -0.9962474 0.08133182 -0.02897375
Grain 12 0 1 0 0
Grain 13 0.0345523 0.9991915 0.01865434 0.008633673
Grain 14 0 1 0 0
Grain 15 0.2546785 0.902729 -0.3465026 0.01245779
Grain 16 0 1 0 0
Grain 17 0.3760628 -0.9250176 0.05402851 0.0003480799
Grain 18 0.1459543 -0.9122326 -0.3752675 -0.0755207
Grain 19 0.1445204 -0.9101656 -0.1557842 0.3555892
Guest-1 ori 6804.115 6808.363
Grain 0 0.3446615 0.9173906 0.1973096 -0.02592265
Grain 1 0 1 0 0
Grain 2 0 1 0 0
Grain 3 0.04165619 -0.9205571 -0.3877773 0.02163859
Grain 4 0 1 0 0
Grain 5 0 1 0 0
Grain 6 -0.1392464 0.5917299 0.7464259 -0.2707667
Grain 7 0.1298089 -0.9905096 0.04511978 0.002175101
Grain 8 0 1 0 0
Grain 9 0 1 0 0
Grain 10 0.008793972 0.9998607 0.0135554 0.004189681
Grain 11 0.006063403 -0.9962474 0.08133182 -0.02897375
Grain 12 0 1 0 0
Grain 13 0.0345523 0.9991915 0.01865434 0.008633673
Grain 14 0 1 0 0
Grain 15 0.2546785 0.902729 -0.3465026 0.01245779
Grain 16 0 1 0 0
Grain 17 0.3760628 -0.9250176 0.05402851 0.0003480799
Grain 18 0.1459543 -0.9122326 -0.3752675 -0.0755207
Grain 19 0.1445204 -0.9101656 -0.1557842 0.3555892
Guest-1 ori 6818.302 6823.284
Grain 0 0.3446615 0.9173906 0.1973096 -0.02592265
Grain 1 0 1 0 0
Grain 2 0 1 0 0
Grain 3 0.04165619 -0.9205571 -0.3877773 0.02163859
Grain 4 0 1 0 0
Grain 5 0 1 0 0
Grain 6 -0.1392464 0.5917299 0.7464259 -0.2707667
Grain 7 0.1298089 -0.9905096 0.04511978 0.002175101
Grain 8 0 1 0 0
Grain 9 0 1 0 0
Grain 10 0.008793972 0.9998607 0.0135554 0.004189681
Grain 11 0.006063403 -0.9962474 0.08133182 -0.02897375
Grain 12 0 1 0 0
Grain 13 0.3440358 0.9327946 -0.09883623 -0.04201267
Grain 14 0 1 0 0
Grain 15 0.2546785 0.902729 -0.3465026 0.01245779
Grain 16 0 1 0 0
Grain 17 0.3760628 -0.9250176 0.05402851 0.0003480799
Grain 18 0.1459543 -0.9122326 -0.3752675 -0.0755207
Grain 19 0.1445204 -0.9101656 -0.1557842 0.3555892
Guest-1 ori 6838.72 6843.55
Grain 0 0.3446615 0.9173906 0.1973096 -0.02592265
Grain 1 0.4558612 0.8386443 -0.2980233 0.006961346
Grain 2 0 1 0 0
Grain 3 0.04165619 -0.9205571 -0.3877773 0.02163859
Grain 4 0 1 0 0
Grain 5 0 1 0 0
Grain 6 -0.1392464 0.5917299 0.7464259 -0.2707667
Grain 7 0.1298089 -0.9905096 0.04511978 0.002175101
Grain 8 0 1 0 0
Grain 9 0 1 0 0
Grain 10 0.008793972 0.9998607 0.0135554 0.004189681
Grain 11 0.006063403 -0.9962474 0.08133182 -0.02897375
Grain 12 0 1 0 0
Grain 13 0.3474042 0.9318406 -0.09654795 -0.04076887
Grain 14 0 1 0 0
Grain 15 0.2546785 0.902729 -0.3465026 0.01245779
Grain 16 0 1 0 0
Grain 17 0.3760628 -0.9250176 0.05402851 0.0003480799
Grain 18 0.1459543 -0.9122326 -0.3752675 -0.0755207
Grain 19 0.1445204 -0.9101656 -0.1557842 0.3555892
Guest-1 ori 7167.818 7167.899
Grain 0 0.3446615 0.9173906 0.1973096 -0.02592265
Grain 1 0.4527924 0.8410127 -0.2960203 0.006979197
Grain 2 0 1 0 0
Grain 3 0.04165619 -0.9205571 -0.3877773 0.02163859
Grain 4 0 1 0 0
Grain 5 0 1 0 0
Grain 6 -0.1392464 0.5917299 0.7464259 -0.2707667
Grain 7 0.1298089 -0.9905096 0.04511978 0.002175101
Grain 8 0 1 0 0
Grain 9 0 1 0 0
Grain 10 0.008793972 0.9998607 0.0135554 0.004189681
Grain 11 0.006063403 -0.9962474 0.08133182 -0.02897375
Grain 12 0 1 0 0
Grain 13 0.3474042 0.9318406 -0.09654795 -0.04076887
Grain 14 0 1 0 0
Grain 15 0.2546785 0.902729 -0.3465026 0.01245779
Grain 16 0 1 0 0
Grain 17 0.3760628 -0.9250176 0.05402851 0.0003480799
Grain 18 0.1459543 -0.9122326 -0.3752675 -0.0755207
Grain 19 0.1445204 -0.9101656 -0.1557842 0.3555892
