Guest-1 ori 975.9112 985.3713
Grain 0 0 1 0 0
Grain 1 0 1 0 0
Grain 2 0 1 0 0
Grain 3 0 1 0 0
Grain 4 0 1 0 0
Grain 5 0 1 0 0
Grain 6 0 1 0 0
Grain 7 0 1 0 0
Grain 8 0 1 0 0
Grain 9 0 1 0 0
Grain 10 0 1 0 0
Grain 11 0 1 0 0
Grain 12 0 1 0 0
Grain 13 0 1 0 0
Grain 14 0 1 0 0
Grain 15 0 1 0 0
Grain 16 0 1 0 0
Grain 17 0 1 0 0
Grain 18 0 1 0 0
Grain 19 0.03764516 0.9110709 -0.04316434 -0.4082517
Guest-1 ori 986.0353 987.1376
Grain 0 0 1 0 0
Grain 1 0 1 0 0
Grain 2 0 1 0 0
Grain 3 0 1 0 0
Grain 4 0 1 0 0
Grain 5 0 1 0 0
Grain 6 0 1 0 0
Grain 7 0 1 0 0
Grain 8 0 1 0 0
Grain 9 0 1 0 0
Grain 10 0 1 0 0
Grain 11 0 1 0 0
Grain 12 0 1 0 0
Grain 13 0 1 0 0
Grain 14 0 1 0 0
Grain 15 0 1 0 0
Grain 16 0 1 0 0
Grain 17 0 1 0 0
Grain 18 0 1 0 0
Grain 19 -0.02035809 0.8194779 0.08363693 -0.5666097
Guest-1 ori 988.1368 989.136
Grain 0 0 1 0 0
Grain 1 0 1 0 0
Grain 2 0 1 0 0
Grain 3 0 1 0 0
Grain 4 0 1 0 0
Grain 5 0 1 0 0
Grain 6 0 1 0 0
Grain 7 0 1 0 0
Grain 8 0 1 0 0
Grain 9 0 1 0 0
Grain 10 0 1 0 0
Grain 11 0 1 0 0
Grain 12 0 1 0 0
Grain 13 0 1 0 0
Grain 14 0 1 0 0
Grain 15 0 1 0 0
Grain 16 0 1 0 0
Grain 17 0 1 0 0
Grain 18 0 1 0 0
Grain 19 0.04835818 0.9240056 -0.06306834 -0.3740289
Guest-1 OptGrain 19 306 20.49752 30.80871
Grain 0 0 1 0 0
Grain 1 0 1 0 0
Grain 2 0 1 0 0
Grain 3 0 1 0 0
Grain 4 0 1 0 0
Grain 5 0 1 0 0
Grain 6 0 1 0 0
Grain 7 0 1 0 0
Grain 8 0 1 0 0
Grain 9 0 1 0 0
Grain 10 0 1 0 0
Grain 11 0 1 0 0
Grain 12 0 1 0 0
Grain 13 0 1 0 0
Grain 14 0 1 0 0
Grain 15 0 1 0 0
Grain 16 0 1 0 0
Grain 17 0 1 0 0
Grain 18 0 1 0 0
Grain 19 0.100606 0.8578212 -0.3594666 -0.3532778
Guest-1 ori 1016.78 1017.429
Grain 0 0 1 0 0
Grain 1 0.1187178 0.9411391 0.3163735 0.008431894
Grain 2 0 1 0 0
Grain 3 0 1 0 0
Grain 4 0 1 0 0
Grain 5 0 1 0 0
Grain 6 0 1 0 0
Grain 7 0 1 0 0
Grain 8 0 1 0 0
Grain 9 0 1 0 0
Grain 10 0 1 0 0
Grain 11 0 1 0 0
Grain 12 0 1 0 0
Grain 13 0 1 0 0
Grain 14 0 1 0 0
Grain 15 0 1 0 0
Grain 16 0 1 0 0
Grain 17 0 1 0 0
Grain 18 0 1 0 0
Grain 19 -0.09622282 -0.8617437 0.3488631 0.3555749
Guest-1 ori 1021.639 1024.306
Grain 0 0 1 0 0
Grain 1 -0.05950348 0.5829424 0.6037153 -0.5405233
Grain 2 0 1 0 0
Grain 3 0 1 0 0
Grain 4 0 1 0 0
Grain 5 0 1 0 0
Grain 6 0 1 0 0
Grain 7 0 1 0 0
Grain 8 0 1 0 0
Grain 9 0 1 0 0
Grain 10 0 1 0 0
Grain 11 0 1 0 0
Grain 12 0 1 0 0
Grain 13 0 1 0 0
Grain 14 0 1 0 0
Grain 15 0 1 0 0
Grain 16 0 1 0 0
Grain 17 0 1 0 0
Grain 18 0 1 0 0
Grain 19 -0.09622282 -0.8617437 0.3488631 0.3555749
Guest-1 ori 1028.02 1037.479
Grain 0 0 1 0 0
Grain 1 0.4247085 -0.4416095 -0.7680855 0.1861407
Grain 2 0 1 0 0
Grain 3 0 1 0 0
Grain 4 0 1 0 0
Grain 5 0 1 0 0
Grain 6 0 1 0 0
Grain 7 0 1 0 0
Grain 8 0 1 0 0
Grain 9 0 1 0 0
Grain 10 0 1 0 0
Grain 11 0 1 0 0
Grain 12 0 1 0 0
Grain 13 0 1 0 0
Grain 14 0 1 0 0
Grain 15 0 1 0 0
Grain 16 0 1 0 0
Grain 17 0 1 0 0
Grain 18 0 1 0 0
Grain 19 -0.09622282 -0.8617437 0.3488631 0.3555749
Guest-1 ori 1047.202 1047.47
Grain 0 0 1 0 0
Grain 1 0.3863748 -0.4476459 -0.790163 0.1611531
Grain 2 0 1 0 0
Grain 3 0 1 0 0
Grain 4 0 1 0 0
Grain 5 0 1 0 0
Grain 6 0 1 0 0
Grain 7 0 1 0 0
Grain 8 0 1 0 0
Grain 9 0 1 0 0
Grain 10 0 1 0 0
Grain 11 0 1 0 0
Grain 12 0 1 0 0
Grain 13 0 1 0 0
Grain 14 0 1 0 0
Grain 15 0 1 0 0
Grain 16 0 1 0 0
Grain 17 0 1 0 0
Grain 18 0 1 0 0
Grain 19 -0.09622282 -0.8617437 0.3488631 0.3555749
Guest-1 OptGrain 1 78 52.20039 55.97178
Grain 0 0 1 0 0
Grain 1 0.4037242 -0.3985844 -0.8173136 0.1006765
Grain 2 0 1 0 0
Grain 3 0 1 0 0
Grain 4 0 1 0 0
Grain 5 0 1 0 0
Grain 6 0 1 0 0
Grain 7 0 1 0 0
Grain 8 0 1 0 0
Grain 9 0 1 0 0
Grain 10 0 1 0 0
Grain 11 0 1 0 0
Grain 12 0 1 0 0
Grain 13 0 1 0 0
Grain 14 0 1 0 0
Grain 15 0 1 0 0
Grain 16 0 1 0 0
Grain 17 0 1 0 0
Grain 18 0 1 0 0
Grain 19 -0.09622282 -0.8617437 0.3488631 0.3555749
Guest-1 OptGrain 1 54 53.30511 55.97178
Grain 0 0 1 0 0
Grain 1 0.4037242 -0.3985844 -0.8173136 0.1006765
Grain 2 0 1 0 0
Grain 3 0 1 0 0
Grain 4 0 1 0 0
Grain 5 0 1 0 0
Grain 6 0 1 0 0
Grain 7 0 1 0 0
Grain 8 0 1 0 0
Grain 9 0 1 0 0
Grain 10 0 1 0 0
Grain 11 0 1 0 0
Grain 12 0 1 0 0
Grain 13 0 1 0 0
Grain 14 0 1 0 0
Grain 15 0 1 0 0
Grain 16 0 1 0 0
Grain 17 0 1 0 0
Grain 18 0 1 0 0
Grain 19 -0.09622282 -0.8617437 0.3488631 0.3555749
Guest-1 ori 1053.696 1053.813
Grain 0 0 1 0 0
Grain 1 0.4037242 -0.3985844 -0.8173136 0.1006765
Grain 2 0 1 0 0
Grain 3 0 1 0 0
Grain 4 0 1 0 0
Grain 5 0 1 0 0
Grain 6 0 1 0 0
Grain 7 0 1 0 0
Grain 8 0 1 0 0
Grain 9 0 1 0 0
Grain 10 0 1 0 0
Grain 11 0 1 0 0
Grain 12 0 1 0 0
Grain 13 0 1 0 0
Grain 14 0 1 0 0
Grain 15 0 1 0 0
Grain 16 0 1 0 0
Grain 17 0 1 0 0
Grain 18 0 1 0 0
Grain 19 -0.09622282 -0.8617437 0.3488631 0.3555749
Guest-1 ori 1066.888 1071.951
Grain 0 0 1 0 0
Grain 1 0.398278 -0.4197868 -0.8084134 0.1078026
Grain 2 0 1 0 0
Grain 3 0 1 0 0
Grain 4 0 1 0 0
Grain 5 0.2893588 -0.896323 0.1831622 0.2816527
Grain 6 0 1 0 0
Grain 7 0 1 0 0
Grain 8 0 1 0 0
Grain 9 0 1 0 0
Grain 10 0 1 0 0
Grain 11 0 1 0 0
Grain 12 0 1 0 0
Grain 13 0 1 0 0
Grain 14 0 1 0 0
Grain 15 0 1 0 0
Grain 16 0 1 0 0
Grain 17 0 1 0 0
Grain 18 0 1 0 0
Grain 19 -0.09622282 -0.8617437 0.3488631 0.3555749
Guest-1 OptGrain 5 96 70.73703 73.50001
Grain 0 0 1 0 0
Grain 1 0.398278 -0.4197868 -0.8084134 0.1078026
Grain 2 0 1 0 0
Grain 3 0 1 0 0
Grain 4 0 1 0 0
Grain 5 0.3188211 -0.8600235 0.1790539 0.3558828
Grain 6 0 1 0 0
Grain 7 0 1 0 0
Grain 8 0 1 0 0
Grain 9 0 1 0 0
Grain 10 0 1 0 0
Grain 11 0 1 0 0
Grain 12 0 1 0 0
Grain 13 0 1 0 0
Grain 14 0 1 0 0
Grain 15 0 1 0 0
Grain 16 0 1 0 0
Grain 17 0 1 0 0
Grain 18 0 1 0 0
Grain 19 -0.09622282 -0.8617437 0.3488631 0.3555749
Guest-1 ori 1087.621 1093.133
Grain 0 0 1 0 0
Grain 1 0.398278 -0.4197868 -0.8084134 0.1078026
Grain 2 0 1 0 0
Grain 3 0 1 0 0
Grain 4 0 1 0 0
Grain 5 0.3219148 -0.8584281 0.1865522 0.3530869
Grain 6 0 1 0 0
Grain 7 0 1 0 0
Grain 8 0 1 0 0
Grain 9 0 1 0 0
Grain 10 0 1 0 0
Grain 11 0 1 0 0
Grain 12 0 1 0 0
Grain 13 0 1 0 0
Grain 14 0 1 0 0
Grain 15 0.1913549 0.8573015 -0.3922451 0.2730592
Grain 16 0 1 0 0
Grain 17 0 1 0 0
Grain 18 0 1 0 0
Grain 19 -0.09622282 -0.8617437 0.3488631 0.3555749
Guest-1 OptGrain 15 60 87.38567 88.66952
Grain 0 0 1 0 0
Grain 1 0.398278 -0.4197868 -0.8084134 0.1078026
Grain 2 0 1 0 0
Grain 3 0 1 0 0
Grain 4 0 1 0 0
Grain 5 0.3219148 -0.8584281 0.1865522 0.3530869
Grain 6 0 1 0 0
Grain 7 0 1 0 0
Grain 8 0 1 0 0
Grain 9 0 1 0 0
Grain 10 0 1 0 0
Grain 11 0 1 0 0
Grain 12 0 1 0 0
Grain 13 0 1 0 0
Grain 14 0 1 0 0
Grain 15 0.2242314 0.8604155 -0.3557162 0.2878739
Grain 16 0 1 0 0
Grain 17 0 1 0 0
Grain 18 0 1 0 0
Grain 19 -0.09622282 -0.8617437 0.3488631 0.3555749
Guest-1 ori 1117.294 1125.907
Grain 0 0 1 0 0
Grain 1 0.398278 -0.4197868 -0.8084134 0.1078026
Grain 2 0 1 0 0
Grain 3 0 1 0 0
Grain 4 0 1 0 0
Grain 5 0.3219148 -0.8584281 0.1865522 0.3530869
Grain 6 0 1 0 0
Grain 7 0.1749467 0.9411415 -0.2003132 -0.2086167
Grain 8 0 1 0 0
Grain 9 0 1 0 0
Grain 10 0 1 0 0
Grain 11 0 1 0 0
Grain 12 0 1 0 0
Grain 13 0 1 0 0
Grain 14 0 1 0 0
Grain 15 0.2129977 0.864046 -0.356832 0.2841257
Grain 16 0 1 0 0
Grain 17 0 1 0 0
Grain 18 0 1 0 0
Grain 19 -0.09622282 -0.8617437 0.3488631 0.3555749
Guest-1 ori 1130.333 1135.648
Grain 0 0 1 0 0
Grain 1 0.398278 -0.4197868 -0.8084134 0.1078026
Grain 2 0 1 0 0
Grain 3 0 1 0 0
Grain 4 0 1 0 0
Grain 5 0.3219148 -0.8584281 0.1865522 0.3530869
Grain 6 0 1 0 0
Grain 7 0.07839987 0.9481476 0.08626892 -0.2956811
Grain 8 0 1 0 0
Grain 9 0 1 0 0
Grain 10 0 1 0 0
Grain 11 0 1 0 0
Grain 12 0 1 0 0
Grain 13 0 1 0 0
Grain 14 0 1 0 0
Grain 15 0.2129977 0.864046 -0.356832 0.2841257
Grain 16 0 1 0 0
Grain 17 0 1 0 0
Grain 18 0 1 0 0
Grain 19 -0.09622282 -0.8617437 0.3488631 0.3555749
Guest-1 ori 1143.241 1147.304
Grain 0 0 1 0 0
Grain 1 0.398278 -0.4197868 -0.8084134 0.1078026
Grain 2 0 1 0 0
Grain 3 0 1 0 0
Grain 4 0 1 0 0
Grain 5 0.3219148 -0.8584281 0.1865522 0.3530869
Grain 6 0 1 0 0
Grain 7 0.07839987 0.9481476 0.08626892 -0.2956811
Grain 8 0 1 0 0
Grain 9 0 1 0 0
Grain 10 0 1 0 0
Grain 11 0.1491164 0.7748128 -0.340219 0.5115473
Grain 12 0 1 0 0
Grain 13 0 1 0 0
Grain 14 0 1 0 0
Grain 15 0.2129977 0.864046 -0.356832 0.2841257
Grain 16 0 1 0 0
Grain 17 0 1 0 0
Grain 18 0 1 0 0
Grain 19 -0.09622282 -0.8617437 0.3488631 0.3555749
Guest-1 ori 1149.102 1149.202
Grain 0 0 1 0 0
Grain 1 0.398278 -0.4197868 -0.8084134 0.1078026
Grain 2 0 1 0 0
Grain 3 0 1 0 0
Grain 4 0 1 0 0
Grain 5 0.3219148 -0.8584281 0.1865522 0.3530869
Grain 6 0 1 0 0
Grain 7 0.07839987 0.9481476 0.08626892 -0.2956811
Grain 8 0 1 0 0
Grain 9 0 1 0 0
Grain 10 0 1 0 0
Grain 11 0.1535747 0.7718143 -0.3469675 0.5102265
Grain 12 0 1 0 0
Grain 13 0 1 0 0
Grain 14 0 1 0 0
Grain 15 0.2129977 0.864046 -0.356832 0.2841257
Grain 16 0 1 0 0
Grain 17 0 1 0 0
Grain 18 0 1 0 0
Grain 19 -0.09622282 -0.8617437 0.3488631 0.3555749
Guest-1 OptGrain 11 150 132.4608 135.9404
Grain 0 0 1 0 0
Grain 1 0.398278 -0.4197868 -0.8084134 0.1078026
Grain 2 0 1 0 0
Grain 3 0 1 0 0
Grain 4 0 1 0 0
Grain 5 0.3219148 -0.8584281 0.1865522 0.3530869
Grain 6 0 1 0 0
Grain 7 0.07839987 0.9481476 0.08626892 -0.2956811
Grain 8 0 1 0 0
Grain 9 0 1 0 0
Grain 10 0 1 0 0
Grain 11 0.08301701 0.7976483 -0.4246214 0.4201931
Grain 12 0 1 0 0
Grain 13 0 1 0 0
Grain 14 0 1 0 0
Grain 15 0.2129977 0.864046 -0.356832 0.2841257
Grain 16 0 1 0 0
Grain 17 0 1 0 0
Grain 18 0 1 0 0
Grain 19 -0.09622282 -0.8617437 0.3488631 0.3555749
Guest-1 ori 1164.442 1179.677
Grain 0 0 1 0 0
Grain 1 0.398278 -0.4197868 -0.8084134 0.1078026
Grain 2 0 1 0 0
Grain 3 0 1 0 0
Grain 4 0 1 0 0
Grain 5 0.3219148 -0.8584281 0.1865522 0.3530869
Grain 6 0 1 0 0
Grain 7 0.06554322 0.7236972 0.4388872 -0.5285305
Grain 8 0 1 0 0
Grain 9 0 1 0 0
Grain 10 0 1 0 0
Grain 11 0.08623382 0.7932287 -0.421586 0.4308332
Grain 12 0 1 0 0
Grain 13 0 1 0 0
Grain 14 0 1 0 0
Grain 15 0.2129977 0.864046 -0.356832 0.2841257
Grain 16 0 1 0 0
Grain 17 0 1 0 0
Grain 18 0 1 0 0
Grain 19 -0.09622282 -0.8617437 0.3488631 0.3555749
Guest-1 ori 1189.234 1192.399
Grain 0 0 1 0 0
Grain 1 0.398278 -0.4197868 -0.8084134 0.1078026
Grain 2 0 1 0 0
Grain 3 0 1 0 0
Grain 4 0 1 0 0
Grain 5 0.3219148 -0.8584281 0.1865522 0.3530869
Grain 6 0 1 0 0
Grain 7 0.06769043 0.6738178 0.6289709 -0.3818158
Grain 8 0 1 0 0
Grain 9 0 1 0 0
Grain 10 0 1 0 0
Grain 11 0.08623382 0.7932287 -0.421586 0.4308332
Grain 12 0 1 0 0
Grain 13 0 1 0 0
Grain 14 0 1 0 0
Grain 15 0.2129977 0.864046 -0.356832 0.2841257
Grain 16 0 1 0 0
Grain 17 0 1 0 0
Grain 18 0 1 0 0
Grain 19 -0.09622282 -0.8617437 0.3488631 0.3555749
Guest-1 OptGrain 7 276 170.0781 176.5978
Grain 0 0 1 0 0
Grain 1 0.398278 -0.4197868 -0.8084134 0.1078026
Grain 2 0 1 0 0
Grain 3 0 1 0 0
Grain 4 0 1 0 0
Grain 5 0.3219148 -0.8584281 0.1865522 0.3530869
Grain 6 0 1 0 0
Grain 7 0.09221563 0.8069258 0.4170116 -0.4080054
Grain 8 0 1 0 0
Grain 9 0 1 0 0
Grain 10 0 1 0 0
Grain 11 0.08623382 0.7932287 -0.421586 0.4308332
Grain 12 0 1 0 0
Grain 13 0 1 0 0
Grain 14 0 1 0 0
Grain 15 0.2129977 0.864046 -0.356832 0.2841257
Grain 16 0 1 0 0
Grain 17 0 1 0 0
Grain 18 0 1 0 0
Grain 19 -0.09622282 -0.8617437 0.3488631 0.3555749
Guest-1 ori 1230.786 1235.298
Grain 0 0 1 0 0
Grain 1 0.398278 -0.4197868 -0.8084134 0.1078026
Grain 2 0 1 0 0
Grain 3 0 1 0 0
Grain 4 0 1 0 0
Grain 5 0.3219148 -0.8584281 0.1865522 0.3530869
Grain 6 0 1 0 0
Grain 7 0.08184309 -0.9119956 -0.1409967 0.3764118
Grain 8 0 1 0 0
Grain 9 0 1 0 0
Grain 10 0 1 0 0
Grain 11 0.08623382 0.7932287 -0.421586 0.4308332
Grain 12 0 1 0 0
Grain 13 0 1 0 0
Grain 14 0 1 0 0
Grain 15 0.2129977 0.864046 -0.356832 0.2841257
Grain 16 0 1 0 0
Grain 17 0 1 0 0
Grain 18 0 1 0 0
Grain 19 -0.09622282 -0.8617437 0.3488631 0.3555749
Guest-1 OptGrain 7 12 207.3892 207.7225
Grain 0 0 1 0 0
Grain 1 0.398278 -0.4197868 -0.8084134 0.1078026
Grain 2 0 1 0 0
Grain 3 0 1 0 0
Grain 4 0 1 0 0
Grain 5 0.3219148 -0.8584281 0.1865522 0.3530869
Grain 6 0 1 0 0
Grain 7 0.07855519 -0.9107304 -0.1489499 0.3771116
Grain 8 0 1 0 0
Grain 9 0 1 0 0
Grain 10 0 1 0 0
Grain 11 0.08623382 0.7932287 -0.421586 0.4308332
Grain 12 0 1 0 0
Grain 13 0 1 0 0
Grain 14 0 1 0 0
Grain 15 0.2129977 0.864046 -0.356832 0.2841257
Grain 16 0 1 0 0
Grain 17 0 1 0 0
Grain 18 0 1 0 0
Grain 19 -0.09622282 -0.8617437 0.3488631 0.3555749
Guest-1 ori 1251.101 1253.135
Grain 0 0 1 0 0
Grain 1 0.398278 -0.4197868 -0.8084134 0.1078026
Grain 2 0 1 0 0
Grain 3 0 1 0 0
Grain 4 0 1 0 0
Grain 5 0.3219148 -0.8584281 0.1865522 0.3530869
Grain 6 0 1 0 0
Grain 7 0.07855519 -0.9107304 -0.1489499 0.3771116
Grain 8 0 1 0 0
Grain 9 0.3824924 0.864505 -0.3108433 0.09852524
Grain 10 0 1 0 0
Grain 11 0.08623382 0.7932287 -0.421586 0.4308332
Grain 12 0 1 0 0
Grain 13 0 1 0 0
Grain 14 0 1 0 0
Grain 15 0.2129977 0.864046 -0.356832 0.2841257
Grain 16 0 1 0 0
Grain 17 0 1 0 0
Grain 18 0 1 0 0
Grain 19 -0.09622282 -0.8617437 0.3488631 0.3555749
Guest-1 OptGrain 9 72 223.0991 224.6972
Grain 0 0 1 0 0
Grain 1 0.398278 -0.4197868 -0.8084134 0.1078026
Grain 2 0 1 0 0
Grain 3 0 1 0 0
Grain 4 0 1 0 0
Grain 5 0.3219148 -0.8584281 0.1865522 0.3530869
Grain 6 0 1 0 0
Grain 7 0.07855519 -0.9107304 -0.1489499 0.3771116
Grain 8 0 1 0 0
Grain 9 0.3677973 0.8540419 -0.3628505 0.06063948
Grain 10 0 1 0 0
Grain 11 0.08623382 0.7932287 -0.421586 0.4308332
Grain 12 0 1 0 0
Grain 13 0 1 0 0
Grain 14 0 1 0 0
Grain 15 0.2129977 0.864046 -0.356832 0.2841257
Grain 16 0 1 0 0
Grain 17 0 1 0 0
Grain 18 0 1 0 0
Grain 19 -0.09622282 -0.8617437 0.3488631 0.3555749
Guest-1 ori 1288.971 1292.037
Grain 0 0 1 0 0
Grain 1 0.398278 -0.4197868 -0.8084134 0.1078026
Grain 2 0 1 0 0
Grain 3 0 1 0 0
Grain 4 0 1 0 0
Grain 5 0.3219148 -0.8584281 0.1865522 0.3530869
Grain 6 0 1 0 0
Grain 7 0.07855519 -0.9107304 -0.1489499 0.3771116
Grain 8 0 1 0 0
Grain 9 0.3646169 0.8534803 -0.3660459 0.06808992
Grain 10 0.5195451 0.6834388 -0.5125871 -0.01545104
Grain 11 0.08623382 0.7932287 -0.421586 0.4308332
Grain 12 0 1 0 0
Grain 13 0 1 0 0
Grain 14 0 1 0 0
Grain 15 0.2129977 0.864046 -0.356832 0.2841257
Grain 16 0 1 0 0
Grain 17 0 1 0 0
Grain 18 0 1 0 0
Grain 19 -0.09622282 -0.8617437 0.3488631 0.3555749
Guest-1 OptGrain 10 12 258.3102 258.6435
Grain 0 0 1 0 0
Grain 1 0.398278 -0.4197868 -0.8084134 0.1078026
Grain 2 0 1 0 0
Grain 3 0 1 0 0
Grain 4 0 1 0 0
Grain 5 0.3219148 -0.8584281 0.1865522 0.3530869
Grain 6 0 1 0 0
Grain 7 0.07855519 -0.9107304 -0.1489499 0.3771116
Grain 8 0 1 0 0
Grain 9 0.3646169 0.8534803 -0.3660459 0.06808992
Grain 10 0.5150522 0.6835477 -0.5171014 -0.009486401
Grain 11 0.08623382 0.7932287 -0.421586 0.4308332
Grain 12 0 1 0 0
Grain 13 0 1 0 0
Grain 14 0 1 0 0
Grain 15 0.2129977 0.864046 -0.356832 0.2841257
Grain 16 0 1 0 0
Grain 17 0 1 0 0
Grain 18 0 1 0 0
Grain 19 -0.09622282 -0.8617437 0.3488631 0.3555749
Guest-1 ori 1310.769 1318.149
Grain 0 0 1 0 0
Grain 1 0.398278 -0.4197868 -0.8084134 0.1078026
Grain 2 0 1 0 0
Grain 3 0 1 0 0
Grain 4 0 1 0 0
Grain 5 0.3219148 -0.8584281 0.1865522 0.3530869
Grain 6 0 1 0 0
Grain 7 0.07855519 -0.9107304 -0.1489499 0.3771116
Grain 8 0 1 0 0
Grain 9 0.3646169 0.8534803 -0.3660459 0.06808992
Grain 10 0.5150522 0.6835477 -0.5171014 -0.009486401
Grain 11 0.08623382 0.7932287 -0.421586 0.4308332
Grain 12 0.1213605 0.3955178 0.6305535 -0.6566884
Grain 13 0 1 0 0
Grain 14 0 1 0 0
Grain 15 0.2129977 0.864046 -0.356832 0.2841257
Grain 16 0 1 0 0
Grain 17 0 1 0 0
Grain 18 0 1 0 0
Grain 19 -0.09622282 -0.8617437 0.3488631 0.3555749
Guest-1 OptGrain 12 150 276.8134 280.677
Grain 0 0 1 0 0
Grain 1 0.398278 -0.4197868 -0.8084134 0.1078026
Grain 2 0 1 0 0
Grain 3 0 1 0 0
Grain 4 0 1 0 0
Grain 5 0.3219148 -0.8584281 0.1865522 0.3530869
Grain 6 0 1 0 0
Grain 7 0.07855519 -0.9107304 -0.1489499 0.3771116
Grain 8 0 1 0 0
Grain 9 0.3646169 0.8534803 -0.3660459 0.06808992
Grain 10 0.5150522 0.6835477 -0.5171014 -0.009486401
Grain 11 0.08623382 0.7932287 -0.421586 0.4308332
Grain 12 0.005248573 0.5033755 0.5400759 -0.6744654
Grain 13 0 1 0 0
Grain 14 0 1 0 0
Grain 15 0.2129977 0.864046 -0.356832 0.2841257
Grain 16 0 1 0 0
Grain 17 0 1 0 0
Grain 18 0 1 0 0
Grain 19 -0.09622282 -0.8617437 0.3488631 0.3555749
Guest-1 ori 1326.938 1327.059
Grain 0 0 1 0 0
Grain 1 0.398278 -0.4197868 -0.8084134 0.1078026
Grain 2 0 1 0 0
Grain 3 0 1 0 0
Grain 4 0 1 0 0
Grain 5 0.3219148 -0.8584281 0.1865522 0.3530869
Grain 6 0 1 0 0
Grain 7 0.07855519 -0.9107304 -0.1489499 0.3771116
Grain 8 0 1 0 0
Grain 9 0.3646169 0.8534803 -0.3660459 0.06808992
Grain 10 0.5150522 0.6835477 -0.5171014 -0.009486401
Grain 11 0.08623382 0.7932287 -0.421586 0.4308332
Grain 12 0.006700337 0.498619 0.5503133 -0.6696936
Grain 13 0 1 0 0
Grain 14 0 1 0 0
Grain 15 0.2129977 0.864046 -0.356832 0.2841257
Grain 16 0 1 0 0
Grain 17 0 1 0 0
Grain 18 0 1 0 0
Grain 19 -0.09622282 -0.8617437 0.3488631 0.3555749
