Guest-0 ori 1376.243 1383.539
Grain 0 0 1 0 0
Grain 1 0 1 0 0
Grain 2 0 1 0 0
Grain 3 0 1 0 0
Grain 4 0 1 0 0
Grain 5 0 1 0 0
Grain 6 0 1 0 0
Grain 7 0 1 0 0
Grain 8 0 1 0 0
Grain 9 0 1 0 0
Grain 10 0 1 0 0
Grain 11 0 1 0 0
Grain 12 0 1 0 0
Grain 13 0 1 0 0
Grain 14 0 1 0 0
Grain 15 0 1 0 0
Grain 16 0 1 0 0
Grain 17 0 1 0 0
Grain 18 0 1 0 0
Grain 19 0.3423562 0.8830293 0.169125 0.2728522
Guest-0 ori 1403.132 1426.636
Grain 0 0 1 0 0
Grain 1 0 1 0 0
Grain 2 0 1 0 0
Grain 3 0 1 0 0
Grain 4 0 1 0 0
Grain 5 0 1 0 0
Grain 6 0 1 0 0
Grain 7 0 1 0 0
Grain 8 0 1 0 0
Grain 9 0 1 0 0
Grain 10 0 1 0 0
Grain 11 0 1 0 0
Grain 12 0 1 0 0
Grain 13 0.3497549 0.856012 -0.06526683 0.3750404
Grain 14 0 1 0 0
Grain 15 0 1 0 0
Grain 16 0 1 0 0
Grain 17 0 1 0 0
Grain 18 0 1 0 0
Grain 19 0.3426279 0.881795 0.1731467 0.2739779
Guest-0 ori 1433.78 1437.461
Grain 0 0 1 0 0
Grain 1 0 1 0 0
Grain 2 0 1 0 0
Grain 3 0 1 0 0
Grain 4 0 1 0 0
Grain 5 0 1 0 0
Grain 6 0 1 0 0
Grain 7 0 1 0 0
Grain 8 0 1 0 0
Grain 9 0.0692692 -0.9863057 0.1145059 -0.09639202
Grain 10 0 1 0 0
Grain 11 0 1 0 0
Grain 12 0 1 0 0
Grain 13 0.3497549 0.856012 -0.06526683 0.3750404
Grain 14 0 1 0 0
Grain 15 0 1 0 0
Grain 16 0 1 0 0
Grain 17 0 1 0 0
Grain 18 0 1 0 0
Grain 19 0.3426279 0.881795 0.1731467 0.2739779
Guest-0 ori 1444.371 1450.648
Grain 0 0 1 0 0
Grain 1 0 1 0 0
Grain 2 0 1 0 0
Grain 3 0.2166812 -0.8718346 0.3807626 0.2190286
Grain 4 0 1 0 0
Grain 5 0 1 0 0
Grain 6 0 1 0 0
Grain 7 0 1 0 0
Grain 8 0 1 0 0
Grain 9 0.0692692 -0.9863057 0.1145059 -0.09639202
Grain 10 0 1 0 0
Grain 11 0 1 0 0
Grain 12 0 1 0 0
Grain 13 0.3497549 0.856012 -0.06526683 0.3750404
Grain 14 0 1 0 0
Grain 15 0 1 0 0
Grain 16 0 1 0 0
Grain 17 0 1 0 0
Grain 18 0 1 0 0
Grain 19 0.3426279 0.881795 0.1731467 0.2739779
Guest-0 ori 1459.191 1463.67
Grain 0 0 1 0 0
Grain 1 0 1 0 0
Grain 2 0 1 0 0
Grain 3 0.2166812 -0.8718346 0.3807626 0.2190286
Grain 4 0.3056545 -0.8583493 -0.1670566 -0.3767014
Grain 5 0 1 0 0
Grain 6 0 1 0 0
Grain 7 0 1 0 0
Grain 8 0 1 0 0
Grain 9 0.0692692 -0.9863057 0.1145059 -0.09639202
Grain 10 0 1 0 0
Grain 11 0 1 0 0
Grain 12 0 1 0 0
Grain 13 0.3497549 0.856012 -0.06526683 0.3750404
Grain 14 0 1 0 0
Grain 15 0 1 0 0
Grain 16 0 1 0 0
Grain 17 0 1 0 0
Grain 18 0 1 0 0
Grain 19 0.3426279 0.881795 0.1731467 0.2739779
Guest-0 ori 1470.881 1474.63
Grain 0 0 1 0 0
Grain 1 0 1 0 0
Grain 2 0 1 0 0
Grain 3 0.2166812 -0.8718346 0.3807626 0.2190286
Grain 4 0.3056545 -0.8583493 -0.1670566 -0.3767014
Grain 5 0 1 0 0
Grain 6 0 1 0 0
Grain 7 0 1 0 0
Grain 8 0 1 0 0
Grain 9 0.0692692 -0.9863057 0.1145059 -0.09639202
Grain 10 0 1 0 0
Grain 11 0 1 0 0
Grain 12 0 1 0 0
Grain 13 0.3497549 0.856012 -0.06526683 0.3750404
Grain 14 0 1 0 0
Grain 15 0 1 0 0
Grain 16 -0.01605007 -0.8231679 0.4039968 0.3986523
Grain 17 0 1 0 0
Grain 18 0 1 0 0
Grain 19 0.3426279 0.881795 0.1731467 0.2739779
Guest-0 ori 1483.171 1487.886
Grain 0 0 1 0 0
Grain 1 0 1 0 0
Grain 2 0 1 0 0
Grain 3 0.2166812 -0.8718346 0.3807626 0.2190286
Grain 4 0.3056545 -0.8583493 -0.1670566 -0.3767014
Grain 5 0 1 0 0
Grain 6 0 1 0 0
Grain 7 0 1 0 0
Grain 8 0 1 0 0
Grain 9 0.0692692 -0.9863057 0.1145059 -0.09639202
Grain 10 0 1 0 0
Grain 11 0 1 0 0
Grain 12 0 1 0 0
Grain 13 0.3497549 0.856012 -0.06526683 0.3750404
Grain 14 0 1 0 0
Grain 15 0 1 0 0
Grain 16 -0.01310448 -0.8196102 0.4113998 0.3985193
Grain 17 0 1 0 0
Grain 18 0.3767885 0.8977939 0.1982027 0.1127485
Grain 19 0.3426279 0.881795 0.1731467 0.2739779
Guest-0 ori 1492.364 1502.79
Grain 0 0 1 0 0
Grain 1 0 1 0 0
Grain 2 0 1 0 0
Grain 3 0.2166812 -0.8718346 0.3807626 0.2190286
Grain 4 0.3056545 -0.8583493 -0.1670566 -0.3767014
Grain 5 0 1 0 0
Grain 6 0 1 0 0
Grain 7 0.2563378 -0.8722903 0.3361807 -0.24573
Grain 8 0 1 0 0
Grain 9 0.0692692 -0.9863057 0.1145059 -0.09639202
Grain 10 0 1 0 0
Grain 11 0 1 0 0
Grain 12 0 1 0 0
Grain 13 0.3497549 0.856012 -0.06526683 0.3750404
Grain 14 0 1 0 0
Grain 15 0 1 0 0
Grain 16 -0.01310448 -0.8196102 0.4113998 0.3985193
Grain 17 0 1 0 0
Grain 18 0.3767885 0.8977939 0.1982027 0.1127485
Grain 19 0.3426279 0.881795 0.1731467 0.2739779
Guest-0 ori 1507.388 1513.08
Grain 0 0 1 0 0
Grain 1 0 1 0 0
Grain 2 0 1 0 0
Grain 3 0.2166812 -0.8718346 0.3807626 0.2190286
Grain 4 0.3056545 -0.8583493 -0.1670566 -0.3767014
Grain 5 0 1 0 0
Grain 6 0 1 0 0
Grain 7 0.2563378 -0.8722903 0.3361807 -0.24573
Grain 8 0 1 0 0
Grain 9 0.0692692 -0.9863057 0.1145059 -0.09639202
Grain 10 0 1 0 0
Grain 11 0.3436838 0.903405 0.2293203 0.1146869
Grain 12 0 1 0 0
Grain 13 0.3497549 0.856012 -0.06526683 0.3750404
Grain 14 0 1 0 0
Grain 15 0 1 0 0
Grain 16 -0.01310448 -0.8196102 0.4113998 0.3985193
Grain 17 0 1 0 0
Grain 18 0.3767885 0.8977939 0.1982027 0.1127485
Grain 19 0.3426279 0.881795 0.1731467 0.2739779
Guest-0 ori 1518.177 1526.221
Grain 0 0 1 0 0
Grain 1 0 1 0 0
Grain 2 0 1 0 0
Grain 3 0.2166812 -0.8718346 0.3807626 0.2190286
Grain 4 0.3056545 -0.8583493 -0.1670566 -0.3767014
Grain 5 0 1 0 0
Grain 6 0 1 0 0
Grain 7 0.2563378 -0.8722903 0.3361807 -0.24573
Grain 8 0.3205605 0.8529102 0.1843758 0.3684978
Grain 9 0.0692692 -0.9863057 0.1145059 -0.09639202
Grain 10 0 1 0 0
Grain 11 0.3436838 0.903405 0.2293203 0.1146869
Grain 12 0 1 0 0
Grain 13 0.3497549 0.856012 -0.06526683 0.3750404
Grain 14 0 1 0 0
Grain 15 0 1 0 0
Grain 16 -0.01310448 -0.8196102 0.4113998 0.3985193
Grain 17 0 1 0 0
Grain 18 0.3767885 0.8977939 0.1982027 0.1127485
Grain 19 0.3426279 0.881795 0.1731467 0.2739779
Guest-0 ori 1530.457 1537.16
Grain 0 0 1 0 0
Grain 1 0.032622 -0.9941267 0.08614065 0.05681409
Grain 2 0 1 0 0
Grain 3 0.2166812 -0.8718346 0.3807626 0.2190286
Grain 4 0.3056545 -0.8583493 -0.1670566 -0.3767014
Grain 5 0 1 0 0
Grain 6 0 1 0 0
Grain 7 0.2563378 -0.8722903 0.3361807 -0.24573
Grain 8 0.3205605 0.8529102 0.1843758 0.3684978
Grain 9 0.0692692 -0.9863057 0.1145059 -0.09639202
Grain 10 0 1 0 0
Grain 11 0.3436838 0.903405 0.2293203 0.1146869
Grain 12 0 1 0 0
Grain 13 0.3497549 0.856012 -0.06526683 0.3750404
Grain 14 0 1 0 0
Grain 15 0 1 0 0
Grain 16 -0.01310448 -0.8196102 0.4113998 0.3985193
Grain 17 0 1 0 0
Grain 18 0.3767885 0.8977939 0.1982027 0.1127485
Grain 19 0.3426279 0.881795 0.1731467 0.2739779
Guest-0 Undo 0 0
Grain 1 0.032622 -0.9941267 0.08614065 0.05681409
Guest-0 ori 1543.856 1551.733
Grain 0 0 1 0 0
Grain 1 1.910685E-15 1 -4.371139E-08 -4.371139E-08
Grain 2 0.2766852 -0.8726193 0.138147 0.3780163
Grain 3 0.2166812 -0.8718346 0.3807626 0.2190286
Grain 4 0.3056545 -0.8583493 -0.1670566 -0.3767014
Grain 5 0 1 0 0
Grain 6 0 1 0 0
Grain 7 0.2563378 -0.8722903 0.3361807 -0.24573
Grain 8 0.3205605 0.8529102 0.1843758 0.3684978
Grain 9 0.0692692 -0.9863057 0.1145059 -0.09639202
Grain 10 0 1 0 0
Grain 11 0.3436838 0.903405 0.2293203 0.1146869
Grain 12 0 1 0 0
Grain 13 0.3497549 0.856012 -0.06526683 0.3750404
Grain 14 0 1 0 0
Grain 15 0 1 0 0
Grain 16 -0.01310448 -0.8196102 0.4113998 0.3985193
Grain 17 0 1 0 0
Grain 18 0.3767885 0.8977939 0.1982027 0.1127485
Grain 19 0.3426279 0.881795 0.1731467 0.2739779
Guest-0 ori 1553.35 1574.381
Grain 0 0 1 0 0
Grain 1 1.910685E-15 1 -4.371139E-08 -4.371139E-08
Grain 2 0.2725409 -0.8739514 0.1383966 0.3778582
Grain 3 0.2166812 -0.8718346 0.3807626 0.2190286
Grain 4 0.3056545 -0.8583493 -0.1670566 -0.3767014
Grain 5 0 1 0 0
Grain 6 0 1 0 0
Grain 7 0.2563378 -0.8722903 0.3361807 -0.24573
Grain 8 0.3205605 0.8529102 0.1843758 0.3684978
Grain 9 0.0692692 -0.9863057 0.1145059 -0.09639202
Grain 10 0 1 0 0
Grain 11 0.3436838 0.903405 0.2293203 0.1146869
Grain 12 0 1 0 0
Grain 13 0.3497549 0.856012 -0.06526683 0.3750404
Grain 14 0 1 0 0
Grain 15 0 1 0 0
Grain 16 -0.01310448 -0.8196102 0.4113998 0.3985193
Grain 17 0 1 0 0
Grain 18 0.3767885 0.8977939 0.1982027 0.1127485
Grain 19 0.3426279 0.881795 0.1731467 0.2739779
Guest-0 ori 1578.312 1582.224
Grain 0 0 1 0 0
Grain 1 1.910685E-15 1 -4.371139E-08 -4.371139E-08
Grain 2 0.3813443 -0.8025711 0.09054492 0.4497307
Grain 3 0.2166812 -0.8718346 0.3807626 0.2190286
Grain 4 0.3056545 -0.8583493 -0.1670566 -0.3767014
Grain 5 0 1 0 0
Grain 6 0 1 0 0
Grain 7 0.2563378 -0.8722903 0.3361807 -0.24573
Grain 8 0.3205605 0.8529102 0.1843758 0.3684978
Grain 9 0.0692692 -0.9863057 0.1145059 -0.09639202
Grain 10 0 1 0 0
Grain 11 0.3436838 0.903405 0.2293203 0.1146869
Grain 12 0 1 0 0
Grain 13 0.3497549 0.856012 -0.06526683 0.3750404
Grain 14 0 1 0 0
Grain 15 0 1 0 0
Grain 16 -0.01310448 -0.8196102 0.4113998 0.3985193
Grain 17 0 1 0 0
Grain 18 0.3767885 0.8977939 0.1982027 0.1127485
Grain 19 0.3426279 0.881795 0.1731467 0.2739779
Guest-0 ori 1586.571 1598.177
Grain 0 0.01175525 -0.9952841 -0.0406928 0.08726643
Grain 1 1.910685E-15 1 -4.371139E-08 -4.371139E-08
Grain 2 0.3813443 -0.8025711 0.09054492 0.4497307
Grain 3 0.2166812 -0.8718346 0.3807626 0.2190286
Grain 4 0.3056545 -0.8583493 -0.1670566 -0.3767014
Grain 5 0 1 0 0
Grain 6 0 1 0 0
Grain 7 0.2563378 -0.8722903 0.3361807 -0.24573
Grain 8 0.3205605 0.8529102 0.1843758 0.3684978
Grain 9 0.0692692 -0.9863057 0.1145059 -0.09639202
Grain 10 0 1 0 0
Grain 11 0.3436838 0.903405 0.2293203 0.1146869
Grain 12 0 1 0 0
Grain 13 0.3497549 0.856012 -0.06526683 0.3750404
Grain 14 0 1 0 0
Grain 15 0 1 0 0
Grain 16 -0.01310448 -0.8196102 0.4113998 0.3985193
Grain 17 0 1 0 0
Grain 18 0.3767885 0.8977939 0.1982027 0.1127485
Grain 19 0.3426279 0.881795 0.1731467 0.2739779
Guest-0 ori 1608.57 1639.909
Grain 0 0.01175525 -0.9952841 -0.0406928 0.08726643
Grain 1 1.910685E-15 1 -4.371139E-08 -4.371139E-08
Grain 2 0.3813443 -0.8025711 0.09054492 0.4497307
Grain 3 0.2166812 -0.8718346 0.3807626 0.2190286
Grain 4 0.3056545 -0.8583493 -0.1670566 -0.3767014
Grain 5 0 1 0 0
Grain 6 0 1 0 0
Grain 7 0.2563378 -0.8722903 0.3361807 -0.24573
Grain 8 0.3205605 0.8529102 0.1843758 0.3684978
Grain 9 0.0692692 -0.9863057 0.1145059 -0.09639202
Grain 10 0 1 0 0
Grain 11 0.3436838 0.903405 0.2293203 0.1146869
Grain 12 0 1 0 0
Grain 13 0.3497549 0.856012 -0.06526683 0.3750404
Grain 14 0 1 0 0
Grain 15 0 1 0 0
Grain 16 -0.01310448 -0.8196102 0.4113998 0.3985193
Grain 17 0 1 0 0
Grain 18 0.3767885 0.8977939 0.1982027 0.1127485
Grain 19 0.6164097 0.6295326 0.09802274 0.4627303
Guest-0 ori 1648.623 1665.227
Grain 0 0.01175525 -0.9952841 -0.0406928 0.08726643
Grain 1 1.910685E-15 1 -4.371139E-08 -4.371139E-08
Grain 2 0.3813443 -0.8025711 0.09054492 0.4497307
Grain 3 0.2166812 -0.8718346 0.3807626 0.2190286
Grain 4 0.3056545 -0.8583493 -0.1670566 -0.3767014
Grain 5 0 1 0 0
Grain 6 0 1 0 0
Grain 7 0.2563378 -0.8722903 0.3361807 -0.24573
Grain 8 0.3205605 0.8529102 0.1843758 0.3684978
Grain 9 0.0692692 -0.9863057 0.1145059 -0.09639202
Grain 10 0 1 0 0
Grain 11 0.3436838 0.903405 0.2293203 0.1146869
Grain 12 0 1 0 0
Grain 13 0.3497549 0.856012 -0.06526683 0.3750404
Grain 14 0 1 0 0
Grain 15 0 1 0 0
Grain 16 -0.01310448 -0.8196102 0.4113998 0.3985193
Grain 17 0.2946456 -0.8691946 0.2803514 0.2812258
Grain 18 0.3767885 0.8977939 0.1982027 0.1127485
Grain 19 0.614522 0.629012 0.100943 0.4653141
Guest-0 ori 1697.698 1706.037
Grain 0 0.01175525 -0.9952841 -0.0406928 0.08726643
Grain 1 1.910685E-15 1 -4.371139E-08 -4.371139E-08
Grain 2 0.3813443 -0.8025711 0.09054492 0.4497307
Grain 3 0.2166812 -0.8718346 0.3807626 0.2190286
Grain 4 0.3056545 -0.8583493 -0.1670566 -0.3767014
Grain 5 0 1 0 0
Grain 6 0 1 0 0
Grain 7 0.2563378 -0.8722903 0.3361807 -0.24573
Grain 8 0.3205605 0.8529102 0.1843758 0.3684978
Grain 9 0.0692692 -0.9863057 0.1145059 -0.09639202
Grain 10 0 1 0 0
Grain 11 0.3436838 0.903405 0.2293203 0.1146869
Grain 12 0 1 0 0
Grain 13 0.3497549 0.856012 -0.06526683 0.3750404
Grain 14 0 1 0 0
Grain 15 0.3517385 -0.8706738 -0.3388585 -0.05815705
Grain 16 -0.01310448 -0.8196102 0.4113998 0.3985193
Grain 17 0.2946456 -0.8691946 0.2803514 0.2812258
Grain 18 0.3767885 0.8977939 0.1982027 0.1127485
Grain 19 0.614522 0.629012 0.100943 0.4653141
Guest-0 ori 1730.936 1731.067
Grain 0 0.01175525 -0.9952841 -0.0406928 0.08726643
Grain 1 1.910685E-15 1 -4.371139E-08 -4.371139E-08
Grain 2 0.3813443 -0.8025711 0.09054492 0.4497307
Grain 3 0.2166812 -0.8718346 0.3807626 0.2190286
Grain 4 0.3056545 -0.8583493 -0.1670566 -0.3767014
Grain 5 0 1 0 0
Grain 6 0 1 0 0
Grain 7 0.2563378 -0.8722903 0.3361807 -0.24573
Grain 8 0.3205605 0.8529102 0.1843758 0.3684978
Grain 9 0.0692692 -0.9863057 0.1145059 -0.09639202
Grain 10 0 1 0 0
Grain 11 0.3436838 0.903405 0.2293203 0.1146869
Grain 12 0 1 0 0
Grain 13 0.3497549 0.856012 -0.06526683 0.3750404
Grain 14 0 1 0 0
Grain 15 0.3517385 -0.8706738 -0.3388585 -0.05815705
Grain 16 -0.01310448 -0.8196102 0.4113998 0.3985193
Grain 17 0.2946456 -0.8691946 0.2803514 0.2812258
Grain 18 0.3767885 0.8977939 0.1982027 0.1127485
Grain 19 0.614522 0.629012 0.100943 0.4653141
