Guest-1 ori 3287.523 3293.152
Grain 0 0 1 0 0
Grain 1 0 1 0 0
Grain 2 0 1 0 0
Grain 3 0 1 0 0
Grain 4 0 1 0 0
Grain 5 0 1 0 0
Grain 6 0 1 0 0
Grain 7 0 1 0 0
Grain 8 0 1 0 0
Grain 9 0 1 0 0
Grain 10 0 1 0 0
Grain 11 0 1 0 0
Grain 12 0 1 0 0
Grain 13 0 1 0 0
Grain 14 0 1 0 0
Grain 15 0 1 0 0
Grain 16 0 1 0 0
Grain 17 0 1 0 0
Grain 18 0 1 0 0
Grain 19 0.05836026 -0.9751986 -0.1823924 -0.1109722
Guest-1 ori 3295.85 3297.149
Grain 0 0 1 0 0
Grain 1 0 1 0 0
Grain 2 0 1 0 0
Grain 3 0 1 0 0
Grain 4 0 1 0 0
Grain 5 0 1 0 0
Grain 6 0 1 0 0
Grain 7 0 1 0 0
Grain 8 0 1 0 0
Grain 9 0 1 0 0
Grain 10 0 1 0 0
Grain 11 0 1 0 0
Grain 12 0 1 0 0
Grain 13 0 1 0 0
Grain 14 0 1 0 0
Grain 15 0 1 0 0
Grain 16 0 1 0 0
Grain 17 0 1 0 0
Grain 18 0 1 0 0
Grain 19 0.1188046 -0.9819754 -0.1336513 -0.06121466
Guest-1 ori 3305.326 3308.938
Grain 0 0 1 0 0
Grain 1 0 1 0 0
Grain 2 0 1 0 0
Grain 3 0 1 0 0
Grain 4 0 1 0 0
Grain 5 0 1 0 0
Grain 6 0.08251277 -0.9744688 0.2049313 -0.04006917
Grain 7 0 1 0 0
Grain 8 0 1 0 0
Grain 9 0 1 0 0
Grain 10 0 1 0 0
Grain 11 0 1 0 0
Grain 12 0 1 0 0
Grain 13 0 1 0 0
Grain 14 0 1 0 0
Grain 15 0 1 0 0
Grain 16 0 1 0 0
Grain 17 0 1 0 0
Grain 18 0 1 0 0
Grain 19 0.1188046 -0.9819754 -0.1336513 -0.06121466
Guest-1 ori 3316.268 3322.797
Grain 0 0 1 0 0
Grain 1 0 1 0 0
Grain 2 0 1 0 0
Grain 3 0.3184509 -0.8733386 -0.2080897 0.3042488
Grain 4 0 1 0 0
Grain 5 0 1 0 0
Grain 6 0.08251277 -0.9744688 0.2049313 -0.04006917
Grain 7 0 1 0 0
Grain 8 0 1 0 0
Grain 9 0 1 0 0
Grain 10 0 1 0 0
Grain 11 0 1 0 0
Grain 12 0 1 0 0
Grain 13 0 1 0 0
Grain 14 0 1 0 0
Grain 15 0 1 0 0
Grain 16 0 1 0 0
Grain 17 0 1 0 0
Grain 18 0 1 0 0
Grain 19 0.1188046 -0.9819754 -0.1336513 -0.06121466
Guest-1 ori 3342.862 3348.707
Grain 0 0 1 0 0
Grain 1 0 1 0 0
Grain 2 0 1 0 0
Grain 3 0.3184509 -0.8733386 -0.2080897 0.3042488
Grain 4 0 1 0 0
Grain 5 0 1 0 0
Grain 6 0.08251277 -0.9744688 0.2049313 -0.04006917
Grain 7 0 1 0 0
Grain 8 0 1 0 0
Grain 9 0 1 0 0
Grain 10 0 1 0 0
Grain 11 0 1 0 0
Grain 12 0 1 0 0
Grain 13 0 1 0 0
Grain 14 0 1 0 0
Grain 15 0 1 0 0
Grain 16 0 1 0 0
Grain 17 0 1 0 0
Grain 18 0.3361315 0.9056524 0.1651581 -0.198827
Grain 19 0.1188046 -0.9819754 -0.1336513 -0.06121466
Guest-1 ori 3349.838 3350.573
Grain 0 0 1 0 0
Grain 1 0 1 0 0
Grain 2 0 1 0 0
Grain 3 0.3184509 -0.8733386 -0.2080897 0.3042488
Grain 4 0 1 0 0
Grain 5 0 1 0 0
Grain 6 0.08251277 -0.9744688 0.2049313 -0.04006917
Grain 7 0 1 0 0
Grain 8 0 1 0 0
Grain 9 0 1 0 0
Grain 10 0 1 0 0
Grain 11 0 1 0 0
Grain 12 0 1 0 0
Grain 13 0 1 0 0
Grain 14 0 1 0 0
Grain 15 0 1 0 0
Grain 16 0 1 0 0
Grain 17 0 1 0 0
Grain 18 0.3819006 0.8764684 0.1933303 -0.2204054
Grain 19 0.1188046 -0.9819754 -0.1336513 -0.06121466
Guest-1 ori 3368.54 3374.57
Grain 0 0 1 0 0
Grain 1 0 1 0 0
Grain 2 0 1 0 0
Grain 3 0.3184509 -0.8733386 -0.2080897 0.3042488
Grain 4 0 1 0 0
Grain 5 0 1 0 0
Grain 6 0.08251277 -0.9744688 0.2049313 -0.04006917
Grain 7 0 1 0 0
Grain 8 0.2190404 -0.9051427 -0.1366966 0.337716
Grain 9 0 1 0 0
Grain 10 0 1 0 0
Grain 11 0 1 0 0
Grain 12 0 1 0 0
Grain 13 0 1 0 0
Grain 14 0 1 0 0
Grain 15 0 1 0 0
Grain 16 0 1 0 0
Grain 17 0 1 0 0
Grain 18 0.3819006 0.8764684 0.1933303 -0.2204054
Grain 19 0.1188046 -0.9819754 -0.1336513 -0.06121466
Guest-1 ori 3381.645 3384.542
Grain 0 0 1 0 0
Grain 1 0 1 0 0
Grain 2 0.44589 -0.7887625 -0.1765886 0.3845156
Grain 3 0.3184509 -0.8733386 -0.2080897 0.3042488
Grain 4 0 1 0 0
Grain 5 0 1 0 0
Grain 6 0.08251277 -0.9744688 0.2049313 -0.04006917
Grain 7 0 1 0 0
Grain 8 0.2190404 -0.9051427 -0.1366966 0.337716
Grain 9 0 1 0 0
Grain 10 0 1 0 0
Grain 11 0 1 0 0
Grain 12 0 1 0 0
Grain 13 0 1 0 0
Grain 14 0 1 0 0
Grain 15 0 1 0 0
Grain 16 0 1 0 0
Grain 17 0 1 0 0
Grain 18 0.3819006 0.8764684 0.1933303 -0.2204054
Grain 19 0.1188046 -0.9819754 -0.1336513 -0.06121466
Guest-1 ori 3388.276 3388.39
Grain 0 0 1 0 0
Grain 1 0 1 0 0
Grain 2 0.44589 -0.7887625 -0.1765886 0.3845156
Grain 3 0.3184509 -0.8733386 -0.2080897 0.3042488
Grain 4 0 1 0 0
Grain 5 0 1 0 0
Grain 6 0.08251277 -0.9744688 0.2049313 -0.04006917
Grain 7 0 1 0 0
Grain 8 0.2190404 -0.9051427 -0.1366966 0.337716
Grain 9 0 1 0 0
Grain 10 0 1 0 0
Grain 11 0 1 0 0
Grain 12 0 1 0 0
Grain 13 0 1 0 0
Grain 14 0 1 0 0
Grain 15 0 1 0 0
Grain 16 0 1 0 0
Grain 17 0 1 0 0
Grain 18 0.3819006 0.8764684 0.1933303 -0.2204054
Grain 19 0.1188046 -0.9819754 -0.1336513 -0.06121466
Guest-1 ori 3411.272 3415.869
Grain 0 0 1 0 0
Grain 1 0 1 0 0
Grain 2 0.4504743 -0.7854167 -0.1753359 0.3865889
Grain 3 0.3184509 -0.8733386 -0.2080897 0.3042488
Grain 4 0.3058358 0.8766603 0.3613824 0.08563981
Grain 5 0 1 0 0
Grain 6 0.08251277 -0.9744688 0.2049313 -0.04006917
Grain 7 0 1 0 0
Grain 8 0.2190404 -0.9051427 -0.1366966 0.337716
Grain 9 0 1 0 0
Grain 10 0 1 0 0
Grain 11 0 1 0 0
Grain 12 0 1 0 0
Grain 13 0 1 0 0
Grain 14 0 1 0 0
Grain 15 0 1 0 0
Grain 16 0 1 0 0
Grain 17 0 1 0 0
Grain 18 0.3819006 0.8764684 0.1933303 -0.2204054
Grain 19 0.1188046 -0.9819754 -0.1336513 -0.06121466
Guest-1 ori 3421.78 3422.148
Grain 0 0 1 0 0
Grain 1 0 1 0 0
Grain 2 0.4504743 -0.7854167 -0.1753359 0.3865889
Grain 3 0.3184509 -0.8733386 -0.2080897 0.3042488
Grain 4 0.511296 0.7158969 0.475462 -0.002020389
Grain 5 0 1 0 0
Grain 6 0.08251277 -0.9744688 0.2049313 -0.04006917
Grain 7 0 1 0 0
Grain 8 0.2190404 -0.9051427 -0.1366966 0.337716
Grain 9 0 1 0 0
Grain 10 0 1 0 0
Grain 11 0 1 0 0
Grain 12 0 1 0 0
Grain 13 0 1 0 0
Grain 14 0 1 0 0
Grain 15 0 1 0 0
Grain 16 0 1 0 0
Grain 17 0 1 0 0
Grain 18 0.3819006 0.8764684 0.1933303 -0.2204054
Grain 19 0.1188046 -0.9819754 -0.1336513 -0.06121466
Guest-1 ori 3432.704 3452.074
Grain 0 0 1 0 0
Grain 1 0 1 0 0
Grain 2 0.4504743 -0.7854167 -0.1753359 0.3865889
Grain 3 0.3184509 -0.8733386 -0.2080897 0.3042488
Grain 4 0.5055533 0.7181671 0.4781491 0.005039334
Grain 5 0 1 0 0
Grain 6 0.553901 -0.5441018 -0.0415966 -0.6288217
Grain 7 0 1 0 0
Grain 8 0.2190404 -0.9051427 -0.1366966 0.337716
Grain 9 0 1 0 0
Grain 10 0 1 0 0
Grain 11 0 1 0 0
Grain 12 0 1 0 0
Grain 13 0 1 0 0
Grain 14 0 1 0 0
Grain 15 0 1 0 0
Grain 16 0 1 0 0
Grain 17 0 1 0 0
Grain 18 0.3819006 0.8764684 0.1933303 -0.2204054
Grain 19 0.1188046 -0.9819754 -0.1336513 -0.06121466
Guest-1 ori 3463.461 3472.252
Grain 0 0 1 0 0
Grain 1 0 1 0 0
Grain 2 0.4504743 -0.7854167 -0.1753359 0.3865889
Grain 3 0.3184509 -0.8733386 -0.2080897 0.3042488
Grain 4 0.5055533 0.7181671 0.4781491 0.005039334
Grain 5 0 1 0 0
Grain 6 0.553901 -0.5441018 -0.0415966 -0.6288217
Grain 7 0 1 0 0
Grain 8 0.2190404 -0.9051427 -0.1366966 0.337716
Grain 9 0 1 0 0
Grain 10 0 1 0 0
Grain 11 0.02138412 0.8886733 0.377028 -0.2601005
Grain 12 0 1 0 0
Grain 13 0 1 0 0
Grain 14 0 1 0 0
Grain 15 0 1 0 0
Grain 16 0 1 0 0
Grain 17 0 1 0 0
Grain 18 0.3819006 0.8764684 0.1933303 -0.2204054
Grain 19 0.1188046 -0.9819754 -0.1336513 -0.06121466
Guest-1 ori 3493.989 3509.041
Grain 0 0 1 0 0
Grain 1 0 1 0 0
Grain 2 0.4504743 -0.7854167 -0.1753359 0.3865889
Grain 3 0.3184509 -0.8733386 -0.2080897 0.3042488
Grain 4 0.5055533 0.7181671 0.4781491 0.005039334
Grain 5 0.2211914 -0.9138519 0.3271955 -0.09429843
Grain 6 0.553901 -0.5441018 -0.0415966 -0.6288217
Grain 7 0 1 0 0
Grain 8 0.2190404 -0.9051427 -0.1366966 0.337716
Grain 9 0 1 0 0
Grain 10 0 1 0 0
Grain 11 0.0140847 0.8909686 0.3735463 -0.2577592
Grain 12 0 1 0 0
Grain 13 0 1 0 0
Grain 14 0 1 0 0
Grain 15 0 1 0 0
Grain 16 0 1 0 0
Grain 17 0 1 0 0
Grain 18 0.3819006 0.8764684 0.1933303 -0.2204054
Grain 19 0.1188046 -0.9819754 -0.1336513 -0.06121466
Guest-1 ori 3517.217 3524.979
Grain 0 0 1 0 0
Grain 1 0 1 0 0
Grain 2 0.3660176 -0.9149319 -0.1003528 0.1373318
Grain 3 0.3184509 -0.8733386 -0.2080897 0.3042488
Grain 4 0.5055533 0.7181671 0.4781491 0.005039334
Grain 5 0.2150354 -0.9189383 0.3168258 -0.09451751
Grain 6 0.553901 -0.5441018 -0.0415966 -0.6288217
Grain 7 0 1 0 0
Grain 8 0.2190404 -0.9051427 -0.1366966 0.337716
Grain 9 0 1 0 0
Grain 10 0 1 0 0
Grain 11 0.0140847 0.8909686 0.3735463 -0.2577592
Grain 12 0 1 0 0
Grain 13 0 1 0 0
Grain 14 0 1 0 0
Grain 15 0 1 0 0
Grain 16 0 1 0 0
Grain 17 0 1 0 0
Grain 18 0.3819006 0.8764684 0.1933303 -0.2204054
Grain 19 0.1188046 -0.9819754 -0.1336513 -0.06121466
Guest-1 ori 3534.004 3556.054
Grain 0 0 1 0 0
Grain 1 0 1 0 0
Grain 2 0.3660176 -0.9149319 -0.1003528 0.1373318
Grain 3 0.3184509 -0.8733386 -0.2080897 0.3042488
Grain 4 0.5055533 0.7181671 0.4781491 0.005039334
Grain 5 0.2150354 -0.9189383 0.3168258 -0.09451751
Grain 6 0.553901 -0.5441018 -0.0415966 -0.6288217
Grain 7 0 1 0 0
Grain 8 0.2190404 -0.9051427 -0.1366966 0.337716
Grain 9 0 1 0 0
Grain 10 0 1 0 0
Grain 11 0.0140847 0.8909686 0.3735463 -0.2577592
Grain 12 0 1 0 0
Grain 13 0.3227462 -0.8385023 -0.4302054 -0.08759112
Grain 14 0 1 0 0
Grain 15 0 1 0 0
Grain 16 0 1 0 0
Grain 17 0 1 0 0
Grain 18 0.3819006 0.8764684 0.1933303 -0.2204054
Grain 19 0.1188046 -0.9819754 -0.1336513 -0.06121466
Guest-1 ori 3562.448 3563.48
Grain 0 0 1 0 0
Grain 1 0 1 0 0
Grain 2 0.3660176 -0.9149319 -0.1003528 0.1373318
Grain 3 0.3184509 -0.8733386 -0.2080897 0.3042488
Grain 4 0.5055533 0.7181671 0.4781491 0.005039334
Grain 5 0.2150354 -0.9189383 0.3168258 -0.09451751
Grain 6 0.553901 -0.5441018 -0.0415966 -0.6288217
Grain 7 0 1 0 0
Grain 8 0.2190404 -0.9051427 -0.1366966 0.337716
Grain 9 0.0563387 -0.9970222 -0.006520837 -0.05225089
Grain 10 0 1 0 0
Grain 11 0.0140847 0.8909686 0.3735463 -0.2577592
Grain 12 0 1 0 0
Grain 13 0.3227462 -0.8385023 -0.4302054 -0.08759112
Grain 14 0 1 0 0
Grain 15 0 1 0 0
Grain 16 0 1 0 0
Grain 17 0 1 0 0
Grain 18 0.3819006 0.8764684 0.1933303 -0.2204054
Grain 19 0.1188046 -0.9819754 -0.1336513 -0.06121466
Guest-1 ori 3565.959 3582.915
Grain 0 0 1 0 0
Grain 1 0 1 0 0
Grain 2 0.3660176 -0.9149319 -0.1003528 0.1373318
Grain 3 0.3184509 -0.8733386 -0.2080897 0.3042488
Grain 4 0.5055533 0.7181671 0.4781491 0.005039334
Grain 5 0.2150354 -0.9189383 0.3168258 -0.09451751
Grain 6 0.553901 -0.5441018 -0.0415966 -0.6288217
Grain 7 0 1 0 0
Grain 8 0.2190404 -0.9051427 -0.1366966 0.337716
Grain 9 0.258384 0.9249117 0.1398237 0.2412993
Grain 10 0 1 0 0
Grain 11 0.0140847 0.8909686 0.3735463 -0.2577592
Grain 12 0 1 0 0
Grain 13 0.3227462 -0.8385023 -0.4302054 -0.08759112
Grain 14 0 1 0 0
Grain 15 0 1 0 0
Grain 16 0 1 0 0
Grain 17 0 1 0 0
Grain 18 0.3819006 0.8764684 0.1933303 -0.2204054
Grain 19 0.1188046 -0.9819754 -0.1336513 -0.06121466
Guest-1 ori 3591.439 3600.219
Grain 0 0 1 0 0
Grain 1 0 1 0 0
Grain 2 0.3660176 -0.9149319 -0.1003528 0.1373318
Grain 3 0.3184509 -0.8733386 -0.2080897 0.3042488
Grain 4 0.5055533 0.7181671 0.4781491 0.005039334
Grain 5 0.2150354 -0.9189383 0.3168258 -0.09451751
Grain 6 0.553901 -0.5441018 -0.0415966 -0.6288217
Grain 7 0 1 0 0
Grain 8 0.2190404 -0.9051427 -0.1366966 0.337716
Grain 9 0.258384 0.9249117 0.1398237 0.2412993
Grain 10 0 1 0 0
Grain 11 0.0140847 0.8909686 0.3735463 -0.2577592
Grain 12 0 1 0 0
Grain 13 0.3227462 -0.8385023 -0.4302054 -0.08759112
Grain 14 0 1 0 0
Grain 15 0 1 0 0
Grain 16 0 1 0 0
Grain 17 0.1477883 -0.977388 -0.1334712 -0.0711114
Grain 18 0.3819006 0.8764684 0.1933303 -0.2204054
Grain 19 0.1188046 -0.9819754 -0.1336513 -0.06121466
Guest-1 ori 3611.707 3612.225
Grain 0 0 1 0 0
Grain 1 0 1 0 0
Grain 2 0.3660176 -0.9149319 -0.1003528 0.1373318
Grain 3 0.3184509 -0.8733386 -0.2080897 0.3042488
Grain 4 0.5055533 0.7181671 0.4781491 0.005039334
Grain 5 0.2150354 -0.9189383 0.3168258 -0.09451751
Grain 6 0.553901 -0.5441018 -0.0415966 -0.6288217
Grain 7 0 1 0 0
Grain 8 0.2190404 -0.9051427 -0.1366966 0.337716
Grain 9 0.258384 0.9249117 0.1398237 0.2412993
Grain 10 0 1 0 0
Grain 11 0.0140847 0.8909686 0.3735463 -0.2577592
Grain 12 0 1 0 0
Grain 13 0.3227462 -0.8385023 -0.4302054 -0.08759112
Grain 14 0 1 0 0
Grain 15 0 1 0 0
Grain 16 0 1 0 0
Grain 17 0.1477883 -0.977388 -0.1334712 -0.0711114
Grain 18 0.3819006 0.8764684 0.1933303 -0.2204054
Grain 19 0.08854008 -0.9884352 -0.1096582 -0.05596047
