Guest-2 ori 198.8405 202.0231
Grain 0 0 1 0 0
Grain 1 0 1 0 0
Grain 2 0 1 0 0
Grain 3 0 1 0 0
Grain 4 0 1 0 0
Grain 5 0 1 0 0
Grain 6 0 1 0 0
Grain 7 0 1 0 0
Grain 8 0 1 0 0
Grain 9 0 1 0 0
Grain 10 0 1 0 0
Grain 11 0 1 0 0
Grain 12 0 1 0 0
Grain 13 0 1 0 0
Grain 14 0 1 0 0
Grain 15 0 1 0 0
Grain 16 0 1 0 0
Grain 17 0 1 0 0
Grain 18 0 1 0 0
Grain 19 0.3512009 0.9117829 -0.004213594 0.2128194
Guest-2 ori 204.9718 208.4062
Grain 0 0 1 0 0
Grain 1 0 1 0 0
Grain 2 0 1 0 0
Grain 3 0 1 0 0
Grain 4 0 1 0 0
Grain 5 0 1 0 0
Grain 6 0.4113881 0.8911841 0.06176911 0.1809292
Grain 7 0 1 0 0
Grain 8 0 1 0 0
Grain 9 0 1 0 0
Grain 10 0 1 0 0
Grain 11 0 1 0 0
Grain 12 0 1 0 0
Grain 13 0 1 0 0
Grain 14 0 1 0 0
Grain 15 0 1 0 0
Grain 16 0 1 0 0
Grain 17 0 1 0 0
Grain 18 0 1 0 0
Grain 19 0.3512009 0.9117829 -0.004213594 0.2128194
Guest-2 ori 212.8054 215.002
Grain 0 0 1 0 0
Grain 1 0 1 0 0
Grain 2 0 1 0 0
Grain 3 0 1 0 0
Grain 4 0 1 0 0
Grain 5 0 1 0 0
Grain 6 0.4067319 0.8952819 0.06601198 0.1693574
Grain 7 0 1 0 0
Grain 8 0 1 0 0
Grain 9 0 1 0 0
Grain 10 0 1 0 0
Grain 11 0 1 0 0
Grain 12 0 1 0 0
Grain 13 0 1 0 0
Grain 14 0 1 0 0
Grain 15 0 1 0 0
Grain 16 0 1 0 0
Grain 17 0.3306915 0.9084394 0.05400534 0.2499291
Grain 18 0 1 0 0
Grain 19 0.3512009 0.9117829 -0.004213594 0.2128194
Guest-2 ori 227.6791 229.7815
Grain 0 0 1 0 0
Grain 1 0.3873734 0.8689111 0.2113793 0.2241742
Grain 2 0 1 0 0
Grain 3 0 1 0 0
Grain 4 0 1 0 0
Grain 5 0 1 0 0
Grain 6 0.4067319 0.8952819 0.06601198 0.1693574
Grain 7 0 1 0 0
Grain 8 0 1 0 0
Grain 9 0 1 0 0
Grain 10 0 1 0 0
Grain 11 0 1 0 0
Grain 12 0 1 0 0
Grain 13 0 1 0 0
Grain 14 0 1 0 0
Grain 15 0 1 0 0
Grain 16 0 1 0 0
Grain 17 0.3306915 0.9084394 0.05400534 0.2499291
Grain 18 0 1 0 0
Grain 19 0.3512009 0.9117829 -0.004213594 0.2128194
Guest-2 ori 234.1297 236.731
Grain 0 0 1 0 0
Grain 1 0.3873734 0.8689111 0.2113793 0.2241742
Grain 2 0 1 0 0
Grain 3 0 1 0 0
Grain 4 0 1 0 0
Grain 5 0.2359534 -0.8890321 0.05264323 -0.3888144
Grain 6 0.4067319 0.8952819 0.06601198 0.1693574
Grain 7 0 1 0 0
Grain 8 0 1 0 0
Grain 9 0 1 0 0
Grain 10 0 1 0 0
Grain 11 0 1 0 0
Grain 12 0 1 0 0
Grain 13 0 1 0 0
Grain 14 0 1 0 0
Grain 15 0 1 0 0
Grain 16 0 1 0 0
Grain 17 0.3306915 0.9084394 0.05400534 0.2499291
Grain 18 0 1 0 0
Grain 19 0.3512009 0.9117829 -0.004213594 0.2128194
Guest-2 ori 238.452 241.8366
Grain 0 0 1 0 0
Grain 1 0.3873734 0.8689111 0.2113793 0.2241742
Grain 2 0.3722267 0.509022 -0.1885965 -0.7528448
Grain 3 0 1 0 0
Grain 4 0 1 0 0
Grain 5 0.2359534 -0.8890321 0.05264323 -0.3888144
Grain 6 0.4067319 0.8952819 0.06601198 0.1693574
Grain 7 0 1 0 0
Grain 8 0 1 0 0
Grain 9 0 1 0 0
Grain 10 0 1 0 0
Grain 11 0 1 0 0
Grain 12 0 1 0 0
Grain 13 0 1 0 0
Grain 14 0 1 0 0
Grain 15 0 1 0 0
Grain 16 0 1 0 0
Grain 17 0.3306915 0.9084394 0.05400534 0.2499291
Grain 18 0 1 0 0
Grain 19 0.3512009 0.9117829 -0.004213594 0.2128194
Guest-2 ori 247.3069 249.7473
Grain 0 0 1 0 0
Grain 1 0.3873734 0.8689111 0.2113793 0.2241742
Grain 2 0.3722267 0.509022 -0.1885965 -0.7528448
Grain 3 0 1 0 0
Grain 4 0 1 0 0
Grain 5 0.2359534 -0.8890321 0.05264323 -0.3888144
Grain 6 0.4067319 0.8952819 0.06601198 0.1693574
Grain 7 0 1 0 0
Grain 8 0 1 0 0
Grain 9 0.3661042 0.8949984 0.0458459 0.2506867
Grain 10 0 1 0 0
Grain 11 0 1 0 0
Grain 12 0 1 0 0
Grain 13 0 1 0 0
Grain 14 0 1 0 0
Grain 15 0 1 0 0
Grain 16 0 1 0 0
Grain 17 0.3306915 0.9084394 0.05400534 0.2499291
Grain 18 0 1 0 0
Grain 19 0.3512009 0.9117829 -0.004213594 0.2128194
Guest-2 ori 260.2768 263.2953
Grain 0 0 1 0 0
Grain 1 0.3873734 0.8689111 0.2113793 0.2241742
Grain 2 0.3722267 0.509022 -0.1885965 -0.7528448
Grain 3 0.3736058 -0.8778533 0.01472963 -0.2992913
Grain 4 0 1 0 0
Grain 5 0.2359534 -0.8890321 0.05264323 -0.3888144
Grain 6 0.4067319 0.8952819 0.06601198 0.1693574
Grain 7 0 1 0 0
Grain 8 0 1 0 0
Grain 9 0.3661042 0.8949984 0.0458459 0.2506867
Grain 10 0 1 0 0
Grain 11 0 1 0 0
Grain 12 0 1 0 0
Grain 13 0 1 0 0
Grain 14 0 1 0 0
Grain 15 0 1 0 0
Grain 16 0 1 0 0
Grain 17 0.3306915 0.9084394 0.05400534 0.2499291
Grain 18 0 1 0 0
Grain 19 0.3512009 0.9117829 -0.004213594 0.2128194
Guest-2 ori 268.3068 273.8854
Grain 0 0 1 0 0
Grain 1 0.3873734 0.8689111 0.2113793 0.2241742
Grain 2 0.3722267 0.509022 -0.1885965 -0.7528448
Grain 3 0.3736058 -0.8778533 0.01472963 -0.2992913
Grain 4 0 1 0 0
Grain 5 0.2359534 -0.8890321 0.05264323 -0.3888144
Grain 6 0.4067319 0.8952819 0.06601198 0.1693574
Grain 7 0 1 0 0
Grain 8 0 1 0 0
Grain 9 0.5925611 0.7646101 -0.01172861 0.2531902
Grain 10 0 1 0 0
Grain 11 0 1 0 0
Grain 12 0 1 0 0
Grain 13 0 1 0 0
Grain 14 0 1 0 0
Grain 15 0 1 0 0
Grain 16 0 1 0 0
Grain 17 0.3306915 0.9084394 0.05400534 0.2499291
Grain 18 0 1 0 0
Grain 19 0.3512009 0.9117829 -0.004213594 0.2128194
Guest-2 ori 276.4303 282.6114
Grain 0 0 1 0 0
Grain 1 0.3873734 0.8689111 0.2113793 0.2241742
Grain 2 0.3722267 0.509022 -0.1885965 -0.7528448
Grain 3 0.3736058 -0.8778533 0.01472963 -0.2992913
Grain 4 0 1 0 0
Grain 5 0.2359534 -0.8890321 0.05264323 -0.3888144
Grain 6 0.4067319 0.8952819 0.06601198 0.1693574
Grain 7 0 1 0 0
Grain 8 0 1 0 0
Grain 9 0.693998 0.6074974 0.201967 0.3294284
Grain 10 0 1 0 0
Grain 11 0 1 0 0
Grain 12 0 1 0 0
Grain 13 0 1 0 0
Grain 14 0 1 0 0
Grain 15 0 1 0 0
Grain 16 0 1 0 0
Grain 17 0.3306915 0.9084394 0.05400534 0.2499291
Grain 18 0 1 0 0
Grain 19 0.3512009 0.9117829 -0.004213594 0.2128194
Guest-2 ori 286.8523 293.3714
Grain 0 0 1 0 0
Grain 1 0.3873734 0.8689111 0.2113793 0.2241742
Grain 2 0.3722267 0.509022 -0.1885965 -0.7528448
Grain 3 0.3736058 -0.8778533 0.01472963 -0.2992913
Grain 4 0 1 0 0
Grain 5 0.2359534 -0.8890321 0.05264323 -0.3888144
Grain 6 0.4067319 0.8952819 0.06601198 0.1693574
Grain 7 0 1 0 0
Grain 8 0 1 0 0
Grain 9 0.693998 0.6074974 0.201967 0.3294284
Grain 10 0 1 0 0
Grain 11 0.1974257 -0.8756466 -0.2222439 0.3806227
Grain 12 0 1 0 0
Grain 13 0 1 0 0
Grain 14 0 1 0 0
Grain 15 0 1 0 0
Grain 16 0 1 0 0
Grain 17 0.3306915 0.9084394 0.05400534 0.2499291
Grain 18 0 1 0 0
Grain 19 0.3512009 0.9117829 -0.004213594 0.2128194
Guest-2 ori 301.9879 309.7385
Grain 0 0 1 0 0
Grain 1 0.3873734 0.8689111 0.2113793 0.2241742
Grain 2 0.3722267 0.509022 -0.1885965 -0.7528448
Grain 3 0.3736058 -0.8778533 0.01472963 -0.2992913
Grain 4 0 1 0 0
Grain 5 0.2359534 -0.8890321 0.05264323 -0.3888144
Grain 6 0.4067319 0.8952819 0.06601198 0.1693574
Grain 7 0 1 0 0
Grain 8 0.09108475 -0.9289551 -0.09323584 0.3464867
Grain 9 0.693998 0.6074974 0.201967 0.3294284
Grain 10 0 1 0 0
Grain 11 0.1931144 -0.8783504 -0.2203076 0.3777193
Grain 12 0 1 0 0
Grain 13 0 1 0 0
Grain 14 0 1 0 0
Grain 15 0 1 0 0
Grain 16 0 1 0 0
Grain 17 0.3306915 0.9084394 0.05400534 0.2499291
Grain 18 0 1 0 0
Grain 19 0.3512009 0.9117829 -0.004213594 0.2128194
Guest-2 ori 317.0368 323.3781
Grain 0 0 1 0 0
Grain 1 0.3873734 0.8689111 0.2113793 0.2241742
Grain 2 0.3722267 0.509022 -0.1885965 -0.7528448
Grain 3 0.3736058 -0.8778533 0.01472963 -0.2992913
Grain 4 0 1 0 0
Grain 5 0.2359534 -0.8890321 0.05264323 -0.3888144
Grain 6 0.4067319 0.8952819 0.06601198 0.1693574
Grain 7 0 1 0 0
Grain 8 0.09108475 -0.9289551 -0.09323584 0.3464867
Grain 9 0.693998 0.6074974 0.201967 0.3294284
Grain 10 0 1 0 0
Grain 11 0.1931144 -0.8783504 -0.2203076 0.3777193
Grain 12 0.007140979 -0.9250032 0.1096851 0.3637133
Grain 13 0 1 0 0
Grain 14 0 1 0 0
Grain 15 0 1 0 0
Grain 16 0 1 0 0
Grain 17 0.3306915 0.9084394 0.05400534 0.2499291
Grain 18 0 1 0 0
Grain 19 0.3512009 0.9117829 -0.004213594 0.2128194
Guest-2 ori 328.1826 337.4934
Grain 0 0 1 0 0
Grain 1 0.3873734 0.8689111 0.2113793 0.2241742
Grain 2 0.3722267 0.509022 -0.1885965 -0.7528448
Grain 3 0.3736058 -0.8778533 0.01472963 -0.2992913
Grain 4 0 1 0 0
Grain 5 0.2359534 -0.8890321 0.05264323 -0.3888144
Grain 6 0.4067319 0.8952819 0.06601198 0.1693574
Grain 7 0 1 0 0
Grain 8 0.09108475 -0.9289551 -0.09323584 0.3464867
Grain 9 0.693998 0.6074974 0.201967 0.3294284
Grain 10 -0.02182746 0.9226119 -0.06895345 0.3788882
Grain 11 0.1931144 -0.8783504 -0.2203076 0.3777193
Grain 12 0.007140979 -0.9250032 0.1096851 0.3637133
Grain 13 0 1 0 0
Grain 14 0 1 0 0
Grain 15 0 1 0 0
Grain 16 0 1 0 0
Grain 17 0.3306915 0.9084394 0.05400534 0.2499291
Grain 18 0 1 0 0
Grain 19 0.3512009 0.9117829 -0.004213594 0.2128194
Guest-2 ori 348.0639 348.402
Grain 0 0 1 0 0
Grain 1 0.3873734 0.8689111 0.2113793 0.2241742
Grain 2 0.3722267 0.509022 -0.1885965 -0.7528448
Grain 3 0.3736058 -0.8778533 0.01472963 -0.2992913
Grain 4 0 1 0 0
Grain 5 0.2359534 -0.8890321 0.05264323 -0.3888144
Grain 6 0.4067319 0.8952819 0.06601198 0.1693574
Grain 7 0 1 0 0
Grain 8 0.09108475 -0.9289551 -0.09323584 0.3464867
Grain 9 0.693998 0.6074974 0.201967 0.3294284
Grain 10 -0.01975396 0.9223142 -0.07277905 0.3790115
Grain 11 0.1931144 -0.8783504 -0.2203076 0.3777193
Grain 12 0.007140979 -0.9250032 0.1096851 0.3637133
Grain 13 0 1 0 0
Grain 14 0.1135879 0.9925396 0.009737281 0.04322165
Grain 15 0 1 0 0
Grain 16 0 1 0 0
Grain 17 0.3306915 0.9084394 0.05400534 0.2499291
Grain 18 0 1 0 0
Grain 19 0.3512009 0.9117829 -0.004213594 0.2128194
Guest-2 ori 349.0039 354.9615
Grain 0 0 1 0 0
Grain 1 0.3873734 0.8689111 0.2113793 0.2241742
Grain 2 0.3722267 0.509022 -0.1885965 -0.7528448
Grain 3 0.3736058 -0.8778533 0.01472963 -0.2992913
Grain 4 0 1 0 0
Grain 5 0.2359534 -0.8890321 0.05264323 -0.3888144
Grain 6 0.4067319 0.8952819 0.06601198 0.1693574
Grain 7 0 1 0 0
Grain 8 0.09108475 -0.9289551 -0.09323584 0.3464867
Grain 9 0.693998 0.6074974 0.201967 0.3294284
Grain 10 -0.01975396 0.9223142 -0.07277905 0.3790115
Grain 11 0.1931144 -0.8783504 -0.2203076 0.3777193
Grain 12 0.007140979 -0.9250032 0.1096851 0.3637133
Grain 13 0 1 0 0
Grain 14 0.2278987 0.8321872 0.2584535 0.434429
Grain 15 0 1 0 0
Grain 16 0 1 0 0
Grain 17 0.3306915 0.9084394 0.05400534 0.2499291
Grain 18 0 1 0 0
Grain 19 0.3512009 0.9117829 -0.004213594 0.2128194
Guest-2 ori 367.2679 372.4786
Grain 0 0 1 0 0
Grain 1 0.3873734 0.8689111 0.2113793 0.2241742
Grain 2 0.3722267 0.509022 -0.1885965 -0.7528448
Grain 3 0.3736058 -0.8778533 0.01472963 -0.2992913
Grain 4 0 1 0 0
Grain 5 0.2359534 -0.8890321 0.05264323 -0.3888144
Grain 6 0.4067319 0.8952819 0.06601198 0.1693574
Grain 7 0 1 0 0
Grain 8 0.09108475 -0.9289551 -0.09323584 0.3464867
Grain 9 0.693998 0.6074974 0.201967 0.3294284
Grain 10 -0.01975396 0.9223142 -0.07277905 0.3790115
Grain 11 0.1931144 -0.8783504 -0.2203076 0.3777193
Grain 12 0.007140979 -0.9250032 0.1096851 0.3637133
Grain 13 0.1517552 -0.9839539 -0.08662736 -0.03606765
Grain 14 0.2238092 0.8326344 0.2581808 0.4358578
Grain 15 0 1 0 0
Grain 16 0 1 0 0
Grain 17 0.3306915 0.9084394 0.05400534 0.2499291
Grain 18 0 1 0 0
Grain 19 0.3512009 0.9117829 -0.004213594 0.2128194
Guest-2 ori 374.6594 381.3491
Grain 0 0 1 0 0
Grain 1 0.3873734 0.8689111 0.2113793 0.2241742
Grain 2 0.3722267 0.509022 -0.1885965 -0.7528448
Grain 3 0.3736058 -0.8778533 0.01472963 -0.2992913
Grain 4 0 1 0 0
Grain 5 0.2359534 -0.8890321 0.05264323 -0.3888144
Grain 6 0.4067319 0.8952819 0.06601198 0.1693574
Grain 7 0 1 0 0
Grain 8 0.09108475 -0.9289551 -0.09323584 0.3464867
Grain 9 0.693998 0.6074974 0.201967 0.3294284
Grain 10 -0.01975396 0.9223142 -0.07277905 0.3790115
Grain 11 0.1931144 -0.8783504 -0.2203076 0.3777193
Grain 12 0.007140979 -0.9250032 0.1096851 0.3637133
Grain 13 0.1025835 0.885466 -0.4489837 -0.0619699
Grain 14 0.2238092 0.8326344 0.2581808 0.4358578
Grain 15 0 1 0 0
Grain 16 0 1 0 0
Grain 17 0.3306915 0.9084394 0.05400534 0.2499291
Grain 18 0 1 0 0
Grain 19 0.3512009 0.9117829 -0.004213594 0.2128194
Guest-2 ori 392.6306 395.7326
Grain 0 0 1 0 0
Grain 1 0.3873734 0.8689111 0.2113793 0.2241742
Grain 2 0.3722267 0.509022 -0.1885965 -0.7528448
Grain 3 0.3736058 -0.8778533 0.01472963 -0.2992913
Grain 4 0 1 0 0
Grain 5 0.2359534 -0.8890321 0.05264323 -0.3888144
Grain 6 0.4067319 0.8952819 0.06601198 0.1693574
Grain 7 0 1 0 0
Grain 8 0.09108475 -0.9289551 -0.09323584 0.3464867
Grain 9 0.693998 0.6074974 0.201967 0.3294284
Grain 10 -0.01975396 0.9223142 -0.07277905 0.3790115
Grain 11 0.1931144 -0.8783504 -0.2203076 0.3777193
Grain 12 0.007140979 -0.9250032 0.1096851 0.3637133
Grain 13 0.1025835 0.885466 -0.4489837 -0.0619699
Grain 14 0.2238092 0.8326344 0.2581808 0.4358578
Grain 15 0.0758864 0.9263027 -0.1282571 -0.346056
Grain 16 0 1 0 0
Grain 17 0.3306915 0.9084394 0.05400534 0.2499291
Grain 18 0 1 0 0
Grain 19 0.3512009 0.9117829 -0.004213594 0.2128194
Guest-2 ori 407.6594 413.723
Grain 0 0 1 0 0
Grain 1 0.3873734 0.8689111 0.2113793 0.2241742
Grain 2 0.3722267 0.509022 -0.1885965 -0.7528448
Grain 3 0.3736058 -0.8778533 0.01472963 -0.2992913
Grain 4 0 1 0 0
Grain 5 0.2359534 -0.8890321 0.05264323 -0.3888144
Grain 6 0.7672088 0.5598086 0.2991956 0.09212524
Grain 7 0 1 0 0
Grain 8 0.09108475 -0.9289551 -0.09323584 0.3464867
Grain 9 0.693998 0.6074974 0.201967 0.3294284
Grain 10 -0.01975396 0.9223142 -0.07277905 0.3790115
Grain 11 0.1931144 -0.8783504 -0.2203076 0.3777193
Grain 12 0.007140979 -0.9250032 0.1096851 0.3637133
Grain 13 0.1025835 0.885466 -0.4489837 -0.0619699
Grain 14 0.2238092 0.8326344 0.2581808 0.4358578
Grain 15 0.0758864 0.9263027 -0.1282571 -0.346056
Grain 16 0 1 0 0
Grain 17 0.3306915 0.9084394 0.05400534 0.2499291
Grain 18 0 1 0 0
Grain 19 0.3512009 0.9117829 -0.004213594 0.2128194
Guest-2 ori 426.8887 435.6554
Grain 0 0 1 0 0
Grain 1 0.3873734 0.8689111 0.2113793 0.2241742
Grain 2 -0.4628384 -0.2448662 0.2583808 0.8118254
Grain 3 0.3736058 -0.8778533 0.01472963 -0.2992913
Grain 4 0 1 0 0
Grain 5 0.2359534 -0.8890321 0.05264323 -0.3888144
Grain 6 0.7672088 0.5598086 0.2991956 0.09212524
Grain 7 0 1 0 0
Grain 8 0.09108475 -0.9289551 -0.09323584 0.3464867
Grain 9 0.693998 0.6074974 0.201967 0.3294284
Grain 10 -0.01975396 0.9223142 -0.07277905 0.3790115
Grain 11 0.1931144 -0.8783504 -0.2203076 0.3777193
Grain 12 0.007140979 -0.9250032 0.1096851 0.3637133
Grain 13 0.1025835 0.885466 -0.4489837 -0.0619699
Grain 14 0.2238092 0.8326344 0.2581808 0.4358578
Grain 15 0.0758864 0.9263027 -0.1282571 -0.346056
Grain 16 0 1 0 0
Grain 17 0.3306915 0.9084394 0.05400534 0.2499291
Grain 18 0 1 0 0
Grain 19 0.3512009 0.9117829 -0.004213594 0.2128194
Guest-2 ori 447.5459 457.6037
Grain 0 0 1 0 0
Grain 1 0.3873734 0.8689111 0.2113793 0.2241742
Grain 2 -0.4628384 -0.2448662 0.2583808 0.8118254
Grain 3 0.3736058 -0.8778533 0.01472963 -0.2992913
Grain 4 0 1 0 0
Grain 5 0.3262194 -0.895882 0.07349899 -0.2925309
Grain 6 0.7672088 0.5598086 0.2991956 0.09212524
Grain 7 0 1 0 0
Grain 8 0.09108475 -0.9289551 -0.09323584 0.3464867
Grain 9 0.693998 0.6074974 0.201967 0.3294284
Grain 10 -0.01975396 0.9223142 -0.07277905 0.3790115
Grain 11 0.1931144 -0.8783504 -0.2203076 0.3777193
Grain 12 0.007140979 -0.9250032 0.1096851 0.3637133
Grain 13 0.1025835 0.885466 -0.4489837 -0.0619699
Grain 14 0.2238092 0.8326344 0.2581808 0.4358578
Grain 15 0.0758864 0.9263027 -0.1282571 -0.346056
Grain 16 0 1 0 0
Grain 17 0.3306915 0.9084394 0.05400534 0.2499291
Grain 18 0 1 0 0
Grain 19 0.3512009 0.9117829 -0.004213594 0.2128194
Guest-2 ori 467.7371 477.1594
Grain 0 0 1 0 0
Grain 1 0.3873734 0.8689111 0.2113793 0.2241742
Grain 2 -0.4628384 -0.2448662 0.2583808 0.8118254
Grain 3 0.3736058 -0.8778533 0.01472963 -0.2992913
Grain 4 0 1 0 0
Grain 5 0.3262194 -0.895882 0.07349899 -0.2925309
Grain 6 0.7236508 0.6153446 0.3097041 0.04199886
Grain 7 0 1 0 0
Grain 8 0.09108475 -0.9289551 -0.09323584 0.3464867
Grain 9 0.693998 0.6074974 0.201967 0.3294284
Grain 10 -0.01975396 0.9223142 -0.07277905 0.3790115
Grain 11 0.1931144 -0.8783504 -0.2203076 0.3777193
Grain 12 0.007140979 -0.9250032 0.1096851 0.3637133
Grain 13 0.1025835 0.885466 -0.4489837 -0.0619699
Grain 14 0.2238092 0.8326344 0.2581808 0.4358578
Grain 15 0.0758864 0.9263027 -0.1282571 -0.346056
Grain 16 0 1 0 0
Grain 17 0.3306915 0.9084394 0.05400534 0.2499291
Grain 18 0 1 0 0
Grain 19 0.3512009 0.9117829 -0.004213594 0.2128194
Guest-2 ori 493.4931 494.6095
Grain 0 0 1 0 0
Grain 1 0.3873734 0.8689111 0.2113793 0.2241742
Grain 2 -0.4628384 -0.2448662 0.2583808 0.8118254
Grain 3 0.3736058 -0.8778533 0.01472963 -0.2992913
Grain 4 0 1 0 0
Grain 5 0.3262194 -0.895882 0.07349899 -0.2925309
Grain 6 0.7236508 0.6153446 0.3097041 0.04199886
Grain 7 0 1 0 0
Grain 8 0.09108475 -0.9289551 -0.09323584 0.3464867
Grain 9 0.693998 0.6074974 0.201967 0.3294284
Grain 10 -0.01975396 0.9223142 -0.07277905 0.3790115
Grain 11 0.1931144 -0.8783504 -0.2203076 0.3777193
Grain 12 0.007140979 -0.9250032 0.1096851 0.3637133
Grain 13 0.1025835 0.885466 -0.4489837 -0.0619699
Grain 14 0.2238092 0.8326344 0.2581808 0.4358578
Grain 15 0.0758864 0.9263027 -0.1282571 -0.346056
Grain 16 0 1 0 0
Grain 17 0.3306915 0.9084394 0.05400534 0.2499291
Grain 18 0 1 0 0
Grain 19 0.3852988 0.8821456 0.006666347 0.2707757
