Guest-0 ori 2454.416 2458.692
Grain 0 0 1 0 0
Grain 1 0 1 0 0
Grain 2 0 1 0 0
Grain 3 0 1 0 0
Grain 4 0 1 0 0
Grain 5 0 1 0 0
Grain 6 0 1 0 0
Grain 7 0 1 0 0
Grain 8 0 1 0 0
Grain 9 0 1 0 0
Grain 10 0 1 0 0
Grain 11 0 1 0 0
Grain 12 0 1 0 0
Grain 13 0 1 0 0
Grain 14 0 1 0 0
Grain 15 0 1 0 0
Grain 16 0 1 0 0
Grain 17 0 1 0 0
Grain 18 0 1 0 0
Grain 19 0.3447605 -0.6081331 0.6602768 0.2744976
Guest-0 ori 2459.194 2460.039
Grain 0 0 1 0 0
Grain 1 0 1 0 0
Grain 2 0 1 0 0
Grain 3 0 1 0 0
Grain 4 0 1 0 0
Grain 5 0 1 0 0
Grain 6 0 1 0 0
Grain 7 0 1 0 0
Grain 8 0 1 0 0
Grain 9 0 1 0 0
Grain 10 0 1 0 0
Grain 11 0 1 0 0
Grain 12 0 1 0 0
Grain 13 0 1 0 0
Grain 14 0 1 0 0
Grain 15 0 1 0 0
Grain 16 0 1 0 0
Grain 17 0 1 0 0
Grain 18 0 1 0 0
Grain 19 0.3234414 -0.3899398 0.6241839 0.5947496
Guest-0 ori 2461.071 2462.161
Grain 0 0 1 0 0
Grain 1 0 1 0 0
Grain 2 0 1 0 0
Grain 3 0 1 0 0
Grain 4 0 1 0 0
Grain 5 0 1 0 0
Grain 6 0 1 0 0
Grain 7 0 1 0 0
Grain 8 0 1 0 0
Grain 9 0 1 0 0
Grain 10 0 1 0 0
Grain 11 0 1 0 0
Grain 12 0 1 0 0
Grain 13 0 1 0 0
Grain 14 0 1 0 0
Grain 15 0 1 0 0
Grain 16 0 1 0 0
Grain 17 0 1 0 0
Grain 18 0 1 0 0
Grain 19 0.3742756 -0.7093461 0.5787997 0.1474341
Guest-0 ori 2464.107 2467.068
Grain 0 0 1 0 0
Grain 1 0 1 0 0
Grain 2 0 1 0 0
Grain 3 0 1 0 0
Grain 4 0 1 0 0
Grain 5 0 1 0 0
Grain 6 0 1 0 0
Grain 7 0 1 0 0
Grain 8 0 1 0 0
Grain 9 0 1 0 0
Grain 10 0 1 0 0
Grain 11 0 1 0 0
Grain 12 0 1 0 0
Grain 13 0 1 0 0
Grain 14 0 1 0 0
Grain 15 0 1 0 0
Grain 16 0 1 0 0
Grain 17 0 1 0 0
Grain 18 0 1 0 0
Grain 19 0.5989355 -0.6548453 0.4609215 0.002286017
Guest-0 ori 2467.902 2468.607
Grain 0 0 1 0 0
Grain 1 0 1 0 0
Grain 2 0 1 0 0
Grain 3 0 1 0 0
Grain 4 0 1 0 0
Grain 5 0 1 0 0
Grain 6 0 1 0 0
Grain 7 0 1 0 0
Grain 8 0 1 0 0
Grain 9 0 1 0 0
Grain 10 0 1 0 0
Grain 11 0 1 0 0
Grain 12 0 1 0 0
Grain 13 0 1 0 0
Grain 14 0 1 0 0
Grain 15 0 1 0 0
Grain 16 0 1 0 0
Grain 17 0 1 0 0
Grain 18 0 1 0 0
Grain 19 0.5249032 -0.7373356 0.4093175 -0.1152045
Guest-0 ori 2474.98 2482.439
Grain 0 0 1 0 0
Grain 1 0 1 0 0
Grain 2 0 1 0 0
Grain 3 0 1 0 0
Grain 4 0 1 0 0
Grain 5 0 1 0 0
Grain 6 0 1 0 0
Grain 7 0 1 0 0
Grain 8 0 1 0 0
Grain 9 0 1 0 0
Grain 10 0 1 0 0
Grain 11 0 1 0 0
Grain 12 0 1 0 0
Grain 13 0 1 0 0
Grain 14 0 1 0 0
Grain 15 0 1 0 0
Grain 16 0 1 0 0
Grain 17 0 1 0 0
Grain 18 0 1 0 0
Grain 19 0.4180728 -0.7817132 0.4590852 -0.05814192
Guest-0 ori 2487.619 2491.681
Grain 0 0 1 0 0
Grain 1 0 1 0 0
Grain 2 0 1 0 0
Grain 3 0 1 0 0
Grain 4 0 1 0 0
Grain 5 0 1 0 0
Grain 6 0 1 0 0
Grain 7 0 1 0 0
Grain 8 0 1 0 0
Grain 9 0.3706115 0.9268925 0.05277862 -0.02705585
Grain 10 0 1 0 0
Grain 11 0 1 0 0
Grain 12 0 1 0 0
Grain 13 0 1 0 0
Grain 14 0 1 0 0
Grain 15 0 1 0 0
Grain 16 0 1 0 0
Grain 17 0 1 0 0
Grain 18 0 1 0 0
Grain 19 0.4180728 -0.7817132 0.4590852 -0.05814192
Guest-0 ori 2495.269 2495.382
Grain 0 0 1 0 0
Grain 1 0 1 0 0
Grain 2 0 1 0 0
Grain 3 0 1 0 0
Grain 4 0 1 0 0
Grain 5 0 1 0 0
Grain 6 0 1 0 0
Grain 7 0 1 0 0
Grain 8 0 1 0 0
Grain 9 0.3777113 0.9230021 0.05914147 -0.04363064
Grain 10 0 1 0 0
Grain 11 0 1 0 0
Grain 12 0 1 0 0
Grain 13 0 1 0 0
Grain 14 0 1 0 0
Grain 15 0 1 0 0
Grain 16 0 1 0 0
Grain 17 0 1 0 0
Grain 18 0 1 0 0
Grain 19 0.4180728 -0.7817132 0.4590852 -0.05814192
Guest-0 OptGrain 9 168 37.35573 43.43223
Grain 0 0 1 0 0
Grain 1 0 1 0 0
Grain 2 0 1 0 0
Grain 3 0 1 0 0
Grain 4 0 1 0 0
Grain 5 0 1 0 0
Grain 6 0 1 0 0
Grain 7 0 1 0 0
Grain 8 0 1 0 0
Grain 9 0.3561022 0.8567674 0.3262154 -0.1808993
Grain 10 0 1 0 0
Grain 11 0 1 0 0
Grain 12 0 1 0 0
Grain 13 0 1 0 0
Grain 14 0 1 0 0
Grain 15 0 1 0 0
Grain 16 0 1 0 0
Grain 17 0 1 0 0
Grain 18 0 1 0 0
Grain 19 0.4180728 -0.7817132 0.4590852 -0.05814192
Guest-0 OptGrain 9 162 37.68907 43.43223
Grain 0 0 1 0 0
Grain 1 0 1 0 0
Grain 2 0 1 0 0
Grain 3 0 1 0 0
Grain 4 0 1 0 0
Grain 5 0 1 0 0
Grain 6 0 1 0 0
Grain 7 0 1 0 0
Grain 8 0 1 0 0
Grain 9 0.3561022 0.8567674 0.3262154 -0.1808993
Grain 10 0 1 0 0
Grain 11 0 1 0 0
Grain 12 0 1 0 0
Grain 13 0 1 0 0
Grain 14 0 1 0 0
Grain 15 0 1 0 0
Grain 16 0 1 0 0
Grain 17 0 1 0 0
Grain 18 0 1 0 0
Grain 19 0.4180728 -0.7817132 0.4590852 -0.05814192
Guest-0 ori 2514.912 2515.013
Grain 0 0 1 0 0
Grain 1 0 1 0 0
Grain 2 0 1 0 0
Grain 3 0 1 0 0
Grain 4 0 1 0 0
Grain 5 0 1 0 0
Grain 6 0 1 0 0
Grain 7 0 1 0 0
Grain 8 0 1 0 0
Grain 9 0.357278 0.8611544 0.3156205 -0.1764917
Grain 10 0 1 0 0
Grain 11 0 1 0 0
Grain 12 0 1 0 0
Grain 13 0 1 0 0
Grain 14 0 1 0 0
Grain 15 0 1 0 0
Grain 16 0 1 0 0
Grain 17 0 1 0 0
Grain 18 0 1 0 0
Grain 19 0.4180728 -0.7817132 0.4590852 -0.05814192
Guest-0 ori 2520.075 2525.536
Grain 0 0 1 0 0
Grain 1 0 1 0 0
Grain 2 0 1 0 0
Grain 3 0 1 0 0
Grain 4 0 1 0 0
Grain 5 0 1 0 0
Grain 6 0 1 0 0
Grain 7 0 1 0 0
Grain 8 0 1 0 0
Grain 9 0.3558837 0.8604733 0.3168534 -0.1803788
Grain 10 0 1 0 0
Grain 11 0.03828927 -0.8999896 -0.08587352 -0.4256506
Grain 12 0 1 0 0
Grain 13 0 1 0 0
Grain 14 0 1 0 0
Grain 15 0 1 0 0
Grain 16 0 1 0 0
Grain 17 0 1 0 0
Grain 18 0 1 0 0
Grain 19 0.4180728 -0.7817132 0.4590852 -0.05814192
Guest-0 ori 2528.586 2535.313
Grain 0 0 1 0 0
Grain 1 0 1 0 0
Grain 2 0.4022103 0.9123582 0.05141212 0.05644514
Grain 3 0 1 0 0
Grain 4 0 1 0 0
Grain 5 0 1 0 0
Grain 6 0 1 0 0
Grain 7 0 1 0 0
Grain 8 0 1 0 0
Grain 9 0.3558837 0.8604733 0.3168534 -0.1803788
Grain 10 0 1 0 0
Grain 11 0.03828927 -0.8999896 -0.08587352 -0.4256506
Grain 12 0 1 0 0
Grain 13 0 1 0 0
Grain 14 0 1 0 0
Grain 15 0 1 0 0
Grain 16 0 1 0 0
Grain 17 0 1 0 0
Grain 18 0 1 0 0
Grain 19 0.4180728 -0.7817132 0.4590852 -0.05814192
Guest-0 ori 2537.993 2538.108
Grain 0 0 1 0 0
Grain 1 0 1 0 0
Grain 2 0.4064627 0.9103503 0.04953572 0.05997236
Grain 3 0 1 0 0
Grain 4 0 1 0 0
Grain 5 0 1 0 0
Grain 6 0 1 0 0
Grain 7 0 1 0 0
Grain 8 0 1 0 0
Grain 9 0.3558837 0.8604733 0.3168534 -0.1803788
Grain 10 0 1 0 0
Grain 11 0.03828927 -0.8999896 -0.08587352 -0.4256506
Grain 12 0 1 0 0
Grain 13 0 1 0 0
Grain 14 0 1 0 0
Grain 15 0 1 0 0
Grain 16 0 1 0 0
Grain 17 0 1 0 0
Grain 18 0 1 0 0
Grain 19 0.4180728 -0.7817132 0.4590852 -0.05814192
Guest-0 ori 2541.979 2548.718
Grain 0 0.03924676 -0.9990751 0.01671791 0.005417459
Grain 1 0 1 0 0
Grain 2 0.4064627 0.9103503 0.04953572 0.05997236
Grain 3 0 1 0 0
Grain 4 0 1 0 0
Grain 5 0 1 0 0
Grain 6 0 1 0 0
Grain 7 0 1 0 0
Grain 8 0 1 0 0
Grain 9 0.3558837 0.8604733 0.3168534 -0.1803788
Grain 10 0 1 0 0
Grain 11 0.03828927 -0.8999896 -0.08587352 -0.4256506
Grain 12 0 1 0 0
Grain 13 0 1 0 0
Grain 14 0 1 0 0
Grain 15 0 1 0 0
Grain 16 0 1 0 0
Grain 17 0 1 0 0
Grain 18 0 1 0 0
Grain 19 0.4180728 -0.7817132 0.4590852 -0.05814192
Guest-0 ori 2552.298 2556.963
Grain 0 0.03924676 -0.9990751 0.01671791 0.005417459
Grain 1 0 1 0 0
Grain 2 0.4064627 0.9103503 0.04953572 0.05997236
Grain 3 0 1 0 0
Grain 4 0 1 0 0
Grain 5 0 1 0 0
Grain 6 0 1 0 0
Grain 7 0 1 0 0
Grain 8 0.2189075 0.970754 -0.06019562 -0.07805605
Grain 9 0.3558837 0.8604733 0.3168534 -0.1803788
Grain 10 0 1 0 0
Grain 11 0.03828927 -0.8999896 -0.08587352 -0.4256506
Grain 12 0 1 0 0
Grain 13 0 1 0 0
Grain 14 0 1 0 0
Grain 15 0 1 0 0
Grain 16 0 1 0 0
Grain 17 0 1 0 0
Grain 18 0 1 0 0
Grain 19 0.4180728 -0.7817132 0.4590852 -0.05814192
Guest-0 ori 2560.157 2562.446
Grain 0 0.03924676 -0.9990751 0.01671791 0.005417459
Grain 1 0.2670523 0.956405 0.01074874 0.1177156
Grain 2 0.4064627 0.9103503 0.04953572 0.05997236
Grain 3 0 1 0 0
Grain 4 0 1 0 0
Grain 5 0 1 0 0
Grain 6 0 1 0 0
Grain 7 0 1 0 0
Grain 8 0.2150317 0.9713793 -0.05825308 -0.08240241
Grain 9 0.3558837 0.8604733 0.3168534 -0.1803788
Grain 10 0 1 0 0
Grain 11 0.03828927 -0.8999896 -0.08587352 -0.4256506
Grain 12 0 1 0 0
Grain 13 0 1 0 0
Grain 14 0 1 0 0
Grain 15 0 1 0 0
Grain 16 0 1 0 0
Grain 17 0 1 0 0
Grain 18 0 1 0 0
Grain 19 0.4180728 -0.7817132 0.4590852 -0.05814192
Guest-0 ori 2563.342 2563.621
Grain 0 0.03924676 -0.9990751 0.01671791 0.005417459
Grain 1 0.3106534 0.8238488 -0.07796331 0.4676423
Grain 2 0.4064627 0.9103503 0.04953572 0.05997236
Grain 3 0 1 0 0
Grain 4 0 1 0 0
Grain 5 0 1 0 0
Grain 6 0 1 0 0
Grain 7 0 1 0 0
Grain 8 0.2150317 0.9713793 -0.05825308 -0.08240241
Grain 9 0.3558837 0.8604733 0.3168534 -0.1803788
Grain 10 0 1 0 0
Grain 11 0.03828927 -0.8999896 -0.08587352 -0.4256506
Grain 12 0 1 0 0
Grain 13 0 1 0 0
Grain 14 0 1 0 0
Grain 15 0 1 0 0
Grain 16 0 1 0 0
Grain 17 0 1 0 0
Grain 18 0 1 0 0
Grain 19 0.4180728 -0.7817132 0.4590852 -0.05814192
Guest-0 ori 2567.767 2571.934
Grain 0 0.03924676 -0.9990751 0.01671791 0.005417459
Grain 1 0.3207198 0.7972234 -0.08236029 0.5047677
Grain 2 0.4064627 0.9103503 0.04953572 0.05997236
Grain 3 0 1 0 0
Grain 4 0 1 0 0
Grain 5 0.3792075 0.9194753 0.04750483 0.09225092
Grain 6 0 1 0 0
Grain 7 0 1 0 0
Grain 8 0.2150317 0.9713793 -0.05825308 -0.08240241
Grain 9 0.3558837 0.8604733 0.3168534 -0.1803788
Grain 10 0 1 0 0
Grain 11 0.03828927 -0.8999896 -0.08587352 -0.4256506
Grain 12 0 1 0 0
Grain 13 0 1 0 0
Grain 14 0 1 0 0
Grain 15 0 1 0 0
Grain 16 0 1 0 0
Grain 17 0 1 0 0
Grain 18 0 1 0 0
Grain 19 0.4180728 -0.7817132 0.4590852 -0.05814192
Guest-0 ori 2575.161 2583.507
Grain 0 0.03924676 -0.9990751 0.01671791 0.005417459
Grain 1 0.3207198 0.7972234 -0.08236029 0.5047677
Grain 2 0.4064627 0.9103503 0.04953572 0.05997236
Grain 3 0 1 0 0
Grain 4 0.01347343 0.9961425 -0.05328808 0.0684036
Grain 5 0.383146 0.9177991 0.04835133 0.09222839
Grain 6 0 1 0 0
Grain 7 0 1 0 0
Grain 8 0.2150317 0.9713793 -0.05825308 -0.08240241
Grain 9 0.3558837 0.8604733 0.3168534 -0.1803788
Grain 10 0 1 0 0
Grain 11 0.03828927 -0.8999896 -0.08587352 -0.4256506
Grain 12 0 1 0 0
Grain 13 0 1 0 0
Grain 14 0 1 0 0
Grain 15 0 1 0 0
Grain 16 0 1 0 0
Grain 17 0 1 0 0
Grain 18 0 1 0 0
Grain 19 0.4180728 -0.7817132 0.4590852 -0.05814192
Guest-0 ori 2586.971 2592.615
Grain 0 0.03924676 -0.9990751 0.01671791 0.005417459
Grain 1 0.3207198 0.7972234 -0.08236029 0.5047677
Grain 2 0.4064627 0.9103503 0.04953572 0.05997236
Grain 3 0 1 0 0
Grain 4 0.009347798 0.9964972 -0.05321445 0.06382927
Grain 5 0.383146 0.9177991 0.04835133 0.09222839
Grain 6 0 1 0 0
Grain 7 0 1 0 0
Grain 8 0.2150317 0.9713793 -0.05825308 -0.08240241
Grain 9 0.3558837 0.8604733 0.3168534 -0.1803788
Grain 10 0 1 0 0
Grain 11 0.03828927 -0.8999896 -0.08587352 -0.4256506
Grain 12 0 1 0 0
Grain 13 0 1 0 0
Grain 14 0 1 0 0
Grain 15 0.4226065 -0.8659806 -0.2380134 0.1217824
Grain 16 0 1 0 0
Grain 17 0 1 0 0
Grain 18 0 1 0 0
Grain 19 0.4180728 -0.7817132 0.4590852 -0.05814192
Guest-0 ori 2599.393 2603.723
Grain 0 0.03924676 -0.9990751 0.01671791 0.005417459
Grain 1 0.3207198 0.7972234 -0.08236029 0.5047677
Grain 2 0.4064627 0.9103503 0.04953572 0.05997236
Grain 3 0.2156624 0.8965855 -0.3308161 0.2004618
Grain 4 0.009347798 0.9964972 -0.05321445 0.06382927
Grain 5 0.383146 0.9177991 0.04835133 0.09222839
Grain 6 0 1 0 0
Grain 7 0 1 0 0
Grain 8 0.2150317 0.9713793 -0.05825308 -0.08240241
Grain 9 0.3558837 0.8604733 0.3168534 -0.1803788
Grain 10 0 1 0 0
Grain 11 0.03828927 -0.8999896 -0.08587352 -0.4256506
Grain 12 0 1 0 0
Grain 13 0 1 0 0
Grain 14 0 1 0 0
Grain 15 0.4226065 -0.8659806 -0.2380134 0.1217824
Grain 16 0 1 0 0
Grain 17 0 1 0 0
Grain 18 0 1 0 0
Grain 19 0.4180728 -0.7817132 0.4590852 -0.05814192
Guest-0 ori 2612.814 2622.274
Grain 0 0.03924676 -0.9990751 0.01671791 0.005417459
Grain 1 0.3207198 0.7972234 -0.08236029 0.5047677
Grain 2 0.4064627 0.9103503 0.04953572 0.05997236
Grain 3 0.2156624 0.8965855 -0.3308161 0.2004618
Grain 4 0.009347798 0.9964972 -0.05321445 0.06382927
Grain 5 0.383146 0.9177991 0.04835133 0.09222839
Grain 6 0 1 0 0
Grain 7 0 1 0 0
Grain 8 0.2150317 0.9713793 -0.05825308 -0.08240241
Grain 9 0.3558837 0.8604733 0.3168534 -0.1803788
Grain 10 0.3224801 -0.5820659 -0.3165714 -0.6760091
Grain 11 0.03828927 -0.8999896 -0.08587352 -0.4256506
Grain 12 0 1 0 0
Grain 13 0 1 0 0
Grain 14 0 1 0 0
Grain 15 0.4226065 -0.8659806 -0.2380134 0.1217824
Grain 16 0 1 0 0
Grain 17 0 1 0 0
Grain 18 0 1 0 0
Grain 19 0.4180728 -0.7817132 0.4590852 -0.05814192
Guest-0 ori 2629.751 2632.999
Grain 0 0.03924676 -0.9990751 0.01671791 0.005417459
Grain 1 0.3207198 0.7972234 -0.08236029 0.5047677
Grain 2 0.4064627 0.9103503 0.04953572 0.05997236
Grain 3 0.2156624 0.8965855 -0.3308161 0.2004618
Grain 4 0.009347798 0.9964972 -0.05321445 0.06382927
Grain 5 0.383146 0.9177991 0.04835133 0.09222839
Grain 6 0 1 0 0
Grain 7 0.1949548 -0.9185822 0.1985352 -0.2806833
Grain 8 0.2150317 0.9713793 -0.05825308 -0.08240241
Grain 9 0.3558837 0.8604733 0.3168534 -0.1803788
Grain 10 0.3205207 -0.5831907 -0.3199333 -0.6743871
Grain 11 0.03828927 -0.8999896 -0.08587352 -0.4256506
Grain 12 0 1 0 0
Grain 13 0 1 0 0
Grain 14 0 1 0 0
Grain 15 0.4226065 -0.8659806 -0.2380134 0.1217824
Grain 16 0 1 0 0
Grain 17 0 1 0 0
Grain 18 0 1 0 0
Grain 19 0.4180728 -0.7817132 0.4590852 -0.05814192
Guest-0 ori 2638.16 2640.028
Grain 0 0.03924676 -0.9990751 0.01671791 0.005417459
Grain 1 0.3207198 0.7972234 -0.08236029 0.5047677
Grain 2 0.4064627 0.9103503 0.04953572 0.05997236
Grain 3 0.2156624 0.8965855 -0.3308161 0.2004618
Grain 4 0.009347798 0.9964972 -0.05321445 0.06382927
Grain 5 0.383146 0.9177991 0.04835133 0.09222839
Grain 6 0 1 0 0
Grain 7 0.1949548 -0.9185822 0.1985352 -0.2806833
Grain 8 0.2150317 0.9713793 -0.05825308 -0.08240241
Grain 9 0.3558837 0.8604733 0.3168534 -0.1803788
Grain 10 0.3205207 -0.5831907 -0.3199333 -0.6743871
Grain 11 0.03828927 -0.8999896 -0.08587352 -0.4256506
Grain 12 0 1 0 0
Grain 13 0 1 0 0
Grain 14 0 1 0 0
Grain 15 0.4226065 -0.8659806 -0.2380134 0.1217824
Grain 16 0 1 0 0
Grain 17 0.1014306 0.9790045 -0.1219023 0.1280698
Grain 18 0 1 0 0
Grain 19 0.4180728 -0.7817132 0.4590852 -0.05814192
Guest-0 OptGrain 17 426 155.4262 173.2612
Grain 0 0.03924676 -0.9990751 0.01671791 0.005417459
Grain 1 0.3207198 0.7972234 -0.08236029 0.5047677
Grain 2 0.4064627 0.9103503 0.04953572 0.05997236
Grain 3 0.2156624 0.8965855 -0.3308161 0.2004618
Grain 4 0.009347798 0.9964972 -0.05321445 0.06382927
Grain 5 0.383146 0.9177991 0.04835133 0.09222839
Grain 6 0 1 0 0
Grain 7 0.1949548 -0.9185822 0.1985352 -0.2806833
Grain 8 0.2150317 0.9713793 -0.05825308 -0.08240241
Grain 9 0.3558837 0.8604733 0.3168534 -0.1803788
Grain 10 0.3205207 -0.5831907 -0.3199333 -0.6743871
Grain 11 0.03828927 -0.8999896 -0.08587352 -0.4256506
Grain 12 0 1 0 0
Grain 13 0 1 0 0
Grain 14 0 1 0 0
Grain 15 0.4226065 -0.8659806 -0.2380134 0.1217824
Grain 16 0 1 0 0
Grain 17 0.08587893 0.8375173 -0.3794493 0.3836767
Grain 18 0 1 0 0
Grain 19 0.4180728 -0.7817132 0.4590852 -0.05814192
Guest-0 ori 2672.232 2678.991
Grain 0 0.03924676 -0.9990751 0.01671791 0.005417459
Grain 1 0.3207198 0.7972234 -0.08236029 0.5047677
Grain 2 0.4064627 0.9103503 0.04953572 0.05997236
Grain 3 0.2156624 0.8965855 -0.3308161 0.2004618
Grain 4 0.009347798 0.9964972 -0.05321445 0.06382927
Grain 5 0.383146 0.9177991 0.04835133 0.09222839
Grain 6 0 1 0 0
Grain 7 0.1949548 -0.9185822 0.1985352 -0.2806833
Grain 8 0.2150317 0.9713793 -0.05825308 -0.08240241
Grain 9 0.3558837 0.8604733 0.3168534 -0.1803788
Grain 10 0.3205207 -0.5831907 -0.3199333 -0.6743871
Grain 11 0.03828927 -0.8999896 -0.08587352 -0.4256506
Grain 12 0 1 0 0
Grain 13 0 1 0 0
Grain 14 0.3266704 0.8563093 0.3574159 0.1796518
Grain 15 0.4226065 -0.8659806 -0.2380134 0.1217824
Grain 16 0 1 0 0
Grain 17 0.09652116 0.8400234 -0.3753866 0.3796438
Grain 18 0 1 0 0
Grain 19 0.4180728 -0.7817132 0.4590852 -0.05814192
Guest-0 OptGrain 14 312 186.6274 196.1129
Grain 0 0.03924676 -0.9990751 0.01671791 0.005417459
Grain 1 0.3207198 0.7972234 -0.08236029 0.5047677
Grain 2 0.4064627 0.9103503 0.04953572 0.05997236
Grain 3 0.2156624 0.8965855 -0.3308161 0.2004618
Grain 4 0.009347798 0.9964972 -0.05321445 0.06382927
Grain 5 0.383146 0.9177991 0.04835133 0.09222839
Grain 6 0 1 0 0
Grain 7 0.1949548 -0.9185822 0.1985352 -0.2806833
Grain 8 0.2150317 0.9713793 -0.05825308 -0.08240241
Grain 9 0.3558837 0.8604733 0.3168534 -0.1803788
Grain 10 0.3205207 -0.5831907 -0.3199333 -0.6743871
Grain 11 0.03828927 -0.8999896 -0.08587352 -0.4256506
Grain 12 0 1 0 0
Grain 13 0 1 0 0
Grain 14 0.1404777 0.8476543 0.3583708 0.3651284
Grain 15 0.4226065 -0.8659806 -0.2380134 0.1217824
Grain 16 0 1 0 0
Grain 17 0.09652116 0.8400234 -0.3753866 0.3796438
Grain 18 0 1 0 0
Grain 19 0.4180728 -0.7817132 0.4590852 -0.05814192
Guest-0 ori 2702.128 2722.755
Grain 0 0.03924676 -0.9990751 0.01671791 0.005417459
Grain 1 0.3207198 0.7972234 -0.08236029 0.5047677
Grain 2 0.4064627 0.9103503 0.04953572 0.05997236
Grain 3 0.2156624 0.8965855 -0.3308161 0.2004618
Grain 4 0.009347798 0.9964972 -0.05321445 0.06382927
Grain 5 0.383146 0.9177991 0.04835133 0.09222839
Grain 6 0 1 0 0
Grain 7 0.1949548 -0.9185822 0.1985352 -0.2806833
Grain 8 0.2150317 0.9713793 -0.05825308 -0.08240241
Grain 9 0.3558837 0.8604733 0.3168534 -0.1803788
Grain 10 0.3205207 -0.5831907 -0.3199333 -0.6743871
Grain 11 0.03828927 -0.8999896 -0.08587352 -0.4256506
Grain 12 0 1 0 0
Grain 13 0 1 0 0
Grain 14 -0.1372861 -0.8444947 -0.3657541 -0.3663403
Grain 15 0.4226065 -0.8659806 -0.2380134 0.1217824
Grain 16 0.2582573 0.908533 0.3262399 0.03792829
Grain 17 0.09652116 0.8400234 -0.3753866 0.3796438
Grain 18 0 1 0 0
Grain 19 0.4180728 -0.7817132 0.4590852 -0.05814192
Guest-0 ori 2730.402 2737.145
Grain 0 0.03924676 -0.9990751 0.01671791 0.005417459
Grain 1 0.3207198 0.7972234 -0.08236029 0.5047677
Grain 2 0.4064627 0.9103503 0.04953572 0.05997236
Grain 3 0.3159026 0.8980592 -0.05973402 0.3002118
Grain 4 0.009347798 0.9964972 -0.05321445 0.06382927
Grain 5 0.383146 0.9177991 0.04835133 0.09222839
Grain 6 0 1 0 0
Grain 7 0.1949548 -0.9185822 0.1985352 -0.2806833
Grain 8 0.2150317 0.9713793 -0.05825308 -0.08240241
Grain 9 0.3558837 0.8604733 0.3168534 -0.1803788
Grain 10 0.3205207 -0.5831907 -0.3199333 -0.6743871
Grain 11 0.03828927 -0.8999896 -0.08587352 -0.4256506
Grain 12 0 1 0 0
Grain 13 0 1 0 0
Grain 14 -0.1372861 -0.8444947 -0.3657541 -0.3663403
Grain 15 0.4226065 -0.8659806 -0.2380134 0.1217824
Grain 16 0.2582573 0.908533 0.3262399 0.03792829
Grain 17 0.09652116 0.8400234 -0.3753866 0.3796438
Grain 18 0 1 0 0
Grain 19 0.4180728 -0.7817132 0.4590852 -0.05814192
Guest-0 ori 2758.912 2766.072
Grain 0 0.03924676 -0.9990751 0.01671791 0.005417459
Grain 1 0.3207198 0.7972234 -0.08236029 0.5047677
Grain 2 0.4064627 0.9103503 0.04953572 0.05997236
Grain 3 0.3159026 0.8980592 -0.05973402 0.3002118
Grain 4 0.009347798 0.9964972 -0.05321445 0.06382927
Grain 5 0.1960704 0.4298458 -0.8771466 0.08603995
Grain 6 0 1 0 0
Grain 7 0.1949548 -0.9185822 0.1985352 -0.2806833
Grain 8 0.2150317 0.9713793 -0.05825308 -0.08240241
Grain 9 0.3558837 0.8604733 0.3168534 -0.1803788
Grain 10 0.3205207 -0.5831907 -0.3199333 -0.6743871
Grain 11 0.03828927 -0.8999896 -0.08587352 -0.4256506
Grain 12 0 1 0 0
Grain 13 0 1 0 0
Grain 14 -0.1372861 -0.8444947 -0.3657541 -0.3663403
Grain 15 0.4226065 -0.8659806 -0.2380134 0.1217824
Grain 16 0.2582573 0.908533 0.3262399 0.03792829
Grain 17 0.09652116 0.8400234 -0.3753866 0.3796438
Grain 18 0 1 0 0
Grain 19 0.4180728 -0.7817132 0.4590852 -0.05814192
Guest-0 ori 2770.951 2777.078
Grain 0 0.03924676 -0.9990751 0.01671791 0.005417459
Grain 1 0.3207198 0.7972234 -0.08236029 0.5047677
Grain 2 0.3795727 0.903653 0.1983198 0.002274692
Grain 3 0.3159026 0.8980592 -0.05973402 0.3002118
Grain 4 0.009347798 0.9964972 -0.05321445 0.06382927
Grain 5 0.1974351 0.4261974 -0.8784766 0.08748816
Grain 6 0 1 0 0
Grain 7 0.1949548 -0.9185822 0.1985352 -0.2806833
Grain 8 0.2150317 0.9713793 -0.05825308 -0.08240241
Grain 9 0.3558837 0.8604733 0.3168534 -0.1803788
Grain 10 0.3205207 -0.5831907 -0.3199333 -0.6743871
Grain 11 0.03828927 -0.8999896 -0.08587352 -0.4256506
Grain 12 0 1 0 0
Grain 13 0 1 0 0
Grain 14 -0.1372861 -0.8444947 -0.3657541 -0.3663403
Grain 15 0.4226065 -0.8659806 -0.2380134 0.1217824
Grain 16 0.2582573 0.908533 0.3262399 0.03792829
Grain 17 0.09652116 0.8400234 -0.3753866 0.3796438
Grain 18 0 1 0 0
Grain 19 0.4180728 -0.7817132 0.4590852 -0.05814192
Guest-0 ori 2784.108 2794.762
Grain 0 0.2412801 -0.9693465 0.008683673 -0.04556243
Grain 1 0.3207198 0.7972234 -0.08236029 0.5047677
Grain 2 0.3795727 0.903653 0.1983198 0.002274692
Grain 3 0.3159026 0.8980592 -0.05973402 0.3002118
Grain 4 0.009347798 0.9964972 -0.05321445 0.06382927
Grain 5 0.1974351 0.4261974 -0.8784766 0.08748816
Grain 6 0 1 0 0
Grain 7 0.1949548 -0.9185822 0.1985352 -0.2806833
Grain 8 0.2150317 0.9713793 -0.05825308 -0.08240241
Grain 9 0.3558837 0.8604733 0.3168534 -0.1803788
Grain 10 0.3205207 -0.5831907 -0.3199333 -0.6743871
Grain 11 0.03828927 -0.8999896 -0.08587352 -0.4256506
Grain 12 0 1 0 0
Grain 13 0 1 0 0
Grain 14 -0.1372861 -0.8444947 -0.3657541 -0.3663403
Grain 15 0.4226065 -0.8659806 -0.2380134 0.1217824
Grain 16 0.2582573 0.908533 0.3262399 0.03792829
Grain 17 0.09652116 0.8400234 -0.3753866 0.3796438
Grain 18 0 1 0 0
Grain 19 0.4180728 -0.7817132 0.4590852 -0.05814192
Guest-0 ori 2806.803 2814.149
Grain 0 0.2412801 -0.9693465 0.008683673 -0.04556243
Grain 1 0.3207198 0.7972234 -0.08236029 0.5047677
Grain 2 0.3795727 0.903653 0.1983198 0.002274692
Grain 3 0.3159026 0.8980592 -0.05973402 0.3002118
Grain 4 0.009347798 0.9964972 -0.05321445 0.06382927
Grain 5 0.1974351 0.4261974 -0.8784766 0.08748816
Grain 6 0 1 0 0
Grain 7 0.1949548 -0.9185822 0.1985352 -0.2806833
Grain 8 0.2150317 0.9713793 -0.05825308 -0.08240241
Grain 9 0.3558837 0.8604733 0.3168534 -0.1803788
Grain 10 0.3205207 -0.5831907 -0.3199333 -0.6743871
Grain 11 0.03828927 -0.8999896 -0.08587352 -0.4256506
Grain 12 0 1 0 0
Grain 13 0.2696025 0.8980262 0.2586356 0.2323167
Grain 14 -0.1372861 -0.8444947 -0.3657541 -0.3663403
Grain 15 0.4226065 -0.8659806 -0.2380134 0.1217824
Grain 16 0.2582573 0.908533 0.3262399 0.03792829
Grain 17 0.09652116 0.8400234 -0.3753866 0.3796438
Grain 18 0 1 0 0
Grain 19 0.4180728 -0.7817132 0.4590852 -0.05814192
