Guest-2 ori 971.6188 971.9869
Grain 0 0 1 0 0
Grain 1 0 1 0 0
Grain 2 0 1 0 0
Grain 3 0 1 0 0
Grain 4 0 1 0 0
Grain 5 0 1 0 0
Grain 6 0 1 0 0
Grain 7 0 1 0 0
Grain 8 0 1 0 0
Grain 9 0 1 0 0
Grain 10 0 1 0 0
Grain 11 0 1 0 0
Grain 12 0 1 0 0
Grain 13 0 1 0 0
Grain 14 0 1 0 0
Grain 15 0 1 0 0
Grain 16 0 1 0 0
Grain 17 0 1 0 0
Grain 18 0 1 0 0
Grain 19 0 1 0 0
Guest-2 ori 972.3014 978.2984
Grain 0 0 1 0 0
Grain 1 0 1 0 0
Grain 2 0 1 0 0
Grain 3 0 1 0 0
Grain 4 0 1 0 0
Grain 5 0 1 0 0
Grain 6 0 1 0 0
Grain 7 0 1 0 0
Grain 8 0 1 0 0
Grain 9 0 1 0 0
Grain 10 0 1 0 0
Grain 11 0 1 0 0
Grain 12 0 1 0 0
Grain 13 0 1 0 0
Grain 14 0 1 0 0
Grain 15 0 1 0 0
Grain 16 0 1 0 0
Grain 17 0 1 0 0
Grain 18 0 1 0 0
Grain 19 0.4033392 0.9018419 -0.06680335 -0.1397716
Guest-2 ori 987.4556 991.8505
Grain 0 0 1 0 0
Grain 1 0 1 0 0
Grain 2 0 1 0 0
Grain 3 0 1 0 0
Grain 4 0 1 0 0
Grain 5 0 1 0 0
Grain 6 0 1 0 0
Grain 7 0 1 0 0
Grain 8 0 1 0 0
Grain 9 0 1 0 0
Grain 10 0 1 0 0
Grain 11 0 1 0 0
Grain 12 0 1 0 0
Grain 13 0 1 0 0
Grain 14 0.3679554 0.8913749 0.2645668 0.008000493
Grain 15 0 1 0 0
Grain 16 0 1 0 0
Grain 17 0 1 0 0
Grain 18 0 1 0 0
Grain 19 0.4033392 0.9018419 -0.06680335 -0.1397716
Guest-2 ori 997.1491 997.246
Grain 0 0 1 0 0
Grain 1 0 1 0 0
Grain 2 0 1 0 0
Grain 3 0 1 0 0
Grain 4 0 1 0 0
Grain 5 0 1 0 0
Grain 6 0 1 0 0
Grain 7 0 1 0 0
Grain 8 0 1 0 0
Grain 9 0 1 0 0
Grain 10 0 1 0 0
Grain 11 0 1 0 0
Grain 12 0 1 0 0
Grain 13 0 1 0 0
Grain 14 0.3708569 0.8893979 0.2671506 0.008188032
Grain 15 0 1 0 0
Grain 16 0 1 0 0
Grain 17 0 1 0 0
Grain 18 0 1 0 0
Grain 19 0.4033392 0.9018419 -0.06680335 -0.1397716
Guest-2 ori 998.5651 998.6489
Grain 0 0 1 0 0
Grain 1 0.003532484 -0.999981 0.002905705 0.004141911
Grain 2 0 1 0 0
Grain 3 0 1 0 0
Grain 4 0 1 0 0
Grain 5 0 1 0 0
Grain 6 0 1 0 0
Grain 7 0 1 0 0
Grain 8 0 1 0 0
Grain 9 0 1 0 0
Grain 10 0 1 0 0
Grain 11 0 1 0 0
Grain 12 0 1 0 0
Grain 13 0 1 0 0
Grain 14 0.3708569 0.8893979 0.2671506 0.008188032
Grain 15 0 1 0 0
Grain 16 0 1 0 0
Grain 17 0 1 0 0
Grain 18 0 1 0 0
Grain 19 0.4033392 0.9018419 -0.06680335 -0.1397716
Guest-2 ori 999.4463 999.5611
Grain 0 0 1 0 0
Grain 1 0.007585108 -0.9999524 0.004522111 0.004147694
Grain 2 0 1 0 0
Grain 3 0 1 0 0
Grain 4 0 1 0 0
Grain 5 0 1 0 0
Grain 6 0 1 0 0
Grain 7 0 1 0 0
Grain 8 0 1 0 0
Grain 9 0 1 0 0
Grain 10 0 1 0 0
Grain 11 0 1 0 0
Grain 12 0 1 0 0
Grain 13 0 1 0 0
Grain 14 0.3708569 0.8893979 0.2671506 0.008188032
Grain 15 0 1 0 0
Grain 16 0 1 0 0
Grain 17 0 1 0 0
Grain 18 0 1 0 0
Grain 19 0.4033392 0.9018419 -0.06680335 -0.1397716
Guest-2 ori 1002.695 1002.828
Grain 0 0 1 0 0
Grain 1 0.01054966 -0.999906 0.007723641 0.00413682
Grain 2 0 1 0 0
Grain 3 0 1 0 0
Grain 4 0 1 0 0
Grain 5 0 1 0 0
Grain 6 0 1 0 0
Grain 7 0 1 0 0
Grain 8 0 1 0 0
Grain 9 0 1 0 0
Grain 10 0 1 0 0
Grain 11 0 1 0 0
Grain 12 0 1 0 0
Grain 13 0 1 0 0
Grain 14 0.3708569 0.8893979 0.2671506 0.008188032
Grain 15 0 1 0 0
Grain 16 0 1 0 0
Grain 17 0 1 0 0
Grain 18 0 1 0 0
Grain 19 0.4033392 0.9018419 -0.06680335 -0.1397716
Guest-2 ori 1003.625 1003.727
Grain 0 0 1 0 0
Grain 1 0.01351348 -0.9998406 0.01092493 0.004125561
Grain 2 0 1 0 0
Grain 3 0 1 0 0
Grain 4 0 1 0 0
Grain 5 0 1 0 0
Grain 6 0 1 0 0
Grain 7 0 1 0 0
Grain 8 0 1 0 0
Grain 9 0 1 0 0
Grain 10 0 1 0 0
Grain 11 0 1 0 0
Grain 12 0 1 0 0
Grain 13 0 1 0 0
Grain 14 0.3708569 0.8893979 0.2671506 0.008188032
Grain 15 0 1 0 0
Grain 16 0 1 0 0
Grain 17 0 1 0 0
Grain 18 0 1 0 0
Grain 19 0.4033392 0.9018419 -0.06680335 -0.1397716
Guest-2 ori 1003.91 1004.01
Grain 0 0 1 0 0
Grain 1 0.0194409 -0.9996524 0.01732684 0.004103025
Grain 2 0 1 0 0
Grain 3 0 1 0 0
Grain 4 0 1 0 0
Grain 5 0 1 0 0
Grain 6 0 1 0 0
Grain 7 0 1 0 0
Grain 8 0 1 0 0
Grain 9 0 1 0 0
Grain 10 0 1 0 0
Grain 11 0 1 0 0
Grain 12 0 1 0 0
Grain 13 0 1 0 0
Grain 14 0.3708569 0.8893979 0.2671506 0.008188032
Grain 15 0 1 0 0
Grain 16 0 1 0 0
Grain 17 0 1 0 0
Grain 18 0 1 0 0
Grain 19 0.4033392 0.9018419 -0.06680335 -0.1397716
Guest-2 ori 1004.078 1004.175
Grain 0 0 1 0 0
Grain 1 0.0194409 -0.9996524 0.01732684 0.004103025
Grain 2 0 1 0 0
Grain 3 0 1 0 0
Grain 4 0 1 0 0
Grain 5 0 1 0 0
Grain 6 0 1 0 0
Grain 7 0 1 0 0
Grain 8 0 1 0 0
Grain 9 0 1 0 0
Grain 10 0 1 0 0
Grain 11 0 1 0 0
Grain 12 0 1 0 0
Grain 13 0 1 0 0
Grain 14 0.3708569 0.8893979 0.2671506 0.008188032
Grain 15 0 1 0 0
Grain 16 0 1 0 0
Grain 17 0 1 0 0
Grain 18 0 1 0 0
Grain 19 0.4033392 0.9018419 -0.06680335 -0.1397716
Guest-2 ori 1004.674 1004.776
Grain 0 0 1 0 0
Grain 1 0.02097358 -0.999509 0.02186481 0.007990867
Grain 2 0 1 0 0
Grain 3 0 1 0 0
Grain 4 0 1 0 0
Grain 5 0 1 0 0
Grain 6 0 1 0 0
Grain 7 0 1 0 0
Grain 8 0 1 0 0
Grain 9 0 1 0 0
Grain 10 0 1 0 0
Grain 11 0 1 0 0
Grain 12 0 1 0 0
Grain 13 0 1 0 0
Grain 14 0.3708569 0.8893979 0.2671506 0.008188032
Grain 15 0 1 0 0
Grain 16 0 1 0 0
Grain 17 0 1 0 0
Grain 18 0 1 0 0
Grain 19 0.4033392 0.9018419 -0.06680335 -0.1397716
Guest-2 ori 1005.326 1005.442
Grain 0 0 1 0 0
Grain 1 0.0269735 -0.9989886 0.03397306 0.01183026
Grain 2 0 1 0 0
Grain 3 0 1 0 0
Grain 4 0 1 0 0
Grain 5 0 1 0 0
Grain 6 0 1 0 0
Grain 7 0 1 0 0
Grain 8 0 1 0 0
Grain 9 0 1 0 0
Grain 10 0 1 0 0
Grain 11 0 1 0 0
Grain 12 0 1 0 0
Grain 13 0 1 0 0
Grain 14 0.3708569 0.8893979 0.2671506 0.008188032
Grain 15 0 1 0 0
Grain 16 0 1 0 0
Grain 17 0 1 0 0
Grain 18 0 1 0 0
Grain 19 0.4033392 0.9018419 -0.06680335 -0.1397716
Guest-2 ori 1007.255 1007.389
Grain 0 0 1 0 0
Grain 1 0.03522988 -0.9983273 0.04428595 0.0118413
Grain 2 0 1 0 0
Grain 3 0 1 0 0
Grain 4 0 1 0 0
Grain 5 0 1 0 0
Grain 6 0 1 0 0
Grain 7 0 1 0 0
Grain 8 0 1 0 0
Grain 9 0 1 0 0
Grain 10 0 1 0 0
Grain 11 0 1 0 0
Grain 12 0 1 0 0
Grain 13 0 1 0 0
Grain 14 0.3708569 0.8893979 0.2671506 0.008188032
Grain 15 0 1 0 0
Grain 16 0 1 0 0
Grain 17 0 1 0 0
Grain 18 0 1 0 0
Grain 19 0.4033392 0.9018419 -0.06680335 -0.1397716
Guest-2 ori 1007.572 1007.691
Grain 0 0 1 0 0
Grain 1 0.03031379 -0.9989498 0.03217226 0.012058
Grain 2 0 1 0 0
Grain 3 0 1 0 0
Grain 4 0 1 0 0
Grain 5 0 1 0 0
Grain 6 0 1 0 0
Grain 7 0 1 0 0
Grain 8 0 1 0 0
Grain 9 0 1 0 0
Grain 10 0 1 0 0
Grain 11 0 1 0 0
Grain 12 0 1 0 0
Grain 13 0 1 0 0
Grain 14 0.3708569 0.8893979 0.2671506 0.008188032
Grain 15 0 1 0 0
Grain 16 0 1 0 0
Grain 17 0 1 0 0
Grain 18 0 1 0 0
Grain 19 0.4033392 0.9018419 -0.06680335 -0.1397716
Guest-2 ori 1007.973 1008.057
Grain 0 0 1 0 0
Grain 1 0.03031379 -0.9989498 0.03217226 0.012058
Grain 2 0 1 0 0
Grain 3 0 1 0 0
Grain 4 0 1 0 0
Grain 5 0 1 0 0
Grain 6 0 1 0 0
Grain 7 0 1 0 0
Grain 8 0 1 0 0
Grain 9 0 1 0 0
Grain 10 0 1 0 0
Grain 11 0 1 0 0
Grain 12 0 1 0 0
Grain 13 0 1 0 0
Grain 14 0.3708569 0.8893979 0.2671506 0.008188032
Grain 15 0 1 0 0
Grain 16 0 1 0 0
Grain 17 0 1 0 0
Grain 18 0 1 0 0
Grain 19 0.4033392 0.9018419 -0.06680335 -0.1397716
Guest-2 ori 1017.117 1018.582
Grain 0 0 1 0 0
Grain 1 0.03195319 -0.9987613 0.03621087 0.01198607
Grain 2 0.3306606 -0.4107065 -0.8365405 0.1489426
Grain 3 0 1 0 0
Grain 4 0 1 0 0
Grain 5 0 1 0 0
Grain 6 0 1 0 0
Grain 7 0 1 0 0
Grain 8 0 1 0 0
Grain 9 0 1 0 0
Grain 10 0 1 0 0
Grain 11 0 1 0 0
Grain 12 0 1 0 0
Grain 13 0 1 0 0
Grain 14 0.3708569 0.8893979 0.2671506 0.008188032
Grain 15 0 1 0 0
Grain 16 0 1 0 0
Grain 17 0 1 0 0
Grain 18 0 1 0 0
Grain 19 0.4033392 0.9018419 -0.06680335 -0.1397716
Guest-2 ori 1027.191 1028.721
Grain 0 0 1 0 0
Grain 1 0.03195319 -0.9987613 0.03621087 0.01198607
Grain 2 0.3307609 -0.4067791 -0.8384359 0.1488401
Grain 3 0 1 0 0
Grain 4 0 1 0 0
Grain 5 0 1 0 0
Grain 6 0 1 0 0
Grain 7 0.5163454 -0.7987958 -0.2154225 -0.2211469
Grain 8 0 1 0 0
Grain 9 0 1 0 0
Grain 10 0 1 0 0
Grain 11 0 1 0 0
Grain 12 0 1 0 0
Grain 13 0 1 0 0
Grain 14 0.3708569 0.8893979 0.2671506 0.008188032
Grain 15 0 1 0 0
Grain 16 0 1 0 0
Grain 17 0 1 0 0
Grain 18 0 1 0 0
Grain 19 0.4033392 0.9018419 -0.06680335 -0.1397716
Guest-2 ori 1041.926 1046.889
Grain 0 0 1 0 0
Grain 1 0.03195319 -0.9987613 0.03621087 0.01198607
Grain 2 0.3307609 -0.4067791 -0.8384359 0.1488401
Grain 3 0 1 0 0
Grain 4 0 1 0 0
Grain 5 0 1 0 0
Grain 6 0 1 0 0
Grain 7 0.5163454 -0.7987958 -0.2154225 -0.2211469
Grain 8 0 1 0 0
Grain 9 0 1 0 0
Grain 10 0.7512492 0.49332 -0.4204338 0.1244808
Grain 11 0 1 0 0
Grain 12 0 1 0 0
Grain 13 0 1 0 0
Grain 14 0.3708569 0.8893979 0.2671506 0.008188032
Grain 15 0 1 0 0
Grain 16 0 1 0 0
Grain 17 0 1 0 0
Grain 18 0 1 0 0
Grain 19 0.4033392 0.9018419 -0.06680335 -0.1397716
Guest-2 ori 1095.169 1103.262
Grain 0 0 1 0 0
Grain 1 0.03195319 -0.9987613 0.03621087 0.01198607
Grain 2 0.3307609 -0.4067791 -0.8384359 0.1488401
Grain 3 0 1 0 0
Grain 4 0 1 0 0
Grain 5 0 1 0 0
Grain 6 0 1 0 0
Grain 7 0.5163454 -0.7987958 -0.2154225 -0.2211469
Grain 8 0.9486313 0.09175967 0.2951623 0.06751285
Grain 9 0 1 0 0
Grain 10 0.75336 0.4895622 -0.4210947 0.1243253
Grain 11 0 1 0 0
Grain 12 0 1 0 0
Grain 13 0 1 0 0
Grain 14 0.3708569 0.8893979 0.2671506 0.008188032
Grain 15 0 1 0 0
Grain 16 0 1 0 0
Grain 17 0 1 0 0
Grain 18 0 1 0 0
Grain 19 0.4033392 0.9018419 -0.06680335 -0.1397716
Guest-2 ori 1103.928 1110.404
Grain 0 0 1 0 0
Grain 1 0.03195319 -0.9987613 0.03621087 0.01198607
Grain 2 0.3307609 -0.4067791 -0.8384359 0.1488401
Grain 3 0 1 0 0
Grain 4 0 1 0 0
Grain 5 0 1 0 0
Grain 6 0 1 0 0
Grain 7 0.5163454 -0.7987958 -0.2154225 -0.2211469
Grain 8 -0.8529501 0.2196527 -0.4244505 -0.20993
Grain 9 0 1 0 0
Grain 10 0.75336 0.4895622 -0.4210947 0.1243253
Grain 11 0 1 0 0
Grain 12 0 1 0 0
Grain 13 0 1 0 0
Grain 14 0.3708569 0.8893979 0.2671506 0.008188032
Grain 15 0 1 0 0
Grain 16 0 1 0 0
Grain 17 0 1 0 0
Grain 18 0 1 0 0
Grain 19 0.4033392 0.9018419 -0.06680335 -0.1397716
Guest-2 ori 1128.291 1129.807
Grain 0 0 1 0 0
Grain 1 0.03195319 -0.9987613 0.03621087 0.01198607
Grain 2 0.3307609 -0.4067791 -0.8384359 0.1488401
Grain 3 0 1 0 0
Grain 4 0 1 0 0
Grain 5 0 1 0 0
Grain 6 0 1 0 0
Grain 7 0.5163454 -0.7987958 -0.2154225 -0.2211469
Grain 8 -0.8529501 0.2196527 -0.4244505 -0.20993
Grain 9 0 1 0 0
Grain 10 0.75336 0.4895622 -0.4210947 0.1243253
Grain 11 0 1 0 0
Grain 12 0 1 0 0
Grain 13 0.5728897 -0.6374438 0.5100626 -0.07279374
Grain 14 0.3708569 0.8893979 0.2671506 0.008188032
Grain 15 0 1 0 0
Grain 16 0 1 0 0
Grain 17 0 1 0 0
Grain 18 0 1 0 0
Grain 19 0.4033392 0.9018419 -0.06680335 -0.1397716
Guest-2 ori 1142.545 1147.109
Grain 0 0 1 0 0
Grain 1 0.03195319 -0.9987613 0.03621087 0.01198607
Grain 2 0.3307609 -0.4067791 -0.8384359 0.1488401
Grain 3 0 1 0 0
Grain 4 0.8353297 0.4246047 0.3343983 -0.1005635
Grain 5 0 1 0 0
Grain 6 0 1 0 0
Grain 7 0.5163454 -0.7987958 -0.2154225 -0.2211469
Grain 8 -0.8529501 0.2196527 -0.4244505 -0.20993
Grain 9 0 1 0 0
Grain 10 0.75336 0.4895622 -0.4210947 0.1243253
Grain 11 0 1 0 0
Grain 12 0 1 0 0
Grain 13 0.5763317 -0.6307389 0.5144421 -0.07320965
Grain 14 0.3708569 0.8893979 0.2671506 0.008188032
Grain 15 0 1 0 0
Grain 16 0 1 0 0
Grain 17 0 1 0 0
Grain 18 0 1 0 0
Grain 19 0.4033392 0.9018419 -0.06680335 -0.1397716
Guest-2 ori 1148.691 1150.007
Grain 0 0 1 0 0
Grain 1 0.03195319 -0.9987613 0.03621087 0.01198607
Grain 2 0.3307609 -0.4067791 -0.8384359 0.1488401
Grain 3 0 1 0 0
Grain 4 0.6776119 0.6118528 0.4064693 -0.03550985
Grain 5 0 1 0 0
Grain 6 0 1 0 0
Grain 7 0.5163454 -0.7987958 -0.2154225 -0.2211469
Grain 8 -0.8529501 0.2196527 -0.4244505 -0.20993
Grain 9 0 1 0 0
Grain 10 0.75336 0.4895622 -0.4210947 0.1243253
Grain 11 0 1 0 0
Grain 12 0 1 0 0
Grain 13 0.5763317 -0.6307389 0.5144421 -0.07320965
Grain 14 0.3708569 0.8893979 0.2671506 0.008188032
Grain 15 0 1 0 0
Grain 16 0 1 0 0
Grain 17 0 1 0 0
Grain 18 0 1 0 0
Grain 19 0.4033392 0.9018419 -0.06680335 -0.1397716
Guest-2 ori 1168.805 1177.468
Grain 0 0 1 0 0
Grain 1 0.03195319 -0.9987613 0.03621087 0.01198607
Grain 2 0.3307609 -0.4067791 -0.8384359 0.1488401
Grain 3 0 1 0 0
Grain 4 0.6776119 0.6118528 0.4064693 -0.03550985
Grain 5 0 1 0 0
Grain 6 0.0102452 -0.9932338 0.1130606 0.02447398
Grain 7 0.5163454 -0.7987958 -0.2154225 -0.2211469
Grain 8 -0.8529501 0.2196527 -0.4244505 -0.20993
Grain 9 0 1 0 0
Grain 10 0.75336 0.4895622 -0.4210947 0.1243253
Grain 11 0 1 0 0
Grain 12 0 1 0 0
Grain 13 0.5763317 -0.6307389 0.5144421 -0.07320965
Grain 14 0.3708569 0.8893979 0.2671506 0.008188032
Grain 15 0 1 0 0
Grain 16 0 1 0 0
Grain 17 0 1 0 0
Grain 18 0 1 0 0
Grain 19 0.4033392 0.9018419 -0.06680335 -0.1397716
Guest-2 ori 1191.504 1194.936
Grain 0 0 1 0 0
Grain 1 0.03195319 -0.9987613 0.03621087 0.01198607
Grain 2 0.3307609 -0.4067791 -0.8384359 0.1488401
Grain 3 0 1 0 0
Grain 4 0.6776119 0.6118528 0.4064693 -0.03550985
Grain 5 0 1 0 0
Grain 6 0.0102452 -0.9932338 0.1130606 0.02447398
Grain 7 0.5163454 -0.7987958 -0.2154225 -0.2211469
Grain 8 -0.8529501 0.2196527 -0.4244505 -0.20993
Grain 9 0.01331104 0.8214788 -0.3792612 0.4256247
Grain 10 0.75336 0.4895622 -0.4210947 0.1243253
Grain 11 0 1 0 0
Grain 12 0 1 0 0
Grain 13 0.5763317 -0.6307389 0.5144421 -0.07320965
Grain 14 0.3708569 0.8893979 0.2671506 0.008188032
Grain 15 0 1 0 0
Grain 16 0 1 0 0
Grain 17 0 1 0 0
Grain 18 0 1 0 0
Grain 19 0.4033392 0.9018419 -0.06680335 -0.1397716
Guest-2 ori 1206.343 1220.029
Grain 0 0 1 0 0
Grain 1 0.03195319 -0.9987613 0.03621087 0.01198607
Grain 2 0.3307609 -0.4067791 -0.8384359 0.1488401
Grain 3 0.9232407 -0.3269702 0.05413554 -0.1943877
Grain 4 0.6776119 0.6118528 0.4064693 -0.03550985
Grain 5 0 1 0 0
Grain 6 0.0102452 -0.9932338 0.1130606 0.02447398
Grain 7 0.5163454 -0.7987958 -0.2154225 -0.2211469
Grain 8 -0.8529501 0.2196527 -0.4244505 -0.20993
Grain 9 0.01331104 0.8214788 -0.3792612 0.4256247
Grain 10 0.75336 0.4895622 -0.4210947 0.1243253
Grain 11 0 1 0 0
Grain 12 0 1 0 0
Grain 13 0.5763317 -0.6307389 0.5144421 -0.07320965
Grain 14 0.3708569 0.8893979 0.2671506 0.008188032
Grain 15 0 1 0 0
Grain 16 0 1 0 0
Grain 17 0 1 0 0
Grain 18 0 1 0 0
Grain 19 0.4033392 0.9018419 -0.06680335 -0.1397716
Guest-2 ori 1233.419 1233.556
Grain 0 0 1 0 0
Grain 1 0.03195319 -0.9987613 0.03621087 0.01198607
Grain 2 0.3307609 -0.4067791 -0.8384359 0.1488401
Grain 3 0.929339 -0.3144819 0.06208811 -0.1832356
Grain 4 0.6776119 0.6118528 0.4064693 -0.03550985
Grain 5 0 1 0 0
Grain 6 0.0102452 -0.9932338 0.1130606 0.02447398
Grain 7 0.5163454 -0.7987958 -0.2154225 -0.2211469
Grain 8 -0.8529501 0.2196527 -0.4244505 -0.20993
Grain 9 0.01331104 0.8214788 -0.3792612 0.4256247
Grain 10 0.75336 0.4895622 -0.4210947 0.1243253
Grain 11 0 1 0 0
Grain 12 0 1 0 0
Grain 13 0.5763317 -0.6307389 0.5144421 -0.07320965
Grain 14 0.3708569 0.8893979 0.2671506 0.008188032
Grain 15 0 1 0 0
Grain 16 0 1 0 0
Grain 17 0 1 0 0
Grain 18 0 1 0 0
Grain 19 0.4033392 0.9018419 -0.06680335 -0.1397716
Guest-2 ori 1243.91 1252.405
Grain 0 0 1 0 0
Grain 1 0.03195319 -0.9987613 0.03621087 0.01198607
Grain 2 0.3307609 -0.4067791 -0.8384359 0.1488401
Grain 3 0.9242163 -0.3255876 0.06593951 -0.1883318
Grain 4 0.6776119 0.6118528 0.4064693 -0.03550985
Grain 5 0 1 0 0
Grain 6 0.0102452 -0.9932338 0.1130606 0.02447398
Grain 7 0.3586562 -0.8300737 -0.3933782 0.1661233
Grain 8 -0.8529501 0.2196527 -0.4244505 -0.20993
Grain 9 0.01331104 0.8214788 -0.3792612 0.4256247
Grain 10 0.75336 0.4895622 -0.4210947 0.1243253
Grain 11 0 1 0 0
Grain 12 0 1 0 0
Grain 13 0.5763317 -0.6307389 0.5144421 -0.07320965
Grain 14 0.3708569 0.8893979 0.2671506 0.008188032
Grain 15 0 1 0 0
Grain 16 0 1 0 0
Grain 17 0 1 0 0
Grain 18 0 1 0 0
Grain 19 0.4033392 0.9018419 -0.06680335 -0.1397716
