Guest-8 ori 84.95077 85.91786
Grain 0 0 1 0 0
Grain 1 0 1 0 0
Grain 2 0 1 0 0
Grain 3 0 1 0 0
Grain 4 0 1 0 0
Grain 5 0 1 0 0
Grain 6 0 1 0 0
Grain 7 0 1 0 0
Grain 8 0 1 0 0
Grain 9 0 1 0 0
Grain 10 0 1 0 0
Grain 11 0 1 0 0
Grain 12 0 1 0 0
Grain 13 0 1 0 0
Grain 14 0 1 0 0
Grain 15 0 1 0 0
Grain 16 0 1 0 0
Grain 17 0 1 0 0
Grain 18 0 1 0 0
Grain 19 -0.05161035 0.248713 0.1119484 -0.9607007
Guest-8 ori 86.75125 92.37003
Grain 0 0 1 0 0
Grain 1 0 1 0 0
Grain 2 0 1 0 0
Grain 3 0 1 0 0
Grain 4 0 1 0 0
Grain 5 0 1 0 0
Grain 6 0 1 0 0
Grain 7 0 1 0 0
Grain 8 0 1 0 0
Grain 9 0 1 0 0
Grain 10 0 1 0 0
Grain 11 0 1 0 0
Grain 12 0 1 0 0
Grain 13 0 1 0 0
Grain 14 0 1 0 0
Grain 15 0 1 0 0
Grain 16 0 1 0 0
Grain 17 0 1 0 0
Grain 18 0 1 0 0
Grain 19 0.08455621 0.3806787 -0.01189056 -0.9207565
Guest-8 ori 95.62218 104.4421
Grain 0 0 1 0 0
Grain 1 0 1 0 0
Grain 2 0 1 0 0
Grain 3 0 1 0 0
Grain 4 0 1 0 0
Grain 5 0 1 0 0
Grain 6 0.001885765 0.8307341 0.5566096 -0.00794381
Grain 7 0 1 0 0
Grain 8 0 1 0 0
Grain 9 0 1 0 0
Grain 10 0 1 0 0
Grain 11 0 1 0 0
Grain 12 0 1 0 0
Grain 13 0 1 0 0
Grain 14 0 1 0 0
Grain 15 0 1 0 0
Grain 16 0 1 0 0
Grain 17 0 1 0 0
Grain 18 0 1 0 0
Grain 19 0.08455621 0.3806787 -0.01189056 -0.9207565
Guest-8 ori 111.7959 114.4306
Grain 0 0 1 0 0
Grain 1 0 1 0 0
Grain 2 0 1 0 0
Grain 3 0 1 0 0
Grain 4 0 1 0 0
Grain 5 0 1 0 0
Grain 6 0.001885765 0.8307341 0.5566096 -0.00794381
Grain 7 0 1 0 0
Grain 8 0 1 0 0
Grain 9 0.1202661 -0.882562 -0.2251942 -0.3948519
Grain 10 0 1 0 0
Grain 11 0 1 0 0
Grain 12 0 1 0 0
Grain 13 0 1 0 0
Grain 14 0 1 0 0
Grain 15 0 1 0 0
Grain 16 0 1 0 0
Grain 17 0 1 0 0
Grain 18 0 1 0 0
Grain 19 0.08455621 0.3806787 -0.01189056 -0.9207565
Guest-8 ori 117.966 121.9174
Grain 0 0 1 0 0
Grain 1 0 1 0 0
Grain 2 0 1 0 0
Grain 3 0 1 0 0
Grain 4 0 1 0 0
Grain 5 0 1 0 0
Grain 6 0.001885765 0.8307341 0.5566096 -0.00794381
Grain 7 0 1 0 0
Grain 8 0 1 0 0
Grain 9 0.1202661 -0.882562 -0.2251942 -0.3948519
Grain 10 0 1 0 0
Grain 11 0 1 0 0
Grain 12 0 1 0 0
Grain 13 0.3846981 0.922493 -0.03135256 -0.005574275
Grain 14 0 1 0 0
Grain 15 0 1 0 0
Grain 16 0 1 0 0
Grain 17 0 1 0 0
Grain 18 0 1 0 0
Grain 19 0.08455621 0.3806787 -0.01189056 -0.9207565
Guest-8 ori 123.8855 127.054
Grain 0 0 1 0 0
Grain 1 0 1 0 0
Grain 2 -0.8571235 0.4161929 -0.2109912 -0.2181869
Grain 3 0 1 0 0
Grain 4 0 1 0 0
Grain 5 0 1 0 0
Grain 6 0.001885765 0.8307341 0.5566096 -0.00794381
Grain 7 0 1 0 0
Grain 8 0 1 0 0
Grain 9 0.1202661 -0.882562 -0.2251942 -0.3948519
Grain 10 0 1 0 0
Grain 11 0 1 0 0
Grain 12 0 1 0 0
Grain 13 0.3846981 0.922493 -0.03135256 -0.005574275
Grain 14 0 1 0 0
Grain 15 0 1 0 0
Grain 16 0 1 0 0
Grain 17 0 1 0 0
Grain 18 0 1 0 0
Grain 19 0.08455621 0.3806787 -0.01189056 -0.9207565
Guest-8 ori 131.905 134.7907
Grain 0 0 1 0 0
Grain 1 0 1 0 0
Grain 2 -0.8571235 0.4161929 -0.2109912 -0.2181869
Grain 3 0 1 0 0
Grain 4 0 1 0 0
Grain 5 0 1 0 0
Grain 6 0.001885765 0.8307341 0.5566096 -0.00794381
Grain 7 0 1 0 0
Grain 8 0 1 0 0
Grain 9 0.1202661 -0.882562 -0.2251942 -0.3948519
Grain 10 0 1 0 0
Grain 11 0 1 0 0
Grain 12 0 1 0 0
Grain 13 0.3846981 0.922493 -0.03135256 -0.005574275
Grain 14 0 1 0 0
Grain 15 0 1 0 0
Grain 16 0.3402734 0.8891343 -0.008217789 0.3059195
Grain 17 0 1 0 0
Grain 18 0 1 0 0
Grain 19 0.08455621 0.3806787 -0.01189056 -0.9207565
Guest-8 ori 138.192 147.6462
Grain 0 0 1 0 0
Grain 1 -0.06367233 -0.850278 -0.4975379 -0.1594657
Grain 2 -0.8571235 0.4161929 -0.2109912 -0.2181869
Grain 3 0 1 0 0
Grain 4 0 1 0 0
Grain 5 0 1 0 0
Grain 6 0.001885765 0.8307341 0.5566096 -0.00794381
Grain 7 0 1 0 0
Grain 8 0 1 0 0
Grain 9 0.1202661 -0.882562 -0.2251942 -0.3948519
Grain 10 0 1 0 0
Grain 11 0 1 0 0
Grain 12 0 1 0 0
Grain 13 0.3846981 0.922493 -0.03135256 -0.005574275
Grain 14 0 1 0 0
Grain 15 0 1 0 0
Grain 16 0.3402734 0.8891343 -0.008217789 0.3059195
Grain 17 0 1 0 0
Grain 18 0 1 0 0
Grain 19 0.08455621 0.3806787 -0.01189056 -0.9207565
Guest-8 ori 151.3821 157.0009
Grain 0 0 1 0 0
Grain 1 -0.06367233 -0.850278 -0.4975379 -0.1594657
Grain 2 -0.8571235 0.4161929 -0.2109912 -0.2181869
Grain 3 0 1 0 0
Grain 4 0.2461355 0.8815109 0.1858384 -0.3575193
Grain 5 0 1 0 0
Grain 6 0.001885765 0.8307341 0.5566096 -0.00794381
Grain 7 0 1 0 0
Grain 8 0 1 0 0
Grain 9 0.1202661 -0.882562 -0.2251942 -0.3948519
Grain 10 0 1 0 0
Grain 11 0 1 0 0
Grain 12 0 1 0 0
Grain 13 0.3846981 0.922493 -0.03135256 -0.005574275
Grain 14 0 1 0 0
Grain 15 0 1 0 0
Grain 16 0.3402734 0.8891343 -0.008217789 0.3059195
Grain 17 0 1 0 0
Grain 18 0 1 0 0
Grain 19 0.08455621 0.3806787 -0.01189056 -0.9207565
Guest-8 ori 162.821 175.7595
Grain 0 0 1 0 0
Grain 1 -0.06367233 -0.850278 -0.4975379 -0.1594657
Grain 2 -0.8571235 0.4161929 -0.2109912 -0.2181869
Grain 3 0 1 0 0
Grain 4 0.2289842 0.8825728 0.1939447 -0.3619628
Grain 5 0 1 0 0
Grain 6 0.001885765 0.8307341 0.5566096 -0.00794381
Grain 7 0 1 0 0
Grain 8 0 1 0 0
Grain 9 0.1202661 -0.882562 -0.2251942 -0.3948519
Grain 10 0 1 0 0
Grain 11 0 1 0 0
Grain 12 0 1 0 0
Grain 13 0.3846981 0.922493 -0.03135256 -0.005574275
Grain 14 0 1 0 0
Grain 15 0 1 0 0
Grain 16 0.3402734 0.8891343 -0.008217789 0.3059195
Grain 17 -0.02053087 0.3799119 0.9229404 -0.05853608
Grain 18 0 1 0 0
Grain 19 0.08455621 0.3806787 -0.01189056 -0.9207565
Guest-8 ori 185.8647 192.1671
Grain 0 0 1 0 0
Grain 1 -0.06367233 -0.850278 -0.4975379 -0.1594657
Grain 2 -0.8571235 0.4161929 -0.2109912 -0.2181869
Grain 3 0 1 0 0
Grain 4 0.2289842 0.8825728 0.1939447 -0.3619628
Grain 5 0 1 0 0
Grain 6 0.001885765 0.8307341 0.5566096 -0.00794381
Grain 7 0 1 0 0
Grain 8 0 1 0 0
Grain 9 0.1202661 -0.882562 -0.2251942 -0.3948519
Grain 10 0.3459279 0.7158086 0.565044 -0.2206292
Grain 11 0 1 0 0
Grain 12 0 1 0 0
Grain 13 0.3846981 0.922493 -0.03135256 -0.005574275
Grain 14 0 1 0 0
Grain 15 0 1 0 0
Grain 16 0.3402734 0.8891343 -0.008217789 0.3059195
Grain 17 -0.02053087 0.3799119 0.9229404 -0.05853608
Grain 18 0 1 0 0
Grain 19 0.08455621 0.3806787 -0.01189056 -0.9207565
Guest-8 ori 194.6681 195.7023
Grain 0 0 1 0 0
Grain 1 -0.06367233 -0.850278 -0.4975379 -0.1594657
Grain 2 -0.8571235 0.4161929 -0.2109912 -0.2181869
Grain 3 0 1 0 0
Grain 4 0.2289842 0.8825728 0.1939447 -0.3619628
Grain 5 0 1 0 0
Grain 6 0.001885765 0.8307341 0.5566096 -0.00794381
Grain 7 0 1 0 0
Grain 8 0 1 0 0
Grain 9 0.1202661 -0.882562 -0.2251942 -0.3948519
Grain 10 0.3459279 0.7158086 0.565044 -0.2206292
Grain 11 0 1 0 0
Grain 12 0 1 0 0
Grain 13 0.3846981 0.922493 -0.03135256 -0.005574275
Grain 14 0 1 0 0
Grain 15 0 1 0 0
Grain 16 0.3402734 0.8891343 -0.008217789 0.3059195
Grain 17 -0.02053087 0.3799119 0.9229404 -0.05853608
Grain 18 0 1 0 0
Grain 19 0.08455621 0.3806787 -0.01189056 -0.9207565
Guest-8 ori 196.6027 204.1739
Grain 0 0 1 0 0
Grain 1 -0.06367233 -0.850278 -0.4975379 -0.1594657
Grain 2 -0.8571235 0.4161929 -0.2109912 -0.2181869
Grain 3 0 1 0 0
Grain 4 0.2289842 0.8825728 0.1939447 -0.3619628
Grain 5 0 1 0 0
Grain 6 0.001885765 0.8307341 0.5566096 -0.00794381
Grain 7 0 1 0 0
Grain 8 0 1 0 0
Grain 9 0.1202661 -0.882562 -0.2251942 -0.3948519
Grain 10 0.3459279 0.7158086 0.565044 -0.2206292
Grain 11 0 1 0 0
Grain 12 0 1 0 0
Grain 13 0.3846981 0.922493 -0.03135256 -0.005574275
Grain 14 0 1 0 0
Grain 15 0 1 0 0
Grain 16 0.3402734 0.8891343 -0.008217789 0.3059195
Grain 17 0.03054588 0.3132888 0.9055453 -0.2844377
Grain 18 0 1 0 0
Grain 19 0.08455621 0.3806787 -0.01189056 -0.9207565
Guest-8 ori 205.7402 206.9252
Grain 0 0 1 0 0
Grain 1 -0.06367233 -0.850278 -0.4975379 -0.1594657
Grain 2 -0.8571235 0.4161929 -0.2109912 -0.2181869
Grain 3 0 1 0 0
Grain 4 0.2289842 0.8825728 0.1939447 -0.3619628
Grain 5 0 1 0 0
Grain 6 0.001885765 0.8307341 0.5566096 -0.00794381
Grain 7 0 1 0 0
Grain 8 0 1 0 0
Grain 9 0.1202661 -0.882562 -0.2251942 -0.3948519
Grain 10 0.3459279 0.7158086 0.565044 -0.2206292
Grain 11 0 1 0 0
Grain 12 0 1 0 0
Grain 13 0.3846981 0.922493 -0.03135256 -0.005574275
Grain 14 0 1 0 0
Grain 15 0 1 0 0
Grain 16 0.3402734 0.8891343 -0.008217789 0.3059195
Grain 17 0.07799662 0.298309 0.8639606 -0.3981212
Grain 18 0 1 0 0
Grain 19 0.08455621 0.3806787 -0.01189056 -0.9207565
Guest-8 ori 213.9282 214.267
Grain 0 0 1 0 0
Grain 1 -0.06367233 -0.850278 -0.4975379 -0.1594657
Grain 2 -0.8571235 0.4161929 -0.2109912 -0.2181869
Grain 3 0 1 0 0
Grain 4 0.2289842 0.8825728 0.1939447 -0.3619628
Grain 5 0 1 0 0
Grain 6 0.001885765 0.8307341 0.5566096 -0.00794381
Grain 7 0 1 0 0
Grain 8 0 1 0 0
Grain 9 0.1202661 -0.882562 -0.2251942 -0.3948519
Grain 10 0.3459279 0.7158086 0.565044 -0.2206292
Grain 11 0 1 0 0
Grain 12 0 1 0 0
Grain 13 0.3846981 0.922493 -0.03135256 -0.005574275
Grain 14 0 1 0 0
Grain 15 0 1 0 0
Grain 16 0.3402734 0.8891343 -0.008217789 0.3059195
Grain 17 0.07799662 0.298309 0.8639606 -0.3981212
Grain 18 0 1 0 0
Grain 19 0.08455621 0.3806787 -0.01189056 -0.9207565
Guest-8 ori 219.2146 222.6992
Grain 0 0 1 0 0
Grain 1 -0.06367233 -0.850278 -0.4975379 -0.1594657
Grain 2 -0.8571235 0.4161929 -0.2109912 -0.2181869
Grain 3 0 1 0 0
Grain 4 0.2289842 0.8825728 0.1939447 -0.3619628
Grain 5 0 1 0 0
Grain 6 0.001885765 0.8307341 0.5566096 -0.00794381
Grain 7 0 1 0 0
Grain 8 0 1 0 0
Grain 9 0.1202661 -0.882562 -0.2251942 -0.3948519
Grain 10 0.3459279 0.7158086 0.565044 -0.2206292
Grain 11 0 1 0 0
Grain 12 0 1 0 0
Grain 13 0.3846981 0.922493 -0.03135256 -0.005574275
Grain 14 0 1 0 0
Grain 15 0.3626143 0.906373 -0.1126566 0.1852224
Grain 16 0.3402734 0.8891343 -0.008217789 0.3059195
Grain 17 0.0670578 0.2934645 0.8595886 -0.4129034
Grain 18 0 1 0 0
Grain 19 0.08455621 0.3806787 -0.01189056 -0.9207565
Guest-8 ori 226.2666 233.4366
Grain 0 0 1 0 0
Grain 1 -0.06367233 -0.850278 -0.4975379 -0.1594657
Grain 2 -0.8571235 0.4161929 -0.2109912 -0.2181869
Grain 3 0 1 0 0
Grain 4 0.2289842 0.8825728 0.1939447 -0.3619628
Grain 5 0 1 0 0
Grain 6 0.001885765 0.8307341 0.5566096 -0.00794381
Grain 7 0.2686341 0.8700625 0.4122861 -0.02910648
Grain 8 0 1 0 0
Grain 9 0.1202661 -0.882562 -0.2251942 -0.3948519
Grain 10 0.3459279 0.7158086 0.565044 -0.2206292
Grain 11 0 1 0 0
Grain 12 0 1 0 0
Grain 13 0.3846981 0.922493 -0.03135256 -0.005574275
Grain 14 0 1 0 0
Grain 15 0.3626143 0.906373 -0.1126566 0.1852224
Grain 16 0.3402734 0.8891343 -0.008217789 0.3059195
Grain 17 0.0670578 0.2934645 0.8595886 -0.4129034
Grain 18 0 1 0 0
Grain 19 0.08455621 0.3806787 -0.01189056 -0.9207565
Guest-8 ori 240.1585 257.0156
Grain 0 0 1 0 0
Grain 1 -0.06367233 -0.850278 -0.4975379 -0.1594657
Grain 2 -0.8571235 0.4161929 -0.2109912 -0.2181869
Grain 3 0 1 0 0
Grain 4 0.2289842 0.8825728 0.1939447 -0.3619628
Grain 5 0 1 0 0
Grain 6 0.001885765 0.8307341 0.5566096 -0.00794381
Grain 7 0.2686341 0.8700625 0.4122861 -0.02910648
Grain 8 0 1 0 0
Grain 9 0.1202661 -0.882562 -0.2251942 -0.3948519
Grain 10 0.3459279 0.7158086 0.565044 -0.2206292
Grain 11 0 1 0 0
Grain 12 0 1 0 0
Grain 13 0.3846981 0.922493 -0.03135256 -0.005574275
Grain 14 0 1 0 0
Grain 15 0.3626143 0.906373 -0.1126566 0.1852224
Grain 16 0.3402734 0.8891343 -0.008217789 0.3059195
Grain 17 -0.7490885 -0.4149096 -0.2911385 0.4265617
Grain 18 0 1 0 0
Grain 19 0.08455621 0.3806787 -0.01189056 -0.9207565
Guest-8 ori 268.9876 277.8097
Grain 0 0 1 0 0
Grain 1 0.5932917 -0.6529658 -0.4681551 -0.04971287
Grain 2 -0.8571235 0.4161929 -0.2109912 -0.2181869
Grain 3 0 1 0 0
Grain 4 0.2289842 0.8825728 0.1939447 -0.3619628
Grain 5 0 1 0 0
Grain 6 0.001885765 0.8307341 0.5566096 -0.00794381
Grain 7 0.2686341 0.8700625 0.4122861 -0.02910648
Grain 8 0 1 0 0
Grain 9 0.1202661 -0.882562 -0.2251942 -0.3948519
Grain 10 0.3459279 0.7158086 0.565044 -0.2206292
Grain 11 0 1 0 0
Grain 12 0 1 0 0
Grain 13 0.3846981 0.922493 -0.03135256 -0.005574275
Grain 14 0 1 0 0
Grain 15 0.3626143 0.906373 -0.1126566 0.1852224
Grain 16 0.3402734 0.8891343 -0.008217789 0.3059195
Grain 17 -0.7490885 -0.4149096 -0.2911385 0.4265617
Grain 18 0 1 0 0
Grain 19 0.08455621 0.3806787 -0.01189056 -0.9207565
Guest-8 ori 280.1945 286.6157
Grain 0 0 1 0 0
Grain 1 0.4694952 -0.7287003 -0.4904445 0.0896346
Grain 2 -0.8571235 0.4161929 -0.2109912 -0.2181869
Grain 3 0 1 0 0
Grain 4 0.2289842 0.8825728 0.1939447 -0.3619628
Grain 5 0 1 0 0
Grain 6 0.001885765 0.8307341 0.5566096 -0.00794381
Grain 7 0.2686341 0.8700625 0.4122861 -0.02910648
Grain 8 0 1 0 0
Grain 9 0.1202661 -0.882562 -0.2251942 -0.3948519
Grain 10 0.3459279 0.7158086 0.565044 -0.2206292
Grain 11 0 1 0 0
Grain 12 0 1 0 0
Grain 13 0.3846981 0.922493 -0.03135256 -0.005574275
Grain 14 0 1 0 0
Grain 15 0.3626143 0.906373 -0.1126566 0.1852224
Grain 16 0.3402734 0.8891343 -0.008217789 0.3059195
Grain 17 -0.7490885 -0.4149096 -0.2911385 0.4265617
Grain 18 0 1 0 0
Grain 19 0.08455621 0.3806787 -0.01189056 -0.9207565
Guest-8 ori 292.2014 300.8554
Grain 0 0.3291498 -0.8825329 0.09502131 -0.322129
Grain 1 0.4694952 -0.7287003 -0.4904445 0.0896346
Grain 2 -0.8571235 0.4161929 -0.2109912 -0.2181869
Grain 3 0 1 0 0
Grain 4 0.2289842 0.8825728 0.1939447 -0.3619628
Grain 5 0 1 0 0
Grain 6 0.001885765 0.8307341 0.5566096 -0.00794381
Grain 7 0.2686341 0.8700625 0.4122861 -0.02910648
Grain 8 0 1 0 0
Grain 9 0.1202661 -0.882562 -0.2251942 -0.3948519
Grain 10 0.3459279 0.7158086 0.565044 -0.2206292
Grain 11 0 1 0 0
Grain 12 0 1 0 0
Grain 13 0.3846981 0.922493 -0.03135256 -0.005574275
Grain 14 0 1 0 0
Grain 15 0.3626143 0.906373 -0.1126566 0.1852224
Grain 16 0.3402734 0.8891343 -0.008217789 0.3059195
Grain 17 -0.7490885 -0.4149096 -0.2911385 0.4265617
Grain 18 0 1 0 0
Grain 19 0.08455621 0.3806787 -0.01189056 -0.9207565
Guest-8 ori 311.9442 322.4492
Grain 0 0.4689524 -0.8386747 0.1532763 -0.2306833
Grain 1 0.4694952 -0.7287003 -0.4904445 0.0896346
Grain 2 -0.8571235 0.4161929 -0.2109912 -0.2181869
Grain 3 0 1 0 0
Grain 4 0.2289842 0.8825728 0.1939447 -0.3619628
Grain 5 0 1 0 0
Grain 6 0.001885765 0.8307341 0.5566096 -0.00794381
Grain 7 0.2686341 0.8700625 0.4122861 -0.02910648
Grain 8 0 1 0 0
Grain 9 0.1202661 -0.882562 -0.2251942 -0.3948519
Grain 10 0.3459279 0.7158086 0.565044 -0.2206292
Grain 11 0 1 0 0
Grain 12 0 1 0 0
Grain 13 0.3846981 0.922493 -0.03135256 -0.005574275
Grain 14 0 1 0 0
Grain 15 0.3626143 0.906373 -0.1126566 0.1852224
Grain 16 0.3402734 0.8891343 -0.008217789 0.3059195
Grain 17 -0.7490885 -0.4149096 -0.2911385 0.4265617
Grain 18 0 1 0 0
Grain 19 0.08455621 0.3806787 -0.01189056 -0.9207565
Guest-8 ori 325.8837 328.9676
Grain 0 0.4689524 -0.8386747 0.1532763 -0.2306833
Grain 1 0.4694952 -0.7287003 -0.4904445 0.0896346
Grain 2 -0.4551209 -0.1208862 -0.5106277 -0.7193823
Grain 3 0 1 0 0
Grain 4 0.2289842 0.8825728 0.1939447 -0.3619628
Grain 5 0 1 0 0
Grain 6 0.001885765 0.8307341 0.5566096 -0.00794381
Grain 7 0.2686341 0.8700625 0.4122861 -0.02910648
Grain 8 0 1 0 0
Grain 9 0.1202661 -0.882562 -0.2251942 -0.3948519
Grain 10 0.3459279 0.7158086 0.565044 -0.2206292
Grain 11 0 1 0 0
Grain 12 0 1 0 0
Grain 13 0.3846981 0.922493 -0.03135256 -0.005574275
Grain 14 0 1 0 0
Grain 15 0.3626143 0.906373 -0.1126566 0.1852224
Grain 16 0.3402734 0.8891343 -0.008217789 0.3059195
Grain 17 -0.7490885 -0.4149096 -0.2911385 0.4265617
Grain 18 0 1 0 0
Grain 19 0.08455621 0.3806787 -0.01189056 -0.9207565
Guest-8 ori 336.1221 339.1242
Grain 0 0.198967 -0.2089979 -0.661438 -0.6922657
Grain 1 0.4694952 -0.7287003 -0.4904445 0.0896346
Grain 2 -0.4551209 -0.1208862 -0.5106277 -0.7193823
Grain 3 0 1 0 0
Grain 4 0.2289842 0.8825728 0.1939447 -0.3619628
Grain 5 0 1 0 0
Grain 6 0.001885765 0.8307341 0.5566096 -0.00794381
Grain 7 0.2686341 0.8700625 0.4122861 -0.02910648
Grain 8 0 1 0 0
Grain 9 0.1202661 -0.882562 -0.2251942 -0.3948519
Grain 10 0.3459279 0.7158086 0.565044 -0.2206292
Grain 11 0 1 0 0
Grain 12 0 1 0 0
Grain 13 0.3846981 0.922493 -0.03135256 -0.005574275
Grain 14 0 1 0 0
Grain 15 0.3626143 0.906373 -0.1126566 0.1852224
Grain 16 0.3402734 0.8891343 -0.008217789 0.3059195
Grain 17 -0.7490885 -0.4149096 -0.2911385 0.4265617
Grain 18 0 1 0 0
Grain 19 0.08455621 0.3806787 -0.01189056 -0.9207565
Guest-8 ori 343.1584 348.8103
Grain 0 0.198967 -0.2089979 -0.661438 -0.6922657
Grain 1 0.4694952 -0.7287003 -0.4904445 0.0896346
Grain 2 -0.4551209 -0.1208862 -0.5106277 -0.7193823
Grain 3 0 1 0 0
Grain 4 0.2289842 0.8825728 0.1939447 -0.3619628
Grain 5 0 1 0 0
Grain 6 0.001885765 0.8307341 0.5566096 -0.00794381
Grain 7 0.2686341 0.8700625 0.4122861 -0.02910648
Grain 8 0 1 0 0
Grain 9 0.1202661 -0.882562 -0.2251942 -0.3948519
Grain 10 0.3459279 0.7158086 0.565044 -0.2206292
Grain 11 0.4089598 0.8947144 -0.0312732 -0.176805
Grain 12 0 1 0 0
Grain 13 0.3846981 0.922493 -0.03135256 -0.005574275
Grain 14 0 1 0 0
Grain 15 0.3626143 0.906373 -0.1126566 0.1852224
Grain 16 0.3402734 0.8891343 -0.008217789 0.3059195
Grain 17 -0.7490885 -0.4149096 -0.2911385 0.4265617
Grain 18 0 1 0 0
Grain 19 0.08455621 0.3806787 -0.01189056 -0.9207565
Guest-8 ori 357.531 363.0213
Grain 0 0.198967 -0.2089979 -0.661438 -0.6922657
Grain 1 0.4694952 -0.7287003 -0.4904445 0.0896346
Grain 2 -0.4551209 -0.1208862 -0.5106277 -0.7193823
Grain 3 0 1 0 0
Grain 4 0.2289842 0.8825728 0.1939447 -0.3619628
Grain 5 0 1 0 0
Grain 6 0.001885765 0.8307341 0.5566096 -0.00794381
Grain 7 0.2686341 0.8700625 0.4122861 -0.02910648
Grain 8 0 1 0 0
Grain 9 0.2862828 -0.846236 0.2165767 -0.3937276
Grain 10 0.3459279 0.7158086 0.565044 -0.2206292
Grain 11 0.4089598 0.8947144 -0.0312732 -0.176805
Grain 12 0 1 0 0
Grain 13 0.3846981 0.922493 -0.03135256 -0.005574275
Grain 14 0 1 0 0
Grain 15 0.3626143 0.906373 -0.1126566 0.1852224
Grain 16 0.3402734 0.8891343 -0.008217789 0.3059195
Grain 17 -0.7490885 -0.4149096 -0.2911385 0.4265617
Grain 18 0 1 0 0
Grain 19 0.08455621 0.3806787 -0.01189056 -0.9207565
Guest-8 ori 363.6685 368.0537
Grain 0 0.198967 -0.2089979 -0.661438 -0.6922657
Grain 1 0.4694952 -0.7287003 -0.4904445 0.0896346
Grain 2 -0.4551209 -0.1208862 -0.5106277 -0.7193823
Grain 3 0 1 0 0
Grain 4 0.2289842 0.8825728 0.1939447 -0.3619628
Grain 5 0 1 0 0
Grain 6 0.001885765 0.8307341 0.5566096 -0.00794381
Grain 7 0.2686341 0.8700625 0.4122861 -0.02910648
Grain 8 0 1 0 0
Grain 9 0.4492979 -0.7663628 0.277355 -0.3659148
Grain 10 0.3459279 0.7158086 0.565044 -0.2206292
Grain 11 0.4089598 0.8947144 -0.0312732 -0.176805
Grain 12 0 1 0 0
Grain 13 0.3846981 0.922493 -0.03135256 -0.005574275
Grain 14 0 1 0 0
Grain 15 0.3626143 0.906373 -0.1126566 0.1852224
Grain 16 0.3402734 0.8891343 -0.008217789 0.3059195
Grain 17 -0.7490885 -0.4149096 -0.2911385 0.4265617
Grain 18 0 1 0 0
Grain 19 0.08455621 0.3806787 -0.01189056 -0.9207565
Guest-8 ori 368.687 369.8204
Grain 0 0.198967 -0.2089979 -0.661438 -0.6922657
Grain 1 0.4694952 -0.7287003 -0.4904445 0.0896346
Grain 2 -0.4551209 -0.1208862 -0.5106277 -0.7193823
Grain 3 0 1 0 0
Grain 4 0.2289842 0.8825728 0.1939447 -0.3619628
Grain 5 0 1 0 0
Grain 6 0.001885765 0.8307341 0.5566096 -0.00794381
Grain 7 0.2686341 0.8700625 0.4122861 -0.02910648
Grain 8 0 1 0 0
Grain 9 0.4152525 -0.7850845 0.2615335 -0.3778994
Grain 10 0.3459279 0.7158086 0.565044 -0.2206292
Grain 11 0.4089598 0.8947144 -0.0312732 -0.176805
Grain 12 0 1 0 0
Grain 13 0.3846981 0.922493 -0.03135256 -0.005574275
Grain 14 0 1 0 0
Grain 15 0.3626143 0.906373 -0.1126566 0.1852224
Grain 16 0.3402734 0.8891343 -0.008217789 0.3059195
Grain 17 -0.7490885 -0.4149096 -0.2911385 0.4265617
Grain 18 0 1 0 0
Grain 19 0.08455621 0.3806787 -0.01189056 -0.9207565
Guest-8 ori 370.238 371.989
Grain 0 0.198967 -0.2089979 -0.661438 -0.6922657
Grain 1 0.4694952 -0.7287003 -0.4904445 0.0896346
Grain 2 -0.4551209 -0.1208862 -0.5106277 -0.7193823
Grain 3 0 1 0 0
Grain 4 0.2289842 0.8825728 0.1939447 -0.3619628
Grain 5 0 1 0 0
Grain 6 0.001885765 0.8307341 0.5566096 -0.00794381
Grain 7 0.2686341 0.8700625 0.4122861 -0.02910648
Grain 8 0 1 0 0
Grain 9 0.4987427 -0.7355567 0.3000889 -0.3466394
Grain 10 0.3459279 0.7158086 0.565044 -0.2206292
Grain 11 0.4089598 0.8947144 -0.0312732 -0.176805
Grain 12 0 1 0 0
Grain 13 0.3846981 0.922493 -0.03135256 -0.005574275
Grain 14 0 1 0 0
Grain 15 0.3626143 0.906373 -0.1126566 0.1852224
Grain 16 0.3402734 0.8891343 -0.008217789 0.3059195
Grain 17 -0.7490885 -0.4149096 -0.2911385 0.4265617
Grain 18 0 1 0 0
Grain 19 0.08455621 0.3806787 -0.01189056 -0.9207565
Guest-8 ori 376.5242 382.0772
Grain 0 0.198967 -0.2089979 -0.661438 -0.6922657
Grain 1 0.4694952 -0.7287003 -0.4904445 0.0896346
Grain 2 -0.4551209 -0.1208862 -0.5106277 -0.7193823
Grain 3 0 1 0 0
Grain 4 0.2289842 0.8825728 0.1939447 -0.3619628
Grain 5 0 1 0 0
Grain 6 0.001885765 0.8307341 0.5566096 -0.00794381
Grain 7 0.2686341 0.8700625 0.4122861 -0.02910648
Grain 8 0 1 0 0
Grain 9 0.4987427 -0.7355567 0.3000889 -0.3466394
Grain 10 0.3459279 0.7158086 0.565044 -0.2206292
Grain 11 0.4089598 0.8947144 -0.0312732 -0.176805
Grain 12 0 1 0 0
Grain 13 0.3846981 0.922493 -0.03135256 -0.005574275
Grain 14 0 1 0 0
Grain 15 0.3626143 0.906373 -0.1126566 0.1852224
Grain 16 0.3402734 0.8891343 -0.008217789 0.3059195
Grain 17 -0.7490885 -0.4149096 -0.2911385 0.4265617
Grain 18 0.17701 -0.9827924 -0.0455297 -0.02671386
Grain 19 0.08455621 0.3806787 -0.01189056 -0.9207565
