Guest-1 ori 251.7325 251.8327
Grain 0 0 1 0 0
Grain 1 0 1 0 0
Grain 2 0 1 0 0
Grain 3 0 1 0 0
Grain 4 0 1 0 0
Grain 5 0 1 0 0
Grain 6 0 1 0 0
Grain 7 0 1 0 0
Grain 8 0 1 0 0
Grain 9 0 1 0 0
Grain 10 0 1 0 0
Grain 11 0 1 0 0
Grain 12 0 1 0 0
Grain 13 0 1 0 0
Grain 14 0 1 0 0
Grain 15 0 1 0 0
Grain 16 0 1 0 0
Grain 17 0 1 0 0
Grain 18 0 1 0 0
Grain 19 0 1 0 0
Guest-1 ori 252.3331 258.8382
Grain 0 0 1 0 0
Grain 1 0 1 0 0
Grain 2 0 1 0 0
Grain 3 0 1 0 0
Grain 4 0 1 0 0
Grain 5 0 1 0 0
Grain 6 0 1 0 0
Grain 7 0 1 0 0
Grain 8 0 1 0 0
Grain 9 0 1 0 0
Grain 10 0 1 0 0
Grain 11 0 1 0 0
Grain 12 0 1 0 0
Grain 13 0 1 0 0
Grain 14 0 1 0 0
Grain 15 0 1 0 0
Grain 16 0 1 0 0
Grain 17 0 1 0 0
Grain 18 0 1 0 0
Grain 19 0.07224633 -0.9129361 0.2074457 0.3439396
Guest-1 ori 263.0748 263.5922
Grain 0 0 1 0 0
Grain 1 0 1 0 0
Grain 2 0 1 0 0
Grain 3 0 1 0 0
Grain 4 0 1 0 0
Grain 5 0 1 0 0
Grain 6 0 1 0 0
Grain 7 0 1 0 0
Grain 8 0 1 0 0
Grain 9 0 1 0 0
Grain 10 0 1 0 0
Grain 11 0 1 0 0
Grain 12 0 1 0 0
Grain 13 0 1 0 0
Grain 14 0 1 0 0
Grain 15 0 1 0 0
Grain 16 0 1 0 0
Grain 17 0 1 0 0
Grain 18 0 1 0 0
Grain 19 0.06102347 -0.9167932 0.2030923 0.3384079
Guest-1 ori 268.3957 273.4664
Grain 0 0 1 0 0
Grain 1 0 1 0 0
Grain 2 0 1 0 0
Grain 3 0 1 0 0
Grain 4 0 1 0 0
Grain 5 0 1 0 0
Grain 6 0 1 0 0
Grain 7 0 1 0 0
Grain 8 0 1 0 0
Grain 9 0.3080455 0.9152809 0.1473861 0.2136496
Grain 10 0 1 0 0
Grain 11 0 1 0 0
Grain 12 0 1 0 0
Grain 13 0 1 0 0
Grain 14 0 1 0 0
Grain 15 0 1 0 0
Grain 16 0 1 0 0
Grain 17 0 1 0 0
Grain 18 0 1 0 0
Grain 19 0.06102347 -0.9167932 0.2030923 0.3384079
Guest-1 ori 284.242 284.6317
Grain 0 0 1 0 0
Grain 1 0 1 0 0
Grain 2 0 1 0 0
Grain 3 0 1 0 0
Grain 4 0 1 0 0
Grain 5 0 0.9681477 -0.25038 0
Grain 6 0 1 0 0
Grain 7 0 1 0 0
Grain 8 0 1 0 0
Grain 9 0.3080455 0.9152809 0.1473861 0.2136496
Grain 10 0 1 0 0
Grain 11 0 1 0 0
Grain 12 0 1 0 0
Grain 13 0 1 0 0
Grain 14 0 1 0 0
Grain 15 0 1 0 0
Grain 16 0 1 0 0
Grain 17 0 1 0 0
Grain 18 0 1 0 0
Grain 19 0.06102347 -0.9167932 0.2030923 0.3384079
Guest-1 ori 285.0427 285.3096
Grain 0 0 1 0 0
Grain 1 0 1 0 0
Grain 2 0 1 0 0
Grain 3 0 1 0 0
Grain 4 0 1 0 0
Grain 5 0 0.9636305 -0.2672383 0
Grain 6 0 1 0 0
Grain 7 0 1 0 0
Grain 8 0 1 0 0
Grain 9 0.3080455 0.9152809 0.1473861 0.2136496
Grain 10 0 1 0 0
Grain 11 0 1 0 0
Grain 12 0 1 0 0
Grain 13 0 1 0 0
Grain 14 0 1 0 0
Grain 15 0 1 0 0
Grain 16 0 1 0 0
Grain 17 0 1 0 0
Grain 18 0 1 0 0
Grain 19 0.06102347 -0.9167932 0.2030923 0.3384079
Guest-1 ori 285.9773 286.2263
Grain 0 0 1 0 0
Grain 1 0 1 0 0
Grain 2 0 1 0 0
Grain 3 0 1 0 0
Grain 4 0 1 0 0
Grain 5 0 0.9588197 -0.2840153 0
Grain 6 0 1 0 0
Grain 7 0 1 0 0
Grain 8 0 1 0 0
Grain 9 0.3080455 0.9152809 0.1473861 0.2136496
Grain 10 0 1 0 0
Grain 11 0 1 0 0
Grain 12 0 1 0 0
Grain 13 0 1 0 0
Grain 14 0 1 0 0
Grain 15 0 1 0 0
Grain 16 0 1 0 0
Grain 17 0 1 0 0
Grain 18 0 1 0 0
Grain 19 0.06102347 -0.9167932 0.2030923 0.3384079
Guest-1 ori 286.8274 287.2287
Grain 0 0 1 0 0
Grain 1 0 1 0 0
Grain 2 0 1 0 0
Grain 3 0 1 0 0
Grain 4 0 1 0 0
Grain 5 0 0.9588197 -0.2840153 0
Grain 6 0 1 0 0
Grain 7 0 1 0 0
Grain 8 0 1 0 0
Grain 9 0.3080455 0.9152809 0.1473861 0.2136496
Grain 10 0 1 0 0
Grain 11 0 1 0 0
Grain 12 0 1 0 0
Grain 13 0 1 0 0
Grain 14 0 1 0 0
Grain 15 0 1 0 0
Grain 16 0 1 0 0
Grain 17 0 1 0 0
Grain 18 0 1 0 0
Grain 19 0.06102347 -0.9167932 0.2030923 0.3384079
Guest-1 ori 288.9293 289.0122
Grain 0 0 1 0 0
Grain 1 0 1 0 0
Grain 2 0 1 0 0
Grain 3 0 1 0 0
Grain 4 0 1 0 0
Grain 5 0 0.9396927 -0.3420202 0
Grain 6 0 1 0 0
Grain 7 0 1 0 0
Grain 8 0 1 0 0
Grain 9 0.3080455 0.9152809 0.1473861 0.2136496
Grain 10 0 1 0 0
Grain 11 0 1 0 0
Grain 12 0 1 0 0
Grain 13 0 1 0 0
Grain 14 0 1 0 0
Grain 15 0 1 0 0
Grain 16 0 1 0 0
Grain 17 0 1 0 0
Grain 18 0 1 0 0
Grain 19 0.06102347 -0.9167932 0.2030923 0.3384079
Guest-1 OptGrain 5 228 27.0083 38.19959
Grain 0 0 1 0 0
Grain 1 0 1 0 0
Grain 2 0 1 0 0
Grain 3 0 1 0 0
Grain 4 0 1 0 0
Grain 5 -0.3505071 0.8522227 -0.3566785 -0.1537585
Grain 6 0 1 0 0
Grain 7 0 1 0 0
Grain 8 0 1 0 0
Grain 9 0.3080455 0.9152809 0.1473861 0.2136496
Grain 10 0 1 0 0
Grain 11 0 1 0 0
Grain 12 0 1 0 0
Grain 13 0 1 0 0
Grain 14 0 1 0 0
Grain 15 0 1 0 0
Grain 16 0 1 0 0
Grain 17 0 1 0 0
Grain 18 0 1 0 0
Grain 19 0.06102347 -0.9167932 0.2030923 0.3384079
Guest-1 OptGrain 5 222 27.34164 38.19959
Grain 0 0 1 0 0
Grain 1 0 1 0 0
Grain 2 0 1 0 0
Grain 3 0 1 0 0
Grain 4 0 1 0 0
Grain 5 -0.3505071 0.8522227 -0.3566785 -0.1537585
Grain 6 0 1 0 0
Grain 7 0 1 0 0
Grain 8 0 1 0 0
Grain 9 0.3080455 0.9152809 0.1473861 0.2136496
Grain 10 0 1 0 0
Grain 11 0 1 0 0
Grain 12 0 1 0 0
Grain 13 0 1 0 0
Grain 14 0 1 0 0
Grain 15 0 1 0 0
Grain 16 0 1 0 0
Grain 17 0 1 0 0
Grain 18 0 1 0 0
Grain 19 0.06102347 -0.9167932 0.2030923 0.3384079
Guest-1 OptGrain 5 114 32.19959 38.19959
Grain 0 0 1 0 0
Grain 1 0 1 0 0
Grain 2 0 1 0 0
Grain 3 0 1 0 0
Grain 4 0 1 0 0
Grain 5 -0.3505071 0.8522227 -0.3566785 -0.1537585
Grain 6 0 1 0 0
Grain 7 0 1 0 0
Grain 8 0 1 0 0
Grain 9 0.3080455 0.9152809 0.1473861 0.2136496
Grain 10 0 1 0 0
Grain 11 0 1 0 0
Grain 12 0 1 0 0
Grain 13 0 1 0 0
Grain 14 0 1 0 0
Grain 15 0 1 0 0
Grain 16 0 1 0 0
Grain 17 0 1 0 0
Grain 18 0 1 0 0
Grain 19 0.06102347 -0.9167932 0.2030923 0.3384079
Guest-1 OptGrain 8 396 41.58918 48.36728
Grain 0 0 1 0 0
Grain 1 0 1 0 0
Grain 2 0 1 0 0
Grain 3 0 1 0 0
Grain 4 0.3745923 0.9271486 -0.003269017 0.008091103
Grain 5 0.3386565 -0.8595732 0.3561059 0.1401222
Grain 6 0 1 0 0
Grain 7 0 1 0 0
Grain 8 0 0.9304176 0 0.3665012
Grain 9 0.3080455 0.9152809 0.1473861 0.2136496
Grain 10 0 1 0 0
Grain 11 0 1 0 0
Grain 12 0 1 0 0
Grain 13 0 1 0 0
Grain 14 0 1 0 0
Grain 15 0 1 0 0
Grain 16 0 1 0 0
Grain 17 0 1 0 0
Grain 18 0 1 0 0
Grain 19 0.06102347 -0.9167932 0.2030923 0.3384079
Guest-1 OptGrain 4 144 45.87263 48.36728
Grain 0 0 1 0 0
Grain 1 0 1 0 0
Grain 2 0 1 0 0
Grain 3 0 1 0 0
Grain 4 0.3745923 0.9271486 -0.003269017 0.008091103
Grain 5 0.3386565 -0.8595732 0.3561059 0.1401222
Grain 6 0 1 0 0
Grain 7 0 1 0 0
Grain 8 0 0.9304176 0 0.3665012
Grain 9 0.3080455 0.9152809 0.1473861 0.2136496
Grain 10 0 1 0 0
Grain 11 0 1 0 0
Grain 12 0 1 0 0
Grain 13 0 1 0 0
Grain 14 0 1 0 0
Grain 15 0 1 0 0
Grain 16 0 1 0 0
Grain 17 0 1 0 0
Grain 18 0 1 0 0
Grain 19 0.06102347 -0.9167932 0.2030923 0.3384079
Guest-1 OptGrain 14 678 50.55257 72.09505
Grain 0 0 1 0 0
Grain 1 0 1 0 0
Grain 2 0 1 0 0
Grain 3 0 1 0 0
Grain 4 0.3665012 0.9304176 -2.464957E-08 -2.464957E-08
Grain 5 0.3386565 -0.8595732 0.3561059 0.1401222
Grain 6 0 1 0 0
Grain 7 0 1 0 0
Grain 8 -1.602027E-08 0.9304176 -4.066985E-08 0.3665012
Grain 9 0.3080455 0.9152809 0.1473861 0.2136496
Grain 10 0 1 0 0
Grain 11 -0.3566787 0.8522226 -0.3505072 0.1537585
Grain 12 0 1 0 0
Grain 13 0 1 0 0
Grain 14 -0.3757798 0.9068569 -0.07231919 -0.1765506
Grain 15 0 1 0 0
Grain 16 0 1 0 0
Grain 17 0 1 0 0
Grain 18 0 1 0 0
Grain 19 0.06102347 -0.9167932 0.2030923 0.3384079
Guest-1 OptGrain 11 282 62.49115 72.09505
Grain 0 0 1 0 0
Grain 1 0 1 0 0
Grain 2 0 1 0 0
Grain 3 0 1 0 0
Grain 4 0.3665012 0.9304176 -2.464957E-08 -2.464957E-08
Grain 5 0.3386565 -0.8595732 0.3561059 0.1401222
Grain 6 0 1 0 0
Grain 7 0 1 0 0
Grain 8 -1.602027E-08 0.9304176 -4.066985E-08 0.3665012
Grain 9 0.3080455 0.9152809 0.1473861 0.2136496
Grain 10 0 1 0 0
Grain 11 -0.3566787 0.8522226 -0.3505072 0.1537585
Grain 12 0 1 0 0
Grain 13 0 1 0 0
Grain 14 -0.3757798 0.9068569 -0.07231919 -0.1765506
Grain 15 0 1 0 0
Grain 16 0 1 0 0
Grain 17 0 1 0 0
Grain 18 0 1 0 0
Grain 19 0.06102347 -0.9167932 0.2030923 0.3384079
Guest-1 OptGrain 15 366 72.09505 79.08202
Grain 0 0 1 0 0
Grain 1 0 1 0 0
Grain 2 0 1 0 0
Grain 3 0 1 0 0
Grain 4 0.3665012 0.9304176 -2.464957E-08 -2.464957E-08
Grain 5 0.3386565 -0.8595732 0.3561059 0.1401222
Grain 6 0 1 0 0
Grain 7 0 1 0 0
Grain 8 -1.602027E-08 0.9304176 -4.066985E-08 0.3665012
Grain 9 0.3080455 0.9152809 0.1473861 0.2136496
Grain 10 0 1 0 0
Grain 11 0.3573154 -0.8624958 0.3311424 -0.1370093
Grain 12 0 1 0 0
Grain 13 0 1 0 0
Grain 14 0.3757803 -0.9068567 0.07231924 0.1765504
Grain 15 -0.1206471 0.9159687 -0.04981005 0.3794267
Grain 16 0 1 0 0
Grain 17 0 1 0 0
Grain 18 0 1 0 0
Grain 19 0.06102347 -0.9167932 0.2030923 0.3384079
Guest-1 ori 354.9321 354.9985
Grain 0 0 1 0 0
Grain 1 0 1 0 0
Grain 2 0 1 0 0
Grain 3 0 0.97237 0 0.2334453
Grain 4 0.3665012 0.9304176 -2.464957E-08 -2.464957E-08
Grain 5 0.3386565 -0.8595732 0.3561059 0.1401222
Grain 6 0 1 0 0
Grain 7 0 1 0 0
Grain 8 -1.602027E-08 0.9304176 -4.066985E-08 0.3665012
Grain 9 0.3080455 0.9152809 0.1473861 0.2136496
Grain 10 0 1 0 0
Grain 11 0.3573154 -0.8624958 0.3311424 -0.1370093
Grain 12 0 1 0 0
Grain 13 0 1 0 0
Grain 14 0.3757803 -0.9068567 0.07231924 0.1765504
Grain 15 0.104643 -0.9179348 0.04318046 -0.3802382
Grain 16 0 1 0 0
Grain 17 0 1 0 0
Grain 18 0 1 0 0
Grain 19 0.06102347 -0.9167932 0.2030923 0.3384079
Guest-1 ori 355.6324 355.7328
Grain 0 0 1 0 0
Grain 1 0 1 0 0
Grain 2 0 1 0 0
Grain 3 0 0.9702958 0 0.2419219
Grain 4 0.3665012 0.9304176 -2.464957E-08 -2.464957E-08
Grain 5 0.3386565 -0.8595732 0.3561059 0.1401222
Grain 6 0 1 0 0
Grain 7 0 1 0 0
Grain 8 -1.602027E-08 0.9304176 -4.066985E-08 0.3665012
Grain 9 0.3080455 0.9152809 0.1473861 0.2136496
Grain 10 0 1 0 0
Grain 11 0.3573154 -0.8624958 0.3311424 -0.1370093
Grain 12 0 1 0 0
Grain 13 0 1 0 0
Grain 14 0.3757803 -0.9068567 0.07231924 0.1765504
Grain 15 0.104643 -0.9179348 0.04318046 -0.3802382
Grain 16 0 1 0 0
Grain 17 0 1 0 0
Grain 18 0 1 0 0
Grain 19 0.06102347 -0.9167932 0.2030923 0.3384079
Guest-1 ori 362.9387 363.3385
Grain 0 0 1 0 0
Grain 1 0.0009133535 0.9979828 0.06104056 -0.01742783
Grain 2 0 1 0 0
Grain 3 0 0.9304176 0 0.3665012
Grain 4 0.3665012 0.9304176 -2.464957E-08 -2.464957E-08
Grain 5 0.3386565 -0.8595732 0.3561059 0.1401222
Grain 6 0 1 0 0
Grain 7 0 1 0 0
Grain 8 -1.602027E-08 0.9304176 -4.066985E-08 0.3665012
Grain 9 0.3080455 0.9152809 0.1473861 0.2136496
Grain 10 0 1 0 0
Grain 11 0.3573154 -0.8624958 0.3311424 -0.1370093
Grain 12 0 1 0 0
Grain 13 0 1 0 0
Grain 14 0.3757803 -0.9068567 0.07231924 0.1765504
Grain 15 0.104643 -0.9179348 0.04318046 -0.3802382
Grain 16 0 1 0 0
Grain 17 0 1 0 0
Grain 18 0 1 0 0
Grain 19 0.06102347 -0.9167932 0.2030923 0.3384079
Guest-1 ori 364.1731 364.4399
Grain 0 0 1 0 0
Grain 1 0.001217372 0.9967654 0.07844846 -0.01740923
Grain 2 0 1 0 0
Grain 3 0 0.9304176 0 0.3665012
Grain 4 0.3665012 0.9304176 -2.464957E-08 -2.464957E-08
Grain 5 0.3386565 -0.8595732 0.3561059 0.1401222
Grain 6 0 1 0 0
Grain 7 0 1 0 0
Grain 8 -1.602027E-08 0.9304176 -4.066985E-08 0.3665012
Grain 9 0.3080455 0.9152809 0.1473861 0.2136496
Grain 10 0 1 0 0
Grain 11 0.3573154 -0.8624958 0.3311424 -0.1370093
Grain 12 0 1 0 0
Grain 13 0 1 0 0
Grain 14 0.3757803 -0.9068567 0.07231924 0.1765504
Grain 15 0.104643 -0.9179348 0.04318046 -0.3802382
Grain 16 0 1 0 0
Grain 17 0 1 0 0
Grain 18 0 1 0 0
Grain 19 0.06102347 -0.9167932 0.2030923 0.3384079
Guest-1 ori 366.0584 366.7427
Grain 0 0 1 0 0
Grain 1 0.001824204 0.9934204 0.1131873 -0.01735614
Grain 2 0 1 0 0
Grain 3 0 0.9304176 0 0.3665012
Grain 4 0.3665012 0.9304176 -2.464957E-08 -2.464957E-08
Grain 5 0.3386565 -0.8595732 0.3561059 0.1401222
Grain 6 0 1 0 0
Grain 7 0 1 0 0
Grain 8 -1.602027E-08 0.9304176 -4.066985E-08 0.3665012
Grain 9 0.3080455 0.9152809 0.1473861 0.2136496
Grain 10 0 1 0 0
Grain 11 0.3573154 -0.8624958 0.3311424 -0.1370093
Grain 12 0 1 0 0
Grain 13 0 1 0 0
Grain 14 0.3757803 -0.9068567 0.07231924 0.1765504
Grain 15 0.104643 -0.9179348 0.04318046 -0.3802382
Grain 16 0 1 0 0
Grain 17 0 1 0 0
Grain 18 0 1 0 0
Grain 19 0.06102347 -0.9167932 0.2030923 0.3384079
Guest-1 OptGrain 3 408 80.19979 95.28436
Grain 0 0 1 0 0
Grain 1 -0.004863795 0.9236129 0.3827253 -0.02090209
Grain 2 0 1 0 0
Grain 3 0 0.9304176 0 0.3665012
Grain 4 0.3665012 0.9304176 -2.464957E-08 -2.464957E-08
Grain 5 0.3386565 -0.8595732 0.3561059 0.1401222
Grain 6 0 1 0 0
Grain 7 0 1 0 0
Grain 8 -1.602027E-08 0.9304176 -4.066985E-08 0.3665012
Grain 9 0.3080455 0.9152809 0.1473861 0.2136496
Grain 10 0 1 0 0
Grain 11 0.3573154 -0.8624958 0.3311424 -0.1370093
Grain 12 0 1 0 0
Grain 13 0 1 0 0
Grain 14 0.3757803 -0.9068567 0.07231924 0.1765504
Grain 15 0.104643 -0.9179348 0.04318046 -0.3802382
Grain 16 0 1 0 0
Grain 17 0 1 0 0
Grain 18 0 1 0 0
Grain 19 0.06102347 -0.9167932 0.2030923 0.3384079
Guest-1 OptGrain 1 156 86.95103 95.28436
Grain 0 0 1 0 0
Grain 1 -0.004863795 0.9236129 0.3827253 -0.02090209
Grain 2 0 1 0 0
Grain 3 0 0.9304176 0 0.3665012
Grain 4 0.3665012 0.9304176 -2.464957E-08 -2.464957E-08
Grain 5 0.3386565 -0.8595732 0.3561059 0.1401222
Grain 6 0 1 0 0
Grain 7 0 1 0 0
Grain 8 -1.602027E-08 0.9304176 -4.066985E-08 0.3665012
Grain 9 0.3080455 0.9152809 0.1473861 0.2136496
Grain 10 0 1 0 0
Grain 11 0.3573154 -0.8624958 0.3311424 -0.1370093
Grain 12 0 1 0 0
Grain 13 0 1 0 0
Grain 14 0.3757803 -0.9068567 0.07231924 0.1765504
Grain 15 0.104643 -0.9179348 0.04318046 -0.3802382
Grain 16 0 1 0 0
Grain 17 0 1 0 0
Grain 18 0 1 0 0
Grain 19 0.06102347 -0.9167932 0.2030923 0.3384079
Guest-1 OptGrain 0 294 98.80067 107.6665
Grain 0 -0.3826689 0.9238444 -0.003198286 -0.008119321
Grain 1 0.006537566 0.9237384 0.3826263 -0.01618092
Grain 2 0 1 0 0
Grain 3 -1.602027E-08 0.9304176 -4.066985E-08 0.3665012
Grain 4 0.3665012 0.9304176 -2.464957E-08 -2.464957E-08
Grain 5 0.3386565 -0.8595732 0.3561059 0.1401222
Grain 6 0 1 0 0
Grain 7 0 1 0 0
Grain 8 -1.602027E-08 0.9304176 -4.066985E-08 0.3665012
Grain 9 0.3080455 0.9152809 0.1473861 0.2136496
Grain 10 0 1 0 0
Grain 11 0.3573154 -0.8624958 0.3311424 -0.1370093
Grain 12 0 1 0 0
Grain 13 0 1 0 0
Grain 14 0.3757803 -0.9068567 0.07231924 0.1765504
Grain 15 0.104643 -0.9179348 0.04318046 -0.3802382
Grain 16 0 1 0 0
Grain 17 0 1 0 0
Grain 18 0 1 0 0
Grain 19 0.06102347 -0.9167932 0.2030923 0.3384079
Guest-1 ori 409.242 416.7974
Grain 0 0.3826689 -0.9238443 0.003198273 0.008119279
Grain 1 0.006537566 0.9237384 0.3826263 -0.01618092
Grain 2 0 1 0 0
Grain 3 -1.602027E-08 0.9304176 -4.066985E-08 0.3665012
Grain 4 0.3665012 0.9304176 -2.464957E-08 -2.464957E-08
Grain 5 0.3386565 -0.8595732 0.3561059 0.1401222
Grain 6 0.2545208 -0.9509331 -0.0425367 0.1706929
Grain 7 0 1 0 0
Grain 8 -1.602027E-08 0.9304176 -4.066985E-08 0.3665012
Grain 9 0.3080455 0.9152809 0.1473861 0.2136496
Grain 10 0 1 0 0
Grain 11 0.3573154 -0.8624958 0.3311424 -0.1370093
Grain 12 0 1 0 0
Grain 13 0 1 0 0
Grain 14 0.3757803 -0.9068567 0.07231924 0.1765504
Grain 15 0.104643 -0.9179348 0.04318046 -0.3802382
Grain 16 0 1 0 0
Grain 17 0 1 0 0
Grain 18 0 1 0 0
Grain 19 0.06102347 -0.9167932 0.2030923 0.3384079
Guest-1 OptGrain 6 312 127.3872 139.3558
Grain 0 0.3826689 -0.9238443 0.003198273 0.008119279
Grain 1 0.006537566 0.9237384 0.3826263 -0.01618092
Grain 2 0 1 0 0
Grain 3 -1.602027E-08 0.9304176 -4.066985E-08 0.3665012
Grain 4 0.3665012 0.9304176 -2.464957E-08 -2.464957E-08
Grain 5 0.3386565 -0.8595732 0.3561059 0.1401222
Grain 6 0.3466964 -0.8537476 -0.1562628 0.3556664
Grain 7 0 1 0 0
Grain 8 -1.602027E-08 0.9304176 -4.066985E-08 0.3665012
Grain 9 0.3080455 0.9152809 0.1473861 0.2136496
Grain 10 0 1 0 0
Grain 11 0.3573154 -0.8624958 0.3311424 -0.1370093
Grain 12 0 1 0 0
Grain 13 0 1 0 0
Grain 14 0.3757803 -0.9068567 0.07231924 0.1765504
Grain 15 0.104643 -0.9179348 0.04318046 -0.3802382
Grain 16 0 1 0 0
Grain 17 0 1 0 0
Grain 18 0 1 0 0
Grain 19 0.06102347 -0.9167932 0.2030923 0.3384079
Guest-1 OptGrain 17 330 145.0706 159.2144
Grain 0 0.3826689 -0.9238443 0.003198273 0.008119279
Grain 1 0.006537566 0.9237384 0.3826263 -0.01618092
Grain 2 0 1 0 0
Grain 3 -1.602027E-08 0.9304176 -4.066985E-08 0.3665012
Grain 4 0.3665012 0.9304176 -2.464957E-08 -2.464957E-08
Grain 5 0.3386565 -0.8595732 0.3561059 0.1401222
Grain 6 0.3497871 -0.8550787 -0.1488065 0.3526275
Grain 7 0 1 0 0
Grain 8 -1.602027E-08 0.9304176 -4.066985E-08 0.3665012
Grain 9 0.3080455 0.9152809 0.1473861 0.2136496
Grain 10 0 1 0 0
Grain 11 0.3573154 -0.8624958 0.3311424 -0.1370093
Grain 12 0 1 0 0
Grain 13 0 1 0 0
Grain 14 0.3757803 -0.9068567 0.07231924 0.1765504
Grain 15 0.104643 -0.9179348 0.04318046 -0.3802382
Grain 16 0 1 0 0
Grain 17 -0.003613766 0.9239287 0.3825404 0.002346245
Grain 18 0 1 0 0
Grain 19 0.06102347 -0.9167932 0.2030923 0.3384079
Guest-1 ori 455.6115 455.6948
Grain 0 0.3826689 -0.9238443 0.003198273 0.008119279
Grain 1 0.006537566 0.9237384 0.3826263 -0.01618092
Grain 2 0 1 0 0
Grain 3 -1.602027E-08 0.9304176 -4.066985E-08 0.3665012
Grain 4 0.3665012 0.9304176 -2.464957E-08 -2.464957E-08
Grain 5 0.3386565 -0.8595732 0.3561059 0.1401222
Grain 6 0.3497871 -0.8550787 -0.1488065 0.3526275
Grain 7 0 1 0 0
Grain 8 -1.602027E-08 0.9304176 -4.066985E-08 0.3665012
Grain 9 0.3080455 0.9152809 0.1473861 0.2136496
Grain 10 0 1 0 0
Grain 11 0.3573154 -0.8624958 0.3311424 -0.1370093
Grain 12 0 1 0 0
Grain 13 0 1 0 0
Grain 14 0.3757803 -0.9068567 0.07231924 0.1765504
Grain 15 0.104643 -0.9179348 0.04318046 -0.3802382
Grain 16 0 1 0 0
Grain 17 0.01501399 -0.9238182 -0.3825297 0.002378577
Grain 18 0 1 0 0
Grain 19 0.06102347 -0.9167932 0.2030923 0.3384079
Guest-1 OptGrain 18 660 160.8255 169.0215
Grain 0 0.3826689 -0.9238443 0.003198273 0.008119279
Grain 1 0.006537566 0.9237384 0.3826263 -0.01618092
Grain 2 0 1 0 0
Grain 3 -1.602027E-08 0.9304176 -4.066985E-08 0.3665012
Grain 4 0.3665012 0.9304176 -2.464957E-08 -2.464957E-08
Grain 5 0.3386565 -0.8595732 0.3561059 0.1401222
Grain 6 0.3497871 -0.8550787 -0.1488065 0.3526275
Grain 7 0 1 0 0
Grain 8 -1.602027E-08 0.9304176 -4.066985E-08 0.3665012
Grain 9 0.3080455 0.9152809 0.1473861 0.2136496
Grain 10 0 1 0 0
Grain 11 0.3573154 -0.8624958 0.3311424 -0.1370093
Grain 12 0 1 0 0
Grain 13 0 1 0 0
Grain 14 0.3757803 -0.9068567 0.07231924 0.1765504
Grain 15 0.104643 -0.9179348 0.04318046 -0.3802382
Grain 16 0 1 0 0
Grain 17 0.01501399 -0.9238182 -0.3825297 0.002378577
Grain 18 -0.3586093 0.8645203 -0.2680935 0.2283197
Grain 19 0.06102347 -0.9167932 0.2030923 0.3384079
Guest-1 ori 472.5581 472.625
Grain 0 0.3826689 -0.9238443 0.003198273 0.008119279
Grain 1 0.006537566 0.9237384 0.3826263 -0.01618092
Grain 2 0 1 0 0
Grain 3 -1.602027E-08 0.9304176 -4.066985E-08 0.3665012
Grain 4 0.3665012 0.9304176 -2.464957E-08 -2.464957E-08
Grain 5 0.3386565 -0.8595732 0.3561059 0.1401222
Grain 6 0.3497871 -0.8550787 -0.1488065 0.3526275
Grain 7 0 1 0 0
Grain 8 -1.602027E-08 0.9304176 -4.066985E-08 0.3665012
Grain 9 0.3080455 0.9152809 0.1473861 0.2136496
Grain 10 0 1 0 0
Grain 11 0.3573154 -0.8624958 0.3311424 -0.1370093
Grain 12 0 1 0 0
Grain 13 0 1 0 0
Grain 14 0.3757803 -0.9068567 0.07231924 0.1765504
Grain 15 0.104643 -0.9179348 0.04318046 -0.3802382
Grain 16 0 1 0 0
Grain 17 0.01501399 -0.9238182 -0.3825297 0.002378577
Grain 18 0.3586093 -0.8645204 0.2680936 -0.2283196
Grain 19 0.06102347 -0.9167932 0.2030923 0.3384079
Guest-1 OptGrain 12 306 177.9604 184.2203
Grain 0 0.3826689 -0.9238443 0.003198273 0.008119279
Grain 1 0.006537566 0.9237384 0.3826263 -0.01618092
Grain 2 0 1 0 0
Grain 3 -1.602027E-08 0.9304176 -4.066985E-08 0.3665012
Grain 4 0.3665012 0.9304176 -2.464957E-08 -2.464957E-08
Grain 5 0.3386565 -0.8595732 0.3561059 0.1401222
Grain 6 0.3497871 -0.8550787 -0.1488065 0.3526275
Grain 7 0 1 0 0
Grain 8 -1.602027E-08 0.9304176 -4.066985E-08 0.3665012
Grain 9 0.3080455 0.9152809 0.1473861 0.2136496
Grain 10 0 1 0 0
Grain 11 0.3573154 -0.8624958 0.3311424 -0.1370093
Grain 12 0.3827539 0.9235895 0.01298255 -0.01770236
Grain 13 0 1 0 0
Grain 14 0.3757803 -0.9068567 0.07231924 0.1765504
Grain 15 0.104643 -0.9179348 0.04318046 -0.3802382
Grain 16 0 1 0 0
Grain 17 0.01501399 -0.9238182 -0.3825297 0.002378577
Grain 18 0.3586093 -0.8645204 0.2680936 -0.2283196
Grain 19 0.06102347 -0.9167932 0.2030923 0.3384079
Guest-1 ori 487.3369 487.4362
Grain 0 0.3826689 -0.9238443 0.003198273 0.008119279
Grain 1 0.006537566 0.9237384 0.3826263 -0.01618092
Grain 2 0 1 0 0
Grain 3 -1.602027E-08 0.9304176 -4.066985E-08 0.3665012
Grain 4 0.3665012 0.9304176 -2.464957E-08 -2.464957E-08
Grain 5 0.3386565 -0.8595732 0.3561059 0.1401222
Grain 6 0.3497871 -0.8550787 -0.1488065 0.3526275
Grain 7 0 1 0 0
Grain 8 -1.602027E-08 0.9304176 -4.066985E-08 0.3665012
Grain 9 0.3080455 0.9152809 0.1473861 0.2136496
Grain 10 0 1 0 0
Grain 11 0.3573154 -0.8624958 0.3311424 -0.1370093
Grain 12 0.3827541 0.9237577 0.001580834 -0.01298255
Grain 13 0 1 0 0
Grain 14 0.3757803 -0.9068567 0.07231924 0.1765504
Grain 15 0.103541 -0.9179753 0.04492737 -0.3802396
Grain 16 0 1 0 0
Grain 17 0.01501399 -0.9238182 -0.3825297 0.002378577
Grain 18 0.3586093 -0.8645204 0.2680936 -0.2283196
Grain 19 0.06102347 -0.9167932 0.2030923 0.3384079
Guest-1 OptGrain 15 12 187.0556 187.2977
Grain 0 0.3826689 -0.9238443 0.003198273 0.008119279
Grain 1 0.006537566 0.9237384 0.3826263 -0.01618092
Grain 2 0 1 0 0
Grain 3 -1.602027E-08 0.9304176 -4.066985E-08 0.3665012
Grain 4 0.3665012 0.9304176 -2.464957E-08 -2.464957E-08
Grain 5 0.3386565 -0.8595732 0.3561059 0.1401222
Grain 6 0.3497871 -0.8550787 -0.1488065 0.3526275
Grain 7 0 1 0 0
Grain 8 -1.602027E-08 0.9304176 -4.066985E-08 0.3665012
Grain 9 0.3080455 0.9152809 0.1473861 0.2136496
Grain 10 0 1 0 0
Grain 11 0.3573154 -0.8624958 0.3311424 -0.1370093
Grain 12 0.3827541 0.9237577 0.001580834 -0.01298255
Grain 13 0 1 0 0
Grain 14 0.3757803 -0.9068567 0.07231924 0.1765504
Grain 15 0.103541 -0.9179753 0.04492737 -0.3802396
Grain 16 0 1 0 0
Grain 17 0.01501399 -0.9238182 -0.3825297 0.002378577
Grain 18 0.3586093 -0.8645204 0.2680936 -0.2283196
Grain 19 0.06102347 -0.9167932 0.2030923 0.3384079
Guest-1 ori 495.2257 495.3258
Grain 0 0.3826689 -0.9238443 0.003198273 0.008119279
Grain 1 0.006537566 0.9237384 0.3826263 -0.01618092
Grain 2 0 1 0 0
Grain 3 -1.602027E-08 0.9304176 -4.066985E-08 0.3665012
Grain 4 0.3665012 0.9304176 -2.464957E-08 -2.464957E-08
Grain 5 0.3386565 -0.8595732 0.3561059 0.1401222
Grain 6 0.3497871 -0.8550787 -0.1488065 0.3526275
Grain 7 0 1 0 0
Grain 8 -1.602027E-08 0.9304176 -4.066985E-08 0.3665012
Grain 9 0.3080455 0.9152809 0.1473861 0.2136496
Grain 10 0 1 0 0
Grain 11 0.3573154 -0.8624958 0.3311424 -0.1370093
Grain 12 0.3827541 0.9237577 0.001580834 -0.01298255
Grain 13 0 1 0 0
Grain 14 0.3757803 -0.9068567 0.07231924 0.1765504
Grain 15 0.1068553 -0.9183325 0.03691491 -0.3793216
Grain 16 0 1 0 0
Grain 17 0.01501399 -0.9238182 -0.3825297 0.002378577
Grain 18 0.3586093 -0.8645204 0.2680936 -0.2283196
Grain 19 0.06102347 -0.9167932 0.2030923 0.3384079
Guest-1 OptGrain 15 18 193.1286 193.7199
Grain 0 0.3826689 -0.9238443 0.003198273 0.008119279
Grain 1 0.006537566 0.9237384 0.3826263 -0.01618092
Grain 2 0 1 0 0
Grain 3 -1.602027E-08 0.9304176 -4.066985E-08 0.3665012
Grain 4 0.3665012 0.9304176 -2.464957E-08 -2.464957E-08
Grain 5 0.3386565 -0.8595732 0.3561059 0.1401222
Grain 6 0.3497871 -0.8550787 -0.1488065 0.3526275
Grain 7 0 1 0 0
Grain 8 -1.602027E-08 0.9304176 -4.066985E-08 0.3665012
Grain 9 0.3080455 0.9152809 0.1473861 0.2136496
Grain 10 0 1 0 0
Grain 11 0.3573154 -0.8624958 0.3311424 -0.1370093
Grain 12 0.3827541 0.9237577 0.001580834 -0.01298255
Grain 13 0 1 0 0
Grain 14 0.3757803 -0.9068567 0.07231924 0.1765504
Grain 15 0.103541 -0.9179753 0.04492737 -0.3802396
Grain 16 0 1 0 0
Grain 17 0.01501399 -0.9238182 -0.3825297 0.002378577
Grain 18 0.3586093 -0.8645204 0.2680936 -0.2283196
Grain 19 0.06102347 -0.9167932 0.2030923 0.3384079
Guest-1 OptGrain 13 30 196.3372 197.2402
Grain 0 0.3826689 -0.9238443 0.003198273 0.008119279
Grain 1 0.006537566 0.9237384 0.3826263 -0.01618092
Grain 2 0 1 0 0
Grain 3 -1.602027E-08 0.9304176 -4.066985E-08 0.3665012
Grain 4 0.3665012 0.9304176 -2.464957E-08 -2.464957E-08
Grain 5 0.3386565 -0.8595732 0.3561059 0.1401222
Grain 6 0.3497871 -0.8550787 -0.1488065 0.3526275
Grain 7 0 1 0 0
Grain 8 -1.602027E-08 0.9304176 -4.066985E-08 0.3665012
Grain 9 0.3080455 0.9152809 0.1473861 0.2136496
Grain 10 0 1 0 0
Grain 11 0.3573154 -0.8624958 0.3311424 -0.1370093
Grain 12 0.3827541 0.9237577 0.001580834 -0.01298255
Grain 13 0 0.9998478 0.01745241 0
Grain 14 0.3757803 -0.9068567 0.07231924 0.1765504
Grain 15 0.103541 -0.9179753 0.04492737 -0.3802396
Grain 16 0 1 0 0
Grain 17 0.01501399 -0.9238182 -0.3825297 0.002378577
Grain 18 0.3586093 -0.8645204 0.2680936 -0.2283196
Grain 19 0.06102347 -0.9167932 0.2030923 0.3384079
Guest-1 ori 512.5226 518.0606
Grain 0 0.3826689 -0.9238443 0.003198273 0.008119279
Grain 1 0.006537566 0.9237384 0.3826263 -0.01618092
Grain 2 0 1 0 0
Grain 3 -1.602027E-08 0.9304176 -4.066985E-08 0.3665012
Grain 4 0.3665012 0.9304176 -2.464957E-08 -2.464957E-08
Grain 5 0.3386565 -0.8595732 0.3561059 0.1401222
Grain 6 0.3497871 -0.8550787 -0.1488065 0.3526275
Grain 7 0 1 0 0
Grain 8 -1.602027E-08 0.9304176 -4.066985E-08 0.3665012
Grain 9 0.3080455 0.9152809 0.1473861 0.2136496
Grain 10 0 1 0 0
Grain 11 0.3573154 -0.8624958 0.3311424 -0.1370093
Grain 12 0.3827541 0.9237577 0.001580834 -0.01298255
Grain 13 0.05803115 -0.9978548 0.006587116 -0.02957893
Grain 14 0.3757803 -0.9068567 0.07231924 0.1765504
Grain 15 0.103541 -0.9179753 0.04492737 -0.3802396
Grain 16 0 1 0 0
Grain 17 0.01501399 -0.9238182 -0.3825297 0.002378577
Grain 18 0.3586093 -0.8645204 0.2680936 -0.2283196
Grain 19 0.06102347 -0.9167932 0.2030923 0.3384079
Guest-1 OptGrain 13 12 210.1881 210.5215
Grain 0 0.3826689 -0.9238443 0.003198273 0.008119279
Grain 1 0.006537566 0.9237384 0.3826263 -0.01618092
Grain 2 0 1 0 0
Grain 3 -1.602027E-08 0.9304176 -4.066985E-08 0.3665012
Grain 4 0.3665012 0.9304176 -2.464957E-08 -2.464957E-08
Grain 5 0.3386565 -0.8595732 0.3561059 0.1401222
Grain 6 0.3497871 -0.8550787 -0.1488065 0.3526275
Grain 7 0 1 0 0
Grain 8 -1.602027E-08 0.9304176 -4.066985E-08 0.3665012
Grain 9 0.3080455 0.9152809 0.1473861 0.2136496
Grain 10 0 1 0 0
Grain 11 0.3573154 -0.8624958 0.3311424 -0.1370093
Grain 12 0.3827541 0.9237577 0.001580834 -0.01298255
Grain 13 0.05118725 -0.9981152 0.005288827 -0.03343415
Grain 14 0.3757803 -0.9068567 0.07231924 0.1765504
Grain 15 0.103541 -0.9179753 0.04492737 -0.3802396
Grain 16 0 1 0 0
Grain 17 0.01501399 -0.9238182 -0.3825297 0.002378577
Grain 18 0.3586093 -0.8645204 0.2680936 -0.2283196
Grain 19 0.06102347 -0.9167932 0.2030923 0.3384079
Guest-1 OptGrain 15 18 215.0895 215.6552
Grain 0 0.3826689 -0.9238443 0.003198273 0.008119279
Grain 1 0.006537566 0.9237384 0.3826263 -0.01618092
Grain 2 0 1 0 0
Grain 3 -1.602027E-08 0.9304176 -4.066985E-08 0.3665012
Grain 4 0.3665012 0.9304176 -2.464957E-08 -2.464957E-08
Grain 5 0.3386565 -0.8595732 0.3561059 0.1401222
Grain 6 0.3497871 -0.8550787 -0.1488065 0.3526275
Grain 7 0 1 0 0
Grain 8 -1.602027E-08 0.9304176 -4.066985E-08 0.3665012
Grain 9 0.3080455 0.9152809 0.1473861 0.2136496
Grain 10 0 1 0 0
Grain 11 0.3573154 -0.8624958 0.3311424 -0.1370093
Grain 12 0.3827541 0.9237577 0.001580834 -0.01298255
Grain 13 0.05118725 -0.9981152 0.005288827 -0.03343415
Grain 14 0.3757803 -0.9068567 0.07231924 0.1765504
Grain 15 0.103541 -0.9179753 0.04492737 -0.3802396
Grain 16 0 1 0 0
Grain 17 0.01501399 -0.9238182 -0.3825297 0.002378577
Grain 18 0.3586093 -0.8645204 0.2680936 -0.2283196
Grain 19 0.06102347 -0.9167932 0.2030923 0.3384079
Guest-1 OptGrain 15 18 217.0095 217.5713
Grain 0 0.3826689 -0.9238443 0.003198273 0.008119279
Grain 1 0.006537566 0.9237384 0.3826263 -0.01618092
Grain 2 0 1 0 0
Grain 3 -1.602027E-08 0.9304176 -4.066985E-08 0.3665012
Grain 4 0.3665012 0.9304176 -2.464957E-08 -2.464957E-08
Grain 5 0.3386565 -0.8595732 0.3561059 0.1401222
Grain 6 0.3497871 -0.8550787 -0.1488065 0.3526275
Grain 7 0 1 0 0
Grain 8 -1.602027E-08 0.9304176 -4.066985E-08 0.3665012
Grain 9 0.3080455 0.9152809 0.1473861 0.2136496
Grain 10 0 1 0 0
Grain 11 0.3573154 -0.8624958 0.3311424 -0.1370093
Grain 12 0.3827541 0.9237577 0.001580834 -0.01298255
Grain 13 0.05118725 -0.9981152 0.005288827 -0.03343415
Grain 14 0.3757803 -0.9068567 0.07231924 0.1765504
Grain 15 0.1035411 -0.9179753 0.04492737 -0.3802396
Grain 16 0 1 0 0
Grain 17 0.01501399 -0.9238182 -0.3825297 0.002378577
Grain 18 0.3586093 -0.8645204 0.2680936 -0.2283196
Grain 19 0.06102347 -0.9167932 0.2030923 0.3384079
