Guest-6 ori 55.8704 61.41435
Grain 0 0 1 0 0
Grain 1 0 1 0 0
Grain 2 0 1 0 0
Grain 3 0 1 0 0
Grain 4 0 1 0 0
Grain 5 0 1 0 0
Grain 6 0 1 0 0
Grain 7 0 1 0 0
Grain 8 0 1 0 0
Grain 9 0 1 0 0
Grain 10 0 1 0 0
Grain 11 0 1 0 0
Grain 12 0 1 0 0
Grain 13 0 1 0 0
Grain 14 0 1 0 0
Grain 15 0 1 0 0
Grain 16 0 1 0 0
Grain 17 0 1 0 0
Grain 18 0 1 0 0
Grain 19 0.09789456 0.9743528 0.06730757 0.1911095
Guest-6 ori 66.5098 68.65726
Grain 0 0 1 0 0
Grain 1 0 1 0 0
Grain 2 0 1 0 0
Grain 3 0 1 0 0
Grain 4 0 1 0 0
Grain 5 0 1 0 0
Grain 6 0 1 0 0
Grain 7 0 1 0 0
Grain 8 0 1 0 0
Grain 9 0 1 0 0
Grain 10 0 1 0 0
Grain 11 0 1 0 0
Grain 12 0 1 0 0
Grain 13 0 1 0 0
Grain 14 0 1 0 0
Grain 15 0 1 0 0
Grain 16 0 1 0 0
Grain 17 0 1 0 0
Grain 18 0 1 0 0
Grain 19 0.1226081 0.9719676 0.0770923 0.1852106
Guest-6 ori 71.22207 72.03726
Grain 0 0 1 0 0
Grain 1 0 1 0 0
Grain 2 0 1 0 0
Grain 3 0 1 0 0
Grain 4 0 1 0 0
Grain 5 0 1 0 0
Grain 6 0 1 0 0
Grain 7 0 1 0 0
Grain 8 0 1 0 0
Grain 9 0 1 0 0
Grain 10 0 1 0 0
Grain 11 0 1 0 0
Grain 12 0 1 0 0
Grain 13 0 1 0 0
Grain 14 0 1 0 0
Grain 15 0 1 0 0
Grain 16 0 1 0 0
Grain 17 0 1 0 0
Grain 18 0 1 0 0
Grain 19 0.1055848 0.9818073 0.08149219 0.1351494
Guest-6 OptGrain 19 372 44.17812 54.6982
Grain 0 0 1 0 0
Grain 1 0 1 0 0
Grain 2 0 1 0 0
Grain 3 0 1 0 0
Grain 4 0 1 0 0
Grain 5 0 1 0 0
Grain 6 0 1 0 0
Grain 7 0 1 0 0
Grain 8 0 1 0 0
Grain 9 0 1 0 0
Grain 10 0 1 0 0
Grain 11 0 1 0 0
Grain 12 0 1 0 0
Grain 13 0 1 0 0
Grain 14 0 1 0 0
Grain 15 0 1 0 0
Grain 16 0 1 0 0
Grain 17 0 1 0 0
Grain 18 0 1 0 0
Grain 19 0.3557058 0.853722 0.1481619 0.3502574
Guest-6 ori 134.4775 135.2274
Grain 0 0 1 0 0
Grain 1 0 1 0 0
Grain 2 0 1 0 0
Grain 3 0 1 0 0
Grain 4 0 1 0 0
Grain 5 0 1 0 0
Grain 6 0 1 0 0
Grain 7 0 1 0 0
Grain 8 0 1 0 0
Grain 9 0 1 0 0
Grain 10 0 1 0 0
Grain 11 0 1 0 0
Grain 12 0 1 0 0
Grain 13 0.1261818 0.978004 -0.0919907 0.1382895
Grain 14 0 1 0 0
Grain 15 0 1 0 0
Grain 16 0 1 0 0
Grain 17 0 1 0 0
Grain 18 0 1 0 0
Grain 19 0.3569852 0.850633 0.145052 0.357694
Guest-6 ori 135.7931 136.8269
Grain 0 0 1 0 0
Grain 1 0 1 0 0
Grain 2 0 1 0 0
Grain 3 0 1 0 0
Grain 4 0 1 0 0
Grain 5 0 1 0 0
Grain 6 0 1 0 0
Grain 7 0 1 0 0
Grain 8 0 1 0 0
Grain 9 0 1 0 0
Grain 10 0 1 0 0
Grain 11 0 1 0 0
Grain 12 0 1 0 0
Grain 13 0.1518487 0.9450145 -0.1264775 0.2605627
Grain 14 0 1 0 0
Grain 15 0 1 0 0
Grain 16 0 1 0 0
Grain 17 0 1 0 0
Grain 18 0 1 0 0
Grain 19 0.3569852 0.850633 0.145052 0.357694
Guest-6 ori 137.4569 137.945
Grain 0 0 1 0 0
Grain 1 0 1 0 0
Grain 2 0 1 0 0
Grain 3 0 1 0 0
Grain 4 0 1 0 0
Grain 5 0 1 0 0
Grain 6 0 1 0 0
Grain 7 0 1 0 0
Grain 8 0 1 0 0
Grain 9 0 1 0 0
Grain 10 0 1 0 0
Grain 11 0 1 0 0
Grain 12 0 1 0 0
Grain 13 0.2150457 0.8947127 -0.1655102 0.3547547
Grain 14 0 1 0 0
Grain 15 0 1 0 0
Grain 16 0 1 0 0
Grain 17 0 1 0 0
Grain 18 0 1 0 0
Grain 19 0.3569852 0.850633 0.145052 0.357694
Guest-6 ori 138.7902 139.3621
Grain 0 0 1 0 0
Grain 1 0 1 0 0
Grain 2 0 1 0 0
Grain 3 0 1 0 0
Grain 4 0 1 0 0
Grain 5 0 1 0 0
Grain 6 0 1 0 0
Grain 7 0 1 0 0
Grain 8 0 1 0 0
Grain 9 0 1 0 0
Grain 10 0 1 0 0
Grain 11 0 1 0 0
Grain 12 0 1 0 0
Grain 13 0.2697517 0.8288237 -0.201734 0.4467534
Grain 14 0 1 0 0
Grain 15 0 1 0 0
Grain 16 0 1 0 0
Grain 17 0 1 0 0
Grain 18 0 1 0 0
Grain 19 0.3569852 0.850633 0.145052 0.357694
Guest-6 ori 140.1398 140.688
Grain 0 0 1 0 0
Grain 1 0 1 0 0
Grain 2 0 1 0 0
Grain 3 0 1 0 0
Grain 4 0 1 0 0
Grain 5 0 1 0 0
Grain 6 0 1 0 0
Grain 7 0 1 0 0
Grain 8 0 1 0 0
Grain 9 0 1 0 0
Grain 10 0 1 0 0
Grain 11 0 1 0 0
Grain 12 0 1 0 0
Grain 13 0.3921091 0.7720211 -0.2119304 0.453122
Grain 14 0 1 0 0
Grain 15 0 1 0 0
Grain 16 0 1 0 0
Grain 17 0 1 0 0
Grain 18 0 1 0 0
Grain 19 0.3569852 0.850633 0.145052 0.357694
Guest-6 ori 141.8202 142.9708
Grain 0 0 1 0 0
Grain 1 0 1 0 0
Grain 2 0 1 0 0
Grain 3 0 1 0 0
Grain 4 0 1 0 0
Grain 5 0 1 0 0
Grain 6 0 1 0 0
Grain 7 0 1 0 0
Grain 8 0 1 0 0
Grain 9 0 1 0 0
Grain 10 0 1 0 0
Grain 11 0 1 0 0
Grain 12 0 1 0 0
Grain 13 0.289868 0.758322 -0.2438107 0.5305476
Grain 14 0 1 0 0
Grain 15 0 1 0 0
Grain 16 0 1 0 0
Grain 17 0 1 0 0
Grain 18 0 1 0 0
Grain 19 0.3569852 0.850633 0.145052 0.357694
Guest-6 ori 143.7222 144.2665
Grain 0 0 1 0 0
Grain 1 0 1 0 0
Grain 2 0 1 0 0
Grain 3 0 1 0 0
Grain 4 0 1 0 0
Grain 5 0 1 0 0
Grain 6 0 1 0 0
Grain 7 0 1 0 0
Grain 8 0 1 0 0
Grain 9 0 1 0 0
Grain 10 0 1 0 0
Grain 11 0 1 0 0
Grain 12 0 1 0 0
Grain 13 0.3257188 0.6900198 -0.263964 0.5900024
Grain 14 0 1 0 0
Grain 15 0 1 0 0
Grain 16 0 1 0 0
Grain 17 0 1 0 0
Grain 18 0 1 0 0
Grain 19 0.3569852 0.850633 0.145052 0.357694
Guest-6 ori 144.9509 152.311
Grain 0 0 1 0 0
Grain 1 0 1 0 0
Grain 2 0 1 0 0
Grain 3 0 1 0 0
Grain 4 0 1 0 0
Grain 5 0 1 0 0
Grain 6 0 1 0 0
Grain 7 0 1 0 0
Grain 8 0 1 0 0
Grain 9 0 1 0 0
Grain 10 0 1 0 0
Grain 11 0 1 0 0
Grain 12 0 1 0 0
Grain 13 0.4321587 0.8119748 -0.119829 0.3735999
Grain 14 0 1 0 0
Grain 15 0 1 0 0
Grain 16 0 1 0 0
Grain 17 0 1 0 0
Grain 18 0 1 0 0
Grain 19 0.3569852 0.850633 0.145052 0.357694
Guest-6 ori 153.4764 158.6206
Grain 0 0 1 0 0
Grain 1 0 1 0 0
Grain 2 0 1 0 0
Grain 3 0 1 0 0
Grain 4 0 1 0 0
Grain 5 0 1 0 0
Grain 6 0 1 0 0
Grain 7 0 1 0 0
Grain 8 0 1 0 0
Grain 9 0 1 0 0
Grain 10 0 1 0 0
Grain 11 0 1 0 0
Grain 12 0 1 0 0
Grain 13 0.3509705 0.869384 -0.08520574 0.3372405
Grain 14 0 1 0 0
Grain 15 0 1 0 0
Grain 16 0 1 0 0
Grain 17 0 1 0 0
Grain 18 0 1 0 0
Grain 19 0.3569852 0.850633 0.145052 0.357694
Guest-6 ori 164.2976 178.2
Grain 0 0.4400699 -0.8274966 0.1306082 0.3233099
Grain 1 0 1 0 0
Grain 2 0 1 0 0
Grain 3 0 1 0 0
Grain 4 0 1 0 0
Grain 5 0 1 0 0
Grain 6 0 1 0 0
Grain 7 0 1 0 0
Grain 8 0 1 0 0
Grain 9 0 1 0 0
Grain 10 0 1 0 0
Grain 11 0 1 0 0
Grain 12 0 1 0 0
Grain 13 0.3509705 0.869384 -0.08520574 0.3372405
Grain 14 0 1 0 0
Grain 15 0 1 0 0
Grain 16 0 1 0 0
Grain 17 0 1 0 0
Grain 18 0 1 0 0
Grain 19 0.3569852 0.850633 0.145052 0.357694
Guest-6 ori 188.5587 195.3849
Grain 0 0.4400699 -0.8274966 0.1306082 0.3233099
Grain 1 0 1 0 0
Grain 2 0 1 0 0
Grain 3 0.2482012 -0.8686265 0.2517003 -0.3471759
Grain 4 0 1 0 0
Grain 5 0 1 0 0
Grain 6 0 1 0 0
Grain 7 0 1 0 0
Grain 8 0 1 0 0
Grain 9 0 1 0 0
Grain 10 0 1 0 0
Grain 11 0 1 0 0
Grain 12 0 1 0 0
Grain 13 0.3509705 0.869384 -0.08520574 0.3372405
Grain 14 0 1 0 0
Grain 15 0 1 0 0
Grain 16 0 1 0 0
Grain 17 0 1 0 0
Grain 18 0 1 0 0
Grain 19 0.3569852 0.850633 0.145052 0.357694
Guest-6 ori 203.1435 208.9727
Grain 0 0.4400699 -0.8274966 0.1306082 0.3233099
Grain 1 0 1 0 0
Grain 2 0 1 0 0
Grain 3 0.2482012 -0.8686265 0.2517003 -0.3471759
Grain 4 0.1329868 -0.8304564 -0.401295 -0.3627932
Grain 5 0 1 0 0
Grain 6 0 1 0 0
Grain 7 0 1 0 0
Grain 8 0 1 0 0
Grain 9 0 1 0 0
Grain 10 0 1 0 0
Grain 11 0 1 0 0
Grain 12 0 1 0 0
Grain 13 0.3509705 0.869384 -0.08520574 0.3372405
Grain 14 0 1 0 0
Grain 15 0 1 0 0
Grain 16 0 1 0 0
Grain 17 0 1 0 0
Grain 18 0 1 0 0
Grain 19 0.3569852 0.850633 0.145052 0.357694
Guest-6 ori 214.8509 228.6189
Grain 0 0.4400699 -0.8274966 0.1306082 0.3233099
Grain 1 0 1 0 0
Grain 2 0 1 0 0
Grain 3 0.2482012 -0.8686265 0.2517003 -0.3471759
Grain 4 0.133279 -0.8327867 -0.3987629 -0.3601266
Grain 5 0.170508 0.8157681 -0.4401252 0.3342745
Grain 6 0 1 0 0
Grain 7 0 1 0 0
Grain 8 0 1 0 0
Grain 9 0 1 0 0
Grain 10 0 1 0 0
Grain 11 0 1 0 0
Grain 12 0 1 0 0
Grain 13 0.3509705 0.869384 -0.08520574 0.3372405
Grain 14 0 1 0 0
Grain 15 0 1 0 0
Grain 16 0 1 0 0
Grain 17 0 1 0 0
Grain 18 0 1 0 0
Grain 19 0.3569852 0.850633 0.145052 0.357694
Guest-6 ori 230.6827 234.7321
Grain 0 0.4400699 -0.8274966 0.1306082 0.3233099
Grain 1 0 1 0 0
Grain 2 0 1 0 0
Grain 3 0.2482012 -0.8686265 0.2517003 -0.3471759
Grain 4 0.133279 -0.8327867 -0.3987629 -0.3601266
Grain 5 0.1265971 0.8634619 -0.3730908 0.3149761
Grain 6 0 1 0 0
Grain 7 0 1 0 0
Grain 8 0 1 0 0
Grain 9 0 1 0 0
Grain 10 0 1 0 0
Grain 11 0 1 0 0
Grain 12 0 1 0 0
Grain 13 0.3509705 0.869384 -0.08520574 0.3372405
Grain 14 0 1 0 0
Grain 15 0 1 0 0
Grain 16 0 1 0 0
Grain 17 0 1 0 0
Grain 18 0 1 0 0
Grain 19 0.3569852 0.850633 0.145052 0.357694
Guest-6 ori 247.4837 255.8248
Grain 0 0.4400699 -0.8274966 0.1306082 0.3233099
Grain 1 0 1 0 0
Grain 2 0 1 0 0
Grain 3 0.2482012 -0.8686265 0.2517003 -0.3471759
Grain 4 0.133279 -0.8327867 -0.3987629 -0.3601266
Grain 5 0.1250398 0.8626364 -0.3767835 0.3134607
Grain 6 0 1 0 0
Grain 7 0 1 0 0
Grain 8 0 1 0 0
Grain 9 0 1 0 0
Grain 10 0 1 0 0
Grain 11 0 1 0 0
Grain 12 0 1 0 0
Grain 13 0.3509705 0.869384 -0.08520574 0.3372405
Grain 14 0 1 0 0
Grain 15 0.1145494 -0.8913616 0.2714384 0.3444913
Grain 16 0 1 0 0
Grain 17 0 1 0 0
Grain 18 0 1 0 0
Grain 19 0.3569852 0.850633 0.145052 0.357694
Guest-6 ori 256.2918 262.181
Grain 0 0.4400699 -0.8274966 0.1306082 0.3233099
Grain 1 0 1 0 0
Grain 2 0 1 0 0
Grain 3 0.2482012 -0.8686265 0.2517003 -0.3471759
Grain 4 0.133279 -0.8327867 -0.3987629 -0.3601266
Grain 5 0.1250398 0.8626364 -0.3767835 0.3134607
Grain 6 0 1 0 0
Grain 7 0 1 0 0
Grain 8 0 1 0 0
Grain 9 0 1 0 0
Grain 10 0 1 0 0
Grain 11 0 1 0 0
Grain 12 0 1 0 0
Grain 13 0.3509705 0.869384 -0.08520574 0.3372405
Grain 14 0 1 0 0
Grain 15 0.1233984 -0.8636244 0.296269 0.3887808
Grain 16 0 1 0 0
Grain 17 0 1 0 0
Grain 18 0 1 0 0
Grain 19 0.3569852 0.850633 0.145052 0.357694
Guest-6 ori 263.9563 264.2697
Grain 0 0.4400699 -0.8274966 0.1306082 0.3233099
Grain 1 0 1 0 0
Grain 2 0 1 0 0
Grain 3 0.2482012 -0.8686265 0.2517003 -0.3471759
Grain 4 0.133279 -0.8327867 -0.3987629 -0.3601266
Grain 5 0.1250398 0.8626364 -0.3767835 0.3134607
Grain 6 0 1 0 0
Grain 7 0 1 0 0
Grain 8 0 1 0 0
Grain 9 0 1 0 0
Grain 10 0 1 0 0
Grain 11 0 1 0 0
Grain 12 0 1 0 0
Grain 13 0.3509705 0.869384 -0.08520574 0.3372405
Grain 14 0 1 0 0
Grain 15 0.1158018 -0.8662243 0.2929974 0.3878117
Grain 16 0 1 0 0
Grain 17 0 1 0 0
Grain 18 0 1 0 0
Grain 19 0.3569852 0.850633 0.145052 0.357694
Guest-6 ori 267.383 267.6085
Grain 0 0.4400699 -0.8274966 0.1306082 0.3233099
Grain 1 0 1 0 0
Grain 2 0 1 0 0
Grain 3 0.2482012 -0.8686265 0.2517003 -0.3471759
Grain 4 0.133279 -0.8327867 -0.3987629 -0.3601266
Grain 5 0.1250398 0.8626364 -0.3767835 0.3134607
Grain 6 0 1 0 0
Grain 7 0 1 0 0
Grain 8 0 1 0 0
Grain 9 0 1 0 0
Grain 10 0 1 0 0
Grain 11 0.005641296 0.9999619 -0.006657873 -3.321475E-08
Grain 12 0 1 0 0
Grain 13 0.3509705 0.869384 -0.08520574 0.3372405
Grain 14 0 1 0 0
Grain 15 0.117925 -0.8726043 0.2857077 0.3781886
Grain 16 0 1 0 0
Grain 17 0 1 0 0
Grain 18 0 1 0 0
Grain 19 0.3569852 0.850633 0.145052 0.357694
Guest-6 ori 271.2931 277.9203
Grain 0 0.4400699 -0.8274966 0.1306082 0.3233099
Grain 1 0 1 0 0
Grain 2 0 1 0 0
Grain 3 0.2482012 -0.8686265 0.2517003 -0.3471759
Grain 4 0.133279 -0.8327867 -0.3987629 -0.3601266
Grain 5 0.1250398 0.8626364 -0.3767835 0.3134607
Grain 6 0 1 0 0
Grain 7 0 1 0 0
Grain 8 0 1 0 0
Grain 9 0 1 0 0
Grain 10 0 1 0 0
Grain 11 0.3766695 0.8934596 0.2413785 0.03982949
Grain 12 0 1 0 0
Grain 13 0.3509705 0.869384 -0.08520574 0.3372405
Grain 14 0 1 0 0
Grain 15 0.117925 -0.8726043 0.2857077 0.3781886
Grain 16 0 1 0 0
Grain 17 0 1 0 0
Grain 18 0 1 0 0
Grain 19 0.3569852 0.850633 0.145052 0.357694
Guest-6 ori 289.2095 295.8214
Grain 0 0.4400699 -0.8274966 0.1306082 0.3233099
Grain 1 0 1 0 0
Grain 2 0 1 0 0
Grain 3 0.2482012 -0.8686265 0.2517003 -0.3471759
Grain 4 0.133279 -0.8327867 -0.3987629 -0.3601266
Grain 5 0.1250398 0.8626364 -0.3767835 0.3134607
Grain 6 0 1 0 0
Grain 7 0 1 0 0
Grain 8 0 1 0 0
Grain 9 0 1 0 0
Grain 10 0 1 0 0
Grain 11 0.3766695 0.8934596 0.2413785 0.03982949
Grain 12 0 1 0 0
Grain 13 0.3509705 0.869384 -0.08520574 0.3372405
Grain 14 0 1 0 0
Grain 15 0.117925 -0.8726043 0.2857077 0.3781886
Grain 16 0 1 0 0
Grain 17 0 1 0 0
Grain 18 0.2803371 -0.8168347 0.2627172 0.4303161
Grain 19 0.3569852 0.850633 0.145052 0.357694
Guest-6 ori 298.2018 303.2308
Grain 0 0.4400699 -0.8274966 0.1306082 0.3233099
Grain 1 0 1 0 0
Grain 2 0 1 0 0
Grain 3 0.2482012 -0.8686265 0.2517003 -0.3471759
Grain 4 0.133279 -0.8327867 -0.3987629 -0.3601266
Grain 5 0.1250398 0.8626364 -0.3767835 0.3134607
Grain 6 0 1 0 0
Grain 7 0 1 0 0
Grain 8 0 1 0 0
Grain 9 0 1 0 0
Grain 10 0 1 0 0
Grain 11 0.3766695 0.8934596 0.2413785 0.03982949
Grain 12 0 1 0 0
Grain 13 0.3509705 0.869384 -0.08520574 0.3372405
Grain 14 0 1 0 0
Grain 15 0.117925 -0.8726043 0.2857077 0.3781886
Grain 16 0 1 0 0
Grain 17 0 1 0 0
Grain 18 0.2965453 -0.8415021 0.2430491 0.3806078
Grain 19 0.3569852 0.850633 0.145052 0.357694
Guest-6 ori 306.1923 307.0421
Grain 0 0.4400699 -0.8274966 0.1306082 0.3233099
Grain 1 0 1 0 0
Grain 2 0 1 0 0
Grain 3 0.2482012 -0.8686265 0.2517003 -0.3471759
Grain 4 0.133279 -0.8327867 -0.3987629 -0.3601266
Grain 5 0.1250398 0.8626364 -0.3767835 0.3134607
Grain 6 0 1 0 0
Grain 7 0 1 0 0
Grain 8 0 1 0 0
Grain 9 0 1 0 0
Grain 10 0 1 0 0
Grain 11 0.3766695 0.8934596 0.2413785 0.03982949
Grain 12 0 1 0 0
Grain 13 0.3509705 0.869384 -0.08520574 0.3372405
Grain 14 0 1 0 0
Grain 15 0.117925 -0.8726043 0.2857077 0.3781886
Grain 16 0 1 0 0
Grain 17 0 1 0 0
Grain 18 0.2913932 -0.8351043 0.2480539 0.3951709
Grain 19 0.3569852 0.850633 0.145052 0.357694
Guest-6 ori 307.6262 309.9252
Grain 0 0.4400699 -0.8274966 0.1306082 0.3233099
Grain 1 0 1 0 0
Grain 2 0 1 0 0
Grain 3 0.2482012 -0.8686265 0.2517003 -0.3471759
Grain 4 0.133279 -0.8327867 -0.3987629 -0.3601266
Grain 5 0.1250398 0.8626364 -0.3767835 0.3134607
Grain 6 0 1 0 0
Grain 7 0 1 0 0
Grain 8 0 1 0 0
Grain 9 0 1 0 0
Grain 10 0 1 0 0
Grain 11 0.3766695 0.8934596 0.2413785 0.03982949
Grain 12 0 1 0 0
Grain 13 0.3509705 0.869384 -0.08520574 0.3372405
Grain 14 0 1 0 0
Grain 15 0.117925 -0.8726043 0.2857077 0.3781886
Grain 16 0 1 0 0
Grain 17 0 1 0 0
Grain 18 0.2463791 -0.783241 0.3044156 0.4828686
Grain 19 0.3569852 0.850633 0.145052 0.357694
Guest-6 ori 321.4285 343.8029
Grain 0 0.4400699 -0.8274966 0.1306082 0.3233099
Grain 1 0 1 0 0
Grain 2 0 1 0 0
Grain 3 0.2482012 -0.8686265 0.2517003 -0.3471759
Grain 4 0.133279 -0.8327867 -0.3987629 -0.3601266
Grain 5 0.1250398 0.8626364 -0.3767835 0.3134607
Grain 6 0 1 0 0
Grain 7 0 1 0 0
Grain 8 0 1 0 0
Grain 9 0 1 0 0
Grain 10 0 1 0 0
Grain 11 0.3766695 0.8934596 0.2413785 0.03982949
Grain 12 0 1 0 0
Grain 13 0.3509705 0.869384 -0.08520574 0.3372405
Grain 14 0 1 0 0
Grain 15 0.117925 -0.8726043 0.2857077 0.3781886
Grain 16 0 1 0 0
Grain 17 -0.3701948 -0.3981797 0.5183418 0.6600989
Grain 18 0.2463791 -0.783241 0.3044156 0.4828686
Grain 19 0.3569852 0.850633 0.145052 0.357694
Guest-6 ori 344.6575 345.8392
Grain 0 0.4400699 -0.8274966 0.1306082 0.3233099
Grain 1 0 1 0 0
Grain 2 0 1 0 0
Grain 3 0.2482012 -0.8686265 0.2517003 -0.3471759
Grain 4 0.133279 -0.8327867 -0.3987629 -0.3601266
Grain 5 0.1250398 0.8626364 -0.3767835 0.3134607
Grain 6 0 1 0 0
Grain 7 0 1 0 0
Grain 8 0 1 0 0
Grain 9 0 1 0 0
Grain 10 0 1 0 0
Grain 11 0.3766695 0.8934596 0.2413785 0.03982949
Grain 12 0 1 0 0
Grain 13 0.3509705 0.869384 -0.08520574 0.3372405
Grain 14 0 1 0 0
Grain 15 0.117925 -0.8726043 0.2857077 0.3781886
Grain 16 0 1 0 0
Grain 17 -0.3984614 -0.3413903 0.5657626 0.636077
Grain 18 0.2463791 -0.783241 0.3044156 0.4828686
Grain 19 0.3569852 0.850633 0.145052 0.357694
Guest-6 ori 349.9496 368.0822
Grain 0 0.4400699 -0.8274966 0.1306082 0.3233099
Grain 1 0 1 0 0
Grain 2 0 1 0 0
Grain 3 0.2482012 -0.8686265 0.2517003 -0.3471759
Grain 4 0.133279 -0.8327867 -0.3987629 -0.3601266
Grain 5 0.1250398 0.8626364 -0.3767835 0.3134607
Grain 6 0 1 0 0
Grain 7 0 1 0 0
Grain 8 0 1 0 0
Grain 9 0 1 0 0
Grain 10 0 1 0 0
Grain 11 0.3766695 0.8934596 0.2413785 0.03982949
Grain 12 0 1 0 0
Grain 13 0.3509705 0.869384 -0.08520574 0.3372405
Grain 14 0 1 0 0
Grain 15 0.117925 -0.8726043 0.2857077 0.3781886
Grain 16 0 1 0 0
Grain 17 -0.2867686 -0.2593046 0.8536646 0.3489724
Grain 18 0.2463791 -0.783241 0.3044156 0.4828686
Grain 19 0.3569852 0.850633 0.145052 0.357694
Guest-6 ori 374.7594 376.4896
Grain 0 0.4400699 -0.8274966 0.1306082 0.3233099
Grain 1 0 1 0 0
Grain 2 0 1 0 0
Grain 3 0.2482012 -0.8686265 0.2517003 -0.3471759
Grain 4 0.133279 -0.8327867 -0.3987629 -0.3601266
Grain 5 0.1250398 0.8626364 -0.3767835 0.3134607
Grain 6 0 1 0 0
Grain 7 0 1 0 0
Grain 8 0 1 0 0
Grain 9 0 1 0 0
Grain 10 0 1 0 0
Grain 11 0.3766695 0.8934596 0.2413785 0.03982949
Grain 12 0 1 0 0
Grain 13 0.3509705 0.869384 -0.08520574 0.3372405
Grain 14 0 1 0 0
Grain 15 0.117925 -0.8726043 0.2857077 0.3781886
Grain 16 0 1 0 0
Grain 17 -0.2832453 -0.2575307 0.8547582 0.3504833
Grain 18 0.05149616 -0.783911 0.4569193 0.4172007
Grain 19 0.3569852 0.850633 0.145052 0.357694
Guest-6 ori 389.8972 395.7716
Grain 0 0.4400699 -0.8274966 0.1306082 0.3233099
Grain 1 0 1 0 0
Grain 2 0 1 0 0
Grain 3 0.2482012 -0.8686265 0.2517003 -0.3471759
Grain 4 0.133279 -0.8327867 -0.3987629 -0.3601266
Grain 5 0.1250398 0.8626364 -0.3767835 0.3134607
Grain 6 0 1 0 0
Grain 7 0 1 0 0
Grain 8 0 1 0 0
Grain 9 0 1 0 0
Grain 10 0 1 0 0
Grain 11 0.3766695 0.8934596 0.2413785 0.03982949
Grain 12 0.3737573 0.8549984 -0.2181367 -0.2858315
Grain 13 0.3509705 0.869384 -0.08520574 0.3372405
Grain 14 0 1 0 0
Grain 15 0.117925 -0.8726043 0.2857077 0.3781886
Grain 16 0 1 0 0
Grain 17 -0.2832453 -0.2575307 0.8547582 0.3504833
Grain 18 0.05149616 -0.783911 0.4569193 0.4172007
Grain 19 0.3569852 0.850633 0.145052 0.357694
Guest-6 ori 407.0296 414.2531
Grain 0 0.4400699 -0.8274966 0.1306082 0.3233099
Grain 1 0 1 0 0
Grain 2 0 1 0 0
Grain 3 0.2482012 -0.8686265 0.2517003 -0.3471759
Grain 4 0.133279 -0.8327867 -0.3987629 -0.3601266
Grain 5 0.1250398 0.8626364 -0.3767835 0.3134607
Grain 6 0 1 0 0
Grain 7 0 1 0 0
Grain 8 0.4761603 0.7916648 0.2286514 -0.3070128
Grain 9 0 1 0 0
Grain 10 0 1 0 0
Grain 11 0.3766695 0.8934596 0.2413785 0.03982949
Grain 12 0.3755918 0.8571407 -0.2104817 -0.2827333
Grain 13 0.3509705 0.869384 -0.08520574 0.3372405
Grain 14 0 1 0 0
Grain 15 0.117925 -0.8726043 0.2857077 0.3781886
Grain 16 0 1 0 0
Grain 17 -0.2832453 -0.2575307 0.8547582 0.3504833
Grain 18 0.05149616 -0.783911 0.4569193 0.4172007
Grain 19 0.3569852 0.850633 0.145052 0.357694
Guest-6 ori 416.2182 422.2296
Grain 0 0.4400699 -0.8274966 0.1306082 0.3233099
Grain 1 0 1 0 0
Grain 2 0 1 0 0
Grain 3 0.2482012 -0.8686265 0.2517003 -0.3471759
Grain 4 0.133279 -0.8327867 -0.3987629 -0.3601266
Grain 5 0.1250398 0.8626364 -0.3767835 0.3134607
Grain 6 0 1 0 0
Grain 7 0 1 0 0
Grain 8 0.4281289 0.8423331 0.1882403 -0.2678548
Grain 9 0 1 0 0
Grain 10 0 1 0 0
Grain 11 0.3766695 0.8934596 0.2413785 0.03982949
Grain 12 0.3755918 0.8571407 -0.2104817 -0.2827333
Grain 13 0.3509705 0.869384 -0.08520574 0.3372405
Grain 14 0 1 0 0
Grain 15 0.117925 -0.8726043 0.2857077 0.3781886
Grain 16 0 1 0 0
Grain 17 -0.2832453 -0.2575307 0.8547582 0.3504833
Grain 18 0.05149616 -0.783911 0.4569193 0.4172007
Grain 19 0.3569852 0.850633 0.145052 0.357694
Guest-6 ori 426.675 431.3027
Grain 0 0.4400699 -0.8274966 0.1306082 0.3233099
Grain 1 0 1 0 0
Grain 2 0 1 0 0
Grain 3 0.2482012 -0.8686265 0.2517003 -0.3471759
Grain 4 0.133279 -0.8327867 -0.3987629 -0.3601266
Grain 5 0.1250398 0.8626364 -0.3767835 0.3134607
Grain 6 0 1 0 0
Grain 7 0 1 0 0
Grain 8 0.2559037 0.8691068 0.32353 -0.2729379
Grain 9 0 1 0 0
Grain 10 0 1 0 0
Grain 11 0.3766695 0.8934596 0.2413785 0.03982949
Grain 12 0.3755918 0.8571407 -0.2104817 -0.2827333
Grain 13 0.3509705 0.869384 -0.08520574 0.3372405
Grain 14 0 1 0 0
Grain 15 0.117925 -0.8726043 0.2857077 0.3781886
Grain 16 0 1 0 0
Grain 17 -0.2832453 -0.2575307 0.8547582 0.3504833
Grain 18 0.05149616 -0.783911 0.4569193 0.4172007
Grain 19 0.3569852 0.850633 0.145052 0.357694
Guest-6 ori 442.2439 463.8258
Grain 0 0.4400699 -0.8274966 0.1306082 0.3233099
Grain 1 0.04466613 -0.8640665 -0.3997004 -0.3027105
Grain 2 0 1 0 0
Grain 3 0.2482012 -0.8686265 0.2517003 -0.3471759
Grain 4 0.133279 -0.8327867 -0.3987629 -0.3601266
Grain 5 0.1250398 0.8626364 -0.3767835 0.3134607
Grain 6 0 1 0 0
Grain 7 0 1 0 0
Grain 8 0.2559037 0.8691068 0.32353 -0.2729379
Grain 9 0 1 0 0
Grain 10 0 1 0 0
Grain 11 0.3766695 0.8934596 0.2413785 0.03982949
Grain 12 0.3755918 0.8571407 -0.2104817 -0.2827333
Grain 13 0.3509705 0.869384 -0.08520574 0.3372405
Grain 14 0 1 0 0
Grain 15 0.117925 -0.8726043 0.2857077 0.3781886
Grain 16 0 1 0 0
Grain 17 -0.2832453 -0.2575307 0.8547582 0.3504833
Grain 18 0.05149616 -0.783911 0.4569193 0.4172007
Grain 19 0.3569852 0.850633 0.145052 0.357694
Guest-6 OptGrain 1 174 335.4375 341.9643
Grain 0 0.4400699 -0.8274966 0.1306082 0.3233099
Grain 1 0.2231511 -0.8610445 -0.3283828 -0.317759
Grain 2 0 1 0 0
Grain 3 0.2482012 -0.8686265 0.2517003 -0.3471759
Grain 4 0.133279 -0.8327867 -0.3987629 -0.3601266
Grain 5 0.1250398 0.8626364 -0.3767835 0.3134607
Grain 6 0 1 0 0
Grain 7 0 1 0 0
Grain 8 0.2559037 0.8691068 0.32353 -0.2729379
Grain 9 0 1 0 0
Grain 10 0 1 0 0
Grain 11 0.3766695 0.8934596 0.2413785 0.03982949
Grain 12 0.3755918 0.8571407 -0.2104817 -0.2827333
Grain 13 0.3509705 0.869384 -0.08520574 0.3372405
Grain 14 0 1 0 0
Grain 15 0.117925 -0.8726043 0.2857077 0.3781886
Grain 16 0 1 0 0
Grain 17 -0.2832453 -0.2575307 0.8547582 0.3504833
Grain 18 0.05149616 -0.783911 0.4569193 0.4172007
Grain 19 0.3569852 0.850633 0.145052 0.357694
Guest-6 ori 495.1735 495.2576
Grain 0 0.4400699 -0.8274966 0.1306082 0.3233099
Grain 1 0.2127306 -0.8601784 -0.3330123 -0.3223999
Grain 2 0 1 0 0
Grain 3 0.2482012 -0.8686265 0.2517003 -0.3471759
Grain 4 0.133279 -0.8327867 -0.3987629 -0.3601266
Grain 5 0.1250398 0.8626364 -0.3767835 0.3134607
Grain 6 0 1 0 0
Grain 7 0 1 0 0
Grain 8 0.2559037 0.8691068 0.32353 -0.2729379
Grain 9 0 1 0 0
Grain 10 0 1 0 0
Grain 11 0.3766695 0.8934596 0.2413785 0.03982949
Grain 12 0.3755918 0.8571407 -0.2104817 -0.2827333
Grain 13 0.3509705 0.869384 -0.08520574 0.3372405
Grain 14 0 1 0 0
Grain 15 0.117925 -0.8726043 0.2857077 0.3781886
Grain 16 0 1 0 0
Grain 17 -0.2832453 -0.2575307 0.8547582 0.3504833
Grain 18 0.05149616 -0.783911 0.4569193 0.4172007
Grain 19 0.3569852 0.850633 0.145052 0.357694
