Guest-2 ori 2251.218 2259.292
Grain 0 0 1 0 0
Grain 1 0 1 0 0
Grain 2 0 1 0 0
Grain 3 0 1 0 0
Grain 4 0 1 0 0
Grain 5 0 1 0 0
Grain 6 0 1 0 0
Grain 7 0 1 0 0
Grain 8 0 1 0 0
Grain 9 0 1 0 0
Grain 10 0 1 0 0
Grain 11 0 1 0 0
Grain 12 0 1 0 0
Grain 13 0 1 0 0
Grain 14 0 1 0 0
Grain 15 0 1 0 0
Grain 16 0 1 0 0
Grain 17 0 1 0 0
Grain 18 0 1 0 0
Grain 19 0.1698109 0.9214097 -0.347546 0.03715321
Guest-2 ori 2283.223 2283.325
Grain 0 0 1 0 0
Grain 1 0 1 0 0
Grain 2 0 1 0 0
Grain 3 0 1 0 0
Grain 4 0 1 0 0
Grain 5 0 1 0 0
Grain 6 0 1 0 0
Grain 7 0 1 0 0
Grain 8 0 1 0 0
Grain 9 0 1 0 0
Grain 10 0 1 0 0
Grain 11 -2.373913E-06 0.9999905 -4.56335E-06 0.00436336
Grain 12 0 1 0 0
Grain 13 0 1 0 0
Grain 14 0 1 0 0
Grain 15 0 1 0 0
Grain 16 0 1 0 0
Grain 17 0 1 0 0
Grain 18 0 1 0 0
Grain 19 0.1698109 0.9214097 -0.347546 0.03715321
Guest-2 ori 2285.905 2290.318
Grain 0 0 1 0 0
Grain 1 0 1 0 0
Grain 2 0.4130779 0.9029344 -0.03736769 0.1126044
Grain 3 0 1 0 0
Grain 4 0 1 0 0
Grain 5 0 1 0 0
Grain 6 0 1 0 0
Grain 7 0 1 0 0
Grain 8 0 1 0 0
Grain 9 0 1 0 0
Grain 10 0 1 0 0
Grain 11 0.02333651 -0.9993147 -0.01185488 -0.02617259
Grain 12 0 1 0 0
Grain 13 0 1 0 0
Grain 14 0 1 0 0
Grain 15 0 1 0 0
Grain 16 0 1 0 0
Grain 17 0 1 0 0
Grain 18 0 1 0 0
Grain 19 0.1698109 0.9214097 -0.347546 0.03715321
Guest-2 ori 2294.415 2294.465
Grain 0 0 1 0 0
Grain 1 0 1 0 0
Grain 2 0.4130779 0.9029344 -0.03736769 0.1126044
Grain 3 0 1 0 0
Grain 4 0 1 0 0
Grain 5 0 1 0 0
Grain 6 0 1 0 0
Grain 7 0 1 0 0
Grain 8 0 1 0 0
Grain 9 0 1 0 0
Grain 10 0 1 0 0
Grain 11 0.02333651 -0.9993147 -0.01185488 -0.02617259
Grain 12 0 1 0 0
Grain 13 0 1 0 0
Grain 14 0 1 0 0
Grain 15 0 1 0 0
Grain 16 0 1 0 0
Grain 17 0 1 0 0
Grain 18 0 1 0 0
Grain 19 0.1698109 0.9214097 -0.347546 0.03715321
Guest-2 ori 2299.694 2311.366
Grain 0 0 1 0 0
Grain 1 0.232675 0.7820663 0.4836391 0.3167457
Grain 2 0.4130779 0.9029344 -0.03736769 0.1126044
Grain 3 0 1 0 0
Grain 4 0.003837873 0.9995336 0.004441888 -0.02996902
Grain 5 0 1 0 0
Grain 6 0 1 0 0
Grain 7 0 1 0 0
Grain 8 0 1 0 0
Grain 9 0 1 0 0
Grain 10 0 1 0 0
Grain 11 0.02333651 -0.9993147 -0.01185488 -0.02617259
Grain 12 0 1 0 0
Grain 13 0 1 0 0
Grain 14 0 1 0 0
Grain 15 0 1 0 0
Grain 16 0 1 0 0
Grain 17 0 1 0 0
Grain 18 0 1 0 0
Grain 19 0.1698109 0.9214097 -0.347546 0.03715321
Guest-2 ori 2313.014 2315.997
Grain 0 0 1 0 0
Grain 1 0.2079652 0.8198025 0.4027585 0.3499427
Grain 2 0.4130779 0.9029344 -0.03736769 0.1126044
Grain 3 0 1 0 0
Grain 4 0.003837873 0.9995336 0.004441888 -0.02996902
Grain 5 0 1 0 0
Grain 6 0 1 0 0
Grain 7 0 1 0 0
Grain 8 0 1 0 0
Grain 9 0 1 0 0
Grain 10 0 1 0 0
Grain 11 0.02333651 -0.9993147 -0.01185488 -0.02617259
Grain 12 0 1 0 0
Grain 13 0 1 0 0
Grain 14 0 1 0 0
Grain 15 0 1 0 0
Grain 16 0 1 0 0
Grain 17 0 1 0 0
Grain 18 0 1 0 0
Grain 19 0.1698109 0.9214097 -0.347546 0.03715321
Guest-2 ori 2316.464 2316.564
Grain 0 0 1 0 0
Grain 1 0.2079652 0.8198025 0.4027585 0.3499427
Grain 2 0.4130779 0.9029344 -0.03736769 0.1126044
Grain 3 0 1 0 0
Grain 4 0.003837873 0.9995336 0.004441888 -0.02996902
Grain 5 0 1 0 0
Grain 6 0 1 0 0
Grain 7 0 1 0 0
Grain 8 0 1 0 0
Grain 9 0 1 0 0
Grain 10 0 1 0 0
Grain 11 0.02333651 -0.9993147 -0.01185488 -0.02617259
Grain 12 0 1 0 0
Grain 13 0 1 0 0
Grain 14 0 1 0 0
Grain 15 0 1 0 0
Grain 16 0 1 0 0
Grain 17 0 1 0 0
Grain 18 0 1 0 0
Grain 19 0.1698109 0.9214097 -0.347546 0.03715321
Guest-2 ori 2322.693 2324.591
Grain 0 0 1 0 0
Grain 1 0.2061769 0.8216133 0.3992998 0.3507169
Grain 2 0.4130779 0.9029344 -0.03736769 0.1126044
Grain 3 0 1 0 0
Grain 4 0.003837873 0.9995336 0.004441888 -0.02996902
Grain 5 0 1 0 0
Grain 6 0.2679059 -0.7695296 -0.5312138 -0.2320831
Grain 7 0 1 0 0
Grain 8 0 1 0 0
Grain 9 0 1 0 0
Grain 10 0 1 0 0
Grain 11 0.02333651 -0.9993147 -0.01185488 -0.02617259
Grain 12 0 1 0 0
Grain 13 0 1 0 0
Grain 14 0 1 0 0
Grain 15 0 1 0 0
Grain 16 0 1 0 0
Grain 17 0 1 0 0
Grain 18 0 1 0 0
Grain 19 0.1698109 0.9214097 -0.347546 0.03715321
Guest-2 ori 2326.755 2331.068
Grain 0 0 1 0 0
Grain 1 0.2061769 0.8216133 0.3992998 0.3507169
Grain 2 0.4130779 0.9029344 -0.03736769 0.1126044
Grain 3 0 1 0 0
Grain 4 0.003837873 0.9995336 0.004441888 -0.02996902
Grain 5 0 1 0 0
Grain 6 0.1376863 -0.8034564 -0.3746276 -0.4417629
Grain 7 0 1 0 0
Grain 8 0 1 0 0
Grain 9 0 1 0 0
Grain 10 0 1 0 0
Grain 11 0.02333651 -0.9993147 -0.01185488 -0.02617259
Grain 12 0 1 0 0
Grain 13 0 1 0 0
Grain 14 0 1 0 0
Grain 15 0 1 0 0
Grain 16 0 1 0 0
Grain 17 0 1 0 0
Grain 18 0 1 0 0
Grain 19 0.1698109 0.9214097 -0.347546 0.03715321
Guest-2 ori 2338.477 2345.256
Grain 0 0 1 0 0
Grain 1 0.2061769 0.8216133 0.3992998 0.3507169
Grain 2 0.4130779 0.9029344 -0.03736769 0.1126044
Grain 3 0 1 0 0
Grain 4 0.003837873 0.9995336 0.004441888 -0.02996902
Grain 5 0 1 0 0
Grain 6 0.1376863 -0.8034564 -0.3746276 -0.4417629
Grain 7 0 1 0 0
Grain 8 0 1 0 0
Grain 9 0 1 0 0
Grain 10 0 1 0 0
Grain 11 0.02333651 -0.9993147 -0.01185488 -0.02617259
Grain 12 0.3487448 -0.918611 -0.03565868 -0.1823714
Grain 13 0 1 0 0
Grain 14 0 1 0 0
Grain 15 0 1 0 0
Grain 16 0 1 0 0
Grain 17 0 1 0 0
Grain 18 0 1 0 0
Grain 19 0.1698109 0.9214097 -0.347546 0.03715321
Guest-2 ori 2355.08 2365.274
Grain 0 0 1 0 0
Grain 1 0.2061769 0.8216133 0.3992998 0.3507169
Grain 2 0.4130779 0.9029344 -0.03736769 0.1126044
Grain 3 0 1 0 0
Grain 4 0.003837873 0.9995336 0.004441888 -0.02996902
Grain 5 0 1 0 0
Grain 6 0.1376863 -0.8034564 -0.3746276 -0.4417629
Grain 7 0 1 0 0
Grain 8 0 1 0 0
Grain 9 0 1 0 0
Grain 10 0 1 0 0
Grain 11 0.02333651 -0.9993147 -0.01185488 -0.02617259
Grain 12 0.3487448 -0.918611 -0.03565868 -0.1823714
Grain 13 0 1 0 0
Grain 14 0 1 0 0
Grain 15 0.1853855 0.7749998 0.5814666 -0.1640248
Grain 16 0 1 0 0
Grain 17 0 1 0 0
Grain 18 0 1 0 0
Grain 19 0.1698109 0.9214097 -0.347546 0.03715321
Guest-2 ori 2365.754 2370.184
Grain 0 0 1 0 0
Grain 1 0.2061769 0.8216133 0.3992998 0.3507169
Grain 2 0.4130779 0.9029344 -0.03736769 0.1126044
Grain 3 0 1 0 0
Grain 4 0.003837873 0.9995336 0.004441888 -0.02996902
Grain 5 0 1 0 0
Grain 6 0.1376863 -0.8034564 -0.3746276 -0.4417629
Grain 7 0 1 0 0
Grain 8 0 1 0 0
Grain 9 0 1 0 0
Grain 10 0 1 0 0
Grain 11 0.02333651 -0.9993147 -0.01185488 -0.02617259
Grain 12 0.3487448 -0.918611 -0.03565868 -0.1823714
Grain 13 0 1 0 0
Grain 14 0 1 0 0
Grain 15 0.243148 0.8847624 0.3966873 -0.0267169
Grain 16 0 1 0 0
Grain 17 0 1 0 0
Grain 18 0 1 0 0
Grain 19 0.1698109 0.9214097 -0.347546 0.03715321
Guest-2 ori 2386.82 2389.054
Grain 0 0 1 0 0
Grain 1 0.2061769 0.8216133 0.3992998 0.3507169
Grain 2 0.4130779 0.9029344 -0.03736769 0.1126044
Grain 3 0 1 0 0
Grain 4 0.003837873 0.9995336 0.004441888 -0.02996902
Grain 5 0 1 0 0
Grain 6 0.1376863 -0.8034564 -0.3746276 -0.4417629
Grain 7 0 1 0 0
Grain 8 0 1 0 0
Grain 9 0 1 0 0
Grain 10 0 1 0 0
Grain 11 0.02333651 -0.9993147 -0.01185488 -0.02617259
Grain 12 0.3487448 -0.918611 -0.03565868 -0.1823714
Grain 13 0 1 0 0
Grain 14 0 1 0 0
Grain 15 0.243148 0.8847624 0.3966873 -0.0267169
Grain 16 0 1 0 0
Grain 17 0.4073421 -0.6589137 -0.2467752 0.5822433
Grain 18 0 1 0 0
Grain 19 0.1698109 0.9214097 -0.347546 0.03715321
Guest-2 ori 2390.201 2395.814
Grain 0 0 1 0 0
Grain 1 0.2061769 0.8216133 0.3992998 0.3507169
Grain 2 0.4130779 0.9029344 -0.03736769 0.1126044
Grain 3 0 1 0 0
Grain 4 0.003837873 0.9995336 0.004441888 -0.02996902
Grain 5 0 1 0 0
Grain 6 0.1376863 -0.8034564 -0.3746276 -0.4417629
Grain 7 0 1 0 0
Grain 8 0 1 0 0
Grain 9 0 1 0 0
Grain 10 0 1 0 0
Grain 11 0.02333651 -0.9993147 -0.01185488 -0.02617259
Grain 12 0.3487448 -0.918611 -0.03565868 -0.1823714
Grain 13 0 1 0 0
Grain 14 0 1 0 0
Grain 15 0.243148 0.8847624 0.3966873 -0.0267169
Grain 16 0 1 0 0
Grain 17 -0.4482397 0.4292573 0.6542727 -0.4321419
Grain 18 0 1 0 0
Grain 19 0.1698109 0.9214097 -0.347546 0.03715321
Guest-2 ori 2396.548 2409.95
Grain 0 0 1 0 0
Grain 1 0.2061769 0.8216133 0.3992998 0.3507169
Grain 2 0.4130779 0.9029344 -0.03736769 0.1126044
Grain 3 0 1 0 0
Grain 4 0.003837873 0.9995336 0.004441888 -0.02996902
Grain 5 0 1 0 0
Grain 6 0.1376863 -0.8034564 -0.3746276 -0.4417629
Grain 7 0 1 0 0
Grain 8 0 1 0 0
Grain 9 0 1 0 0
Grain 10 0 1 0 0
Grain 11 0.02333651 -0.9993147 -0.01185488 -0.02617259
Grain 12 0.3487448 -0.918611 -0.03565868 -0.1823714
Grain 13 0 1 0 0
Grain 14 0 1 0 0
Grain 15 0.243148 0.8847624 0.3966873 -0.0267169
Grain 16 0 1 0 0
Grain 17 -0.5515972 0.08492393 0.5958681 -0.5774683
Grain 18 0 1 0 0
Grain 19 0.1698109 0.9214097 -0.347546 0.03715321
Guest-2 ori 2421.094 2427.84
Grain 0 0 1 0 0
Grain 1 0.2061769 0.8216133 0.3992998 0.3507169
Grain 2 0.4130779 0.9029344 -0.03736769 0.1126044
Grain 3 0 1 0 0
Grain 4 0.003837873 0.9995336 0.004441888 -0.02996902
Grain 5 0 1 0 0
Grain 6 0.1376863 -0.8034564 -0.3746276 -0.4417629
Grain 7 0.1171301 0.9351552 0.2975567 0.1523988
Grain 8 0 1 0 0
Grain 9 0 1 0 0
Grain 10 0 1 0 0
Grain 11 0.02333651 -0.9993147 -0.01185488 -0.02617259
Grain 12 0.3487448 -0.918611 -0.03565868 -0.1823714
Grain 13 0 1 0 0
Grain 14 0 1 0 0
Grain 15 0.243148 0.8847624 0.3966873 -0.0267169
Grain 16 0 1 0 0
Grain 17 -0.5515972 0.08492393 0.5958681 -0.5774683
Grain 18 0 1 0 0
Grain 19 0.1698109 0.9214097 -0.347546 0.03715321
Guest-2 ori 2428.705 2432.119
Grain 0 0 1 0 0
Grain 1 0.2061769 0.8216133 0.3992998 0.3507169
Grain 2 0.4130779 0.9029344 -0.03736769 0.1126044
Grain 3 0 1 0 0
Grain 4 0.003837873 0.9995336 0.004441888 -0.02996902
Grain 5 0 1 0 0
Grain 6 0.1376863 -0.8034564 -0.3746276 -0.4417629
Grain 7 0.1535293 0.8785625 0.3995296 0.2119736
Grain 8 0 1 0 0
Grain 9 0 1 0 0
Grain 10 0 1 0 0
Grain 11 0.02333651 -0.9993147 -0.01185488 -0.02617259
Grain 12 0.3487448 -0.918611 -0.03565868 -0.1823714
Grain 13 0 1 0 0
Grain 14 0 1 0 0
Grain 15 0.243148 0.8847624 0.3966873 -0.0267169
Grain 16 0 1 0 0
Grain 17 -0.5515972 0.08492393 0.5958681 -0.5774683
Grain 18 0 1 0 0
Grain 19 0.1698109 0.9214097 -0.347546 0.03715321
Guest-2 ori 2442.775 2453.685
Grain 0 0.3981974 -0.8153792 0.4182085 -0.04119839
Grain 1 0.2061769 0.8216133 0.3992998 0.3507169
Grain 2 0.4130779 0.9029344 -0.03736769 0.1126044
Grain 3 0 1 0 0
Grain 4 0.003837873 0.9995336 0.004441888 -0.02996902
Grain 5 0 1 0 0
Grain 6 0.1376863 -0.8034564 -0.3746276 -0.4417629
Grain 7 0.1535293 0.8785625 0.3995296 0.2119736
Grain 8 0 1 0 0
Grain 9 0 1 0 0
Grain 10 0 1 0 0
Grain 11 0.02333651 -0.9993147 -0.01185488 -0.02617259
Grain 12 0.3487448 -0.918611 -0.03565868 -0.1823714
Grain 13 0 1 0 0
Grain 14 0 1 0 0
Grain 15 0.243148 0.8847624 0.3966873 -0.0267169
Grain 16 0 1 0 0
Grain 17 -0.5515972 0.08492393 0.5958681 -0.5774683
Grain 18 0 1 0 0
Grain 19 0.1698109 0.9214097 -0.347546 0.03715321
Guest-2 ori 2466.871 2470.457
Grain 0 0.3981974 -0.8153792 0.4182085 -0.04119839
Grain 1 0.2061769 0.8216133 0.3992998 0.3507169
Grain 2 0.4130779 0.9029344 -0.03736769 0.1126044
Grain 3 0 1 0 0
Grain 4 0.003837873 0.9995336 0.004441888 -0.02996902
Grain 5 0 1 0 0
Grain 6 0.1376863 -0.8034564 -0.3746276 -0.4417629
Grain 7 0.1535293 0.8785625 0.3995296 0.2119736
Grain 8 0 1 0 0
Grain 9 0 1 0 0
Grain 10 0 1 0 0
Grain 11 0.02333651 -0.9993147 -0.01185488 -0.02617259
Grain 12 0.3487448 -0.918611 -0.03565868 -0.1823714
Grain 13 0 1 0 0
Grain 14 0.5802473 0.8049454 0.1231704 0.01432112
Grain 15 0.243148 0.8847624 0.3966873 -0.0267169
Grain 16 0 1 0 0
Grain 17 -0.5515972 0.08492393 0.5958681 -0.5774683
Grain 18 0 1 0 0
Grain 19 0.1698109 0.9214097 -0.347546 0.03715321
Guest-2 ori 2471.436 2478.411
Grain 0 0.3981974 -0.8153792 0.4182085 -0.04119839
Grain 1 0.2061769 0.8216133 0.3992998 0.3507169
Grain 2 0.4130779 0.9029344 -0.03736769 0.1126044
Grain 3 0 1 0 0
Grain 4 0.003837873 0.9995336 0.004441888 -0.02996902
Grain 5 0 1 0 0
Grain 6 0.1376863 -0.8034564 -0.3746276 -0.4417629
Grain 7 0.1535293 0.8785625 0.3995296 0.2119736
Grain 8 0 1 0 0
Grain 9 0 1 0 0
Grain 10 0 1 0 0
Grain 11 0.02333651 -0.9993147 -0.01185488 -0.02617259
Grain 12 0.3487448 -0.918611 -0.03565868 -0.1823714
Grain 13 0 1 0 0
Grain 14 0.4336174 0.8067621 0.3482883 0.1995147
Grain 15 0.243148 0.8847624 0.3966873 -0.0267169
Grain 16 0 1 0 0
Grain 17 -0.5515972 0.08492393 0.5958681 -0.5774683
Grain 18 0 1 0 0
Grain 19 0.1698109 0.9214097 -0.347546 0.03715321
Guest-2 ori 2502.893 2507.674
Grain 0 0.3981974 -0.8153792 0.4182085 -0.04119839
Grain 1 0.2061769 0.8216133 0.3992998 0.3507169
Grain 2 0.4130779 0.9029344 -0.03736769 0.1126044
Grain 3 0 1 0 0
Grain 4 0.003837873 0.9995336 0.004441888 -0.02996902
Grain 5 0 1 0 0
Grain 6 0.1376863 -0.8034564 -0.3746276 -0.4417629
Grain 7 0.1535293 0.8785625 0.3995296 0.2119736
Grain 8 0 1 0 0
Grain 9 0.4633457 0.7835156 -0.1326676 0.3921906
Grain 10 0 1 0 0
Grain 11 0.02333651 -0.9993147 -0.01185488 -0.02617259
Grain 12 0.3487448 -0.918611 -0.03565868 -0.1823714
Grain 13 0 1 0 0
Grain 14 0.4336174 0.8067621 0.3482883 0.1995147
Grain 15 0.243148 0.8847624 0.3966873 -0.0267169
Grain 16 0 1 0 0
Grain 17 -0.5515972 0.08492393 0.5958681 -0.5774683
Grain 18 0 1 0 0
Grain 19 0.1698109 0.9214097 -0.347546 0.03715321
Guest-2 ori 2508.489 2512.403
Grain 0 0.3981974 -0.8153792 0.4182085 -0.04119839
Grain 1 0.2061769 0.8216133 0.3992998 0.3507169
Grain 2 0.4130779 0.9029344 -0.03736769 0.1126044
Grain 3 0 1 0 0
Grain 4 0.003837873 0.9995336 0.004441888 -0.02996902
Grain 5 0 1 0 0
Grain 6 0.1376863 -0.8034564 -0.3746276 -0.4417629
Grain 7 0.1535293 0.8785625 0.3995296 0.2119736
Grain 8 0 1 0 0
Grain 9 0.6274465 0.5974735 -0.05002192 0.496824
Grain 10 0 1 0 0
Grain 11 0.02333651 -0.9993147 -0.01185488 -0.02617259
Grain 12 0.3487448 -0.918611 -0.03565868 -0.1823714
Grain 13 0 1 0 0
Grain 14 0.4336174 0.8067621 0.3482883 0.1995147
Grain 15 0.243148 0.8847624 0.3966873 -0.0267169
Grain 16 0 1 0 0
Grain 17 -0.5515972 0.08492393 0.5958681 -0.5774683
Grain 18 0 1 0 0
Grain 19 0.1698109 0.9214097 -0.347546 0.03715321
Guest-2 ori 2513.219 2514.019
Grain 0 0.3981974 -0.8153792 0.4182085 -0.04119839
Grain 1 0.2061769 0.8216133 0.3992998 0.3507169
Grain 2 0.4130779 0.9029344 -0.03736769 0.1126044
Grain 3 0 1 0 0
Grain 4 0.003837873 0.9995336 0.004441888 -0.02996902
Grain 5 0 1 0 0
Grain 6 0.1376863 -0.8034564 -0.3746276 -0.4417629
Grain 7 0.1535293 0.8785625 0.3995296 0.2119736
Grain 8 0 1 0 0
Grain 9 0.6735318 0.5259403 0.002791882 0.5193591
Grain 10 0 1 0 0
Grain 11 0.02333651 -0.9993147 -0.01185488 -0.02617259
Grain 12 0.3487448 -0.918611 -0.03565868 -0.1823714
Grain 13 0 1 0 0
Grain 14 0.4336174 0.8067621 0.3482883 0.1995147
Grain 15 0.243148 0.8847624 0.3966873 -0.0267169
Grain 16 0 1 0 0
Grain 17 -0.5515972 0.08492393 0.5958681 -0.5774683
Grain 18 0 1 0 0
Grain 19 0.1698109 0.9214097 -0.347546 0.03715321
Guest-2 ori 2514.649 2516.284
Grain 0 0.3981974 -0.8153792 0.4182085 -0.04119839
Grain 1 0.2061769 0.8216133 0.3992998 0.3507169
Grain 2 0.4130779 0.9029344 -0.03736769 0.1126044
Grain 3 0 1 0 0
Grain 4 0.003837873 0.9995336 0.004441888 -0.02996902
Grain 5 0 1 0 0
Grain 6 0.1376863 -0.8034564 -0.3746276 -0.4417629
Grain 7 0.1535293 0.8785625 0.3995296 0.2119736
Grain 8 0 1 0 0
Grain 9 0.7154491 0.4361939 0.07305813 0.5408604
Grain 10 0 1 0 0
Grain 11 0.02333651 -0.9993147 -0.01185488 -0.02617259
Grain 12 0.3487448 -0.918611 -0.03565868 -0.1823714
Grain 13 0 1 0 0
Grain 14 0.4336174 0.8067621 0.3482883 0.1995147
Grain 15 0.243148 0.8847624 0.3966873 -0.0267169
Grain 16 0 1 0 0
Grain 17 -0.5515972 0.08492393 0.5958681 -0.5774683
Grain 18 0 1 0 0
Grain 19 0.1698109 0.9214097 -0.347546 0.03715321
Guest-2 ori 2545.906 2553.916
Grain 0 0.3981974 -0.8153792 0.4182085 -0.04119839
Grain 1 0.2061769 0.8216133 0.3992998 0.3507169
Grain 2 0.4130779 0.9029344 -0.03736769 0.1126044
Grain 3 0 1 0 0
Grain 4 0.003837873 0.9995336 0.004441888 -0.02996902
Grain 5 0 1 0 0
Grain 6 0.1376863 -0.8034564 -0.3746276 -0.4417629
Grain 7 0.1535293 0.8785625 0.3995296 0.2119736
Grain 8 0 1 0 0
Grain 9 0.7169284 0.4351948 0.07667807 0.5392028
Grain 10 -0.005492285 -0.9070825 -0.2935883 -0.3016242
Grain 11 0.02333651 -0.9993147 -0.01185488 -0.02617259
Grain 12 0.3487448 -0.918611 -0.03565868 -0.1823714
Grain 13 0 1 0 0
Grain 14 0.4336174 0.8067621 0.3482883 0.1995147
Grain 15 0.243148 0.8847624 0.3966873 -0.0267169
Grain 16 0 1 0 0
Grain 17 -0.5515972 0.08492393 0.5958681 -0.5774683
Grain 18 0 1 0 0
Grain 19 0.1698109 0.9214097 -0.347546 0.03715321
Guest-2 ori 2580.796 2583.828
Grain 0 0.3981974 -0.8153792 0.4182085 -0.04119839
Grain 1 0.2061769 0.8216133 0.3992998 0.3507169
Grain 2 0.4130779 0.9029344 -0.03736769 0.1126044
Grain 3 0 1 0 0
Grain 4 0.003837873 0.9995336 0.004441888 -0.02996902
Grain 5 0 1 0 0
Grain 6 0.1376863 -0.8034564 -0.3746276 -0.4417629
Grain 7 0.1535293 0.8785625 0.3995296 0.2119736
Grain 8 0 1 0 0
Grain 9 0.7169284 0.4351948 0.07667807 0.5392028
Grain 10 -0.005492285 -0.9070825 -0.2935883 -0.3016242
Grain 11 0.02333651 -0.9993147 -0.01185488 -0.02617259
Grain 12 0.3487448 -0.918611 -0.03565868 -0.1823714
Grain 13 0 1 0 0
Grain 14 0.4336174 0.8067621 0.3482883 0.1995147
Grain 15 0.4319172 0.5886253 0.6704774 -0.132015
Grain 16 0 1 0 0
Grain 17 -0.5515972 0.08492393 0.5958681 -0.5774683
Grain 18 0.003306565 0.9999905 0.002846982 -4.011145E-08
Grain 19 0.1698109 0.9214097 -0.347546 0.03715321
