Guest-2 ori 88.016 92.216
Grain 0 0 1 0 0
Grain 1 0 1 0 0
Grain 2 0 1 0 0
Grain 3 0 1 0 0
Grain 4 0 1 0 0
Grain 5 0 1 0 0
Grain 6 0 1 0 0
Grain 7 0 1 0 0
Grain 8 0 1 0 0
Grain 9 0 1 0 0
Grain 10 0 1 0 0
Grain 11 0 1 0 0
Grain 12 0 1 0 0
Grain 13 0 1 0 0
Grain 14 0 1 0 0
Grain 15 0 1 0 0
Grain 16 0 1 0 0
Grain 17 0 1 0 0
Grain 18 0 1 0 0
Grain 19 0.2251501 0.8036521 -0.3390923 0.4341281
Guest-2 ori 93.25 98.599
Grain 0 0 1 0 0
Grain 1 0 1 0 0
Grain 2 0 1 0 0
Grain 3 0 1 0 0
Grain 4 0 1 0 0
Grain 5 0 1 0 0
Grain 6 0 1 0 0
Grain 7 0 1 0 0
Grain 8 0 1 0 0
Grain 9 0 1 0 0
Grain 10 0 1 0 0
Grain 11 0 1 0 0
Grain 12 0 1 0 0
Grain 13 0 1 0 0
Grain 14 0 1 0 0
Grain 15 0 1 0 0
Grain 16 0 1 0 0
Grain 17 0 1 0 0
Grain 18 0 1 0 0
Grain 19 0.5978075 0.736912 0.1923591 0.2501698
Guest-2 ori 101.434 112.767
Grain 0 0 1 0 0
Grain 1 0 1 0 0
Grain 2 0 1 0 0
Grain 3 0 1 0 0
Grain 4 0 1 0 0
Grain 5 0 1 0 0
Grain 6 0 1 0 0
Grain 7 0 1 0 0
Grain 8 0 1 0 0
Grain 9 0 1 0 0
Grain 10 0 1 0 0
Grain 11 0 1 0 0
Grain 12 0 1 0 0
Grain 13 0 1 0 0
Grain 14 0 1 0 0
Grain 15 0 1 0 0
Grain 16 0 1 0 0
Grain 17 0 1 0 0
Grain 18 0 1 0 0
Grain 19 0.2537553 -0.130779 0.33231 0.8989301
Guest-2 ori 114.168 116.885
Grain 0 0 1 0 0
Grain 1 0 1 0 0
Grain 2 0 1 0 0
Grain 3 0 1 0 0
Grain 4 0 1 0 0
Grain 5 0 1 0 0
Grain 6 0 1 0 0
Grain 7 0 1 0 0
Grain 8 0 1 0 0
Grain 9 0 1 0 0
Grain 10 0 1 0 0
Grain 11 0 1 0 0
Grain 12 0 1 0 0
Grain 13 0 1 0 0
Grain 14 0 1 0 0
Grain 15 0 1 0 0
Grain 16 0 1 0 0
Grain 17 0 1 0 0
Grain 18 0 1 0 0
Grain 19 0.2321835 0.7084234 0.666392 -0.01219939
Guest-2 ori 120.519 121.135
Grain 0 0 1 0 0
Grain 1 0 1 0 0
Grain 2 0 1 0 0
Grain 3 0 1 0 0
Grain 4 0 1 0 0
Grain 5 0 1 0 0
Grain 6 0 1 0 0
Grain 7 0 1 0 0
Grain 8 0 1 0 0
Grain 9 0 1 0 0
Grain 10 0 1 0 0
Grain 11 0 1 0 0
Grain 12 0 1 0 0
Grain 13 0 1 0 0
Grain 14 0 1 0 0
Grain 15 0 1 0 0
Grain 16 0 1 0 0
Grain 17 0 1 0 0
Grain 18 0 1 0 0
Grain 19 0.1955433 0.7345892 0.6159618 0.206719
Guest-2 ori 136.053 144.62
Grain 0 0 1 0 0
Grain 1 0 1 0 0
Grain 2 0 1 0 0
Grain 3 0 1 0 0
Grain 4 0 1 0 0
Grain 5 0 1 0 0
Grain 6 0 1 0 0
Grain 7 0 1 0 0
Grain 8 0 1 0 0
Grain 9 0 1 0 0
Grain 10 0 1 0 0
Grain 11 0 1 0 0
Grain 12 0 1 0 0
Grain 13 0 1 0 0
Grain 14 0 1 0 0
Grain 15 0 1 0 0
Grain 16 0 1 0 0
Grain 17 0 1 0 0
Grain 18 0 1 0 0
Grain 19 -0.1569356 -0.2739806 0.3279375 0.8903723
Guest-2 ori 150.787 155.887
Grain 0 0 1 0 0
Grain 1 0 1 0 0
Grain 2 0 1 0 0
Grain 3 0 1 0 0
Grain 4 0 1 0 0
Grain 5 0 1 0 0
Grain 6 0 1 0 0
Grain 7 0 1 0 0
Grain 8 0 1 0 0
Grain 9 0 1 0 0
Grain 10 0 1 0 0
Grain 11 0 1 0 0
Grain 12 0 1 0 0
Grain 13 0 1 0 0
Grain 14 0 1 0 0
Grain 15 0 1 0 0
Grain 16 0 1 0 0
Grain 17 0 1 0 0
Grain 18 0 1 0 0
Grain 19 -0.1473843 -0.3377333 0.3359835 0.8667925
Guest-2 ori 161.087 171.404
Grain 0 0 1 0 0
Grain 1 0 1 0 0
Grain 2 0 1 0 0
Grain 3 0 1 0 0
Grain 4 0 1 0 0
Grain 5 0 1 0 0
Grain 6 0 1 0 0
Grain 7 0 1 0 0
Grain 8 0 1 0 0
Grain 9 0 1 0 0
Grain 10 0 1 0 0
Grain 11 0 1 0 0
Grain 12 0 1 0 0
Grain 13 0 1 0 0
Grain 14 0 1 0 0
Grain 15 0 1 0 0
Grain 16 0 1 0 0
Grain 17 0 1 0 0
Grain 18 0 1 0 0
Grain 19 0.3721069 0.8985894 -0.2324549 0.006179996
Guest-2 ori 175.939 194.54
Grain 0 0.6510678 0.4398661 0.1027755 0.609972
Grain 1 0 1 0 0
Grain 2 0 1 0 0
Grain 3 0 1 0 0
Grain 4 0 1 0 0
Grain 5 0 1 0 0
Grain 6 0 1 0 0
Grain 7 0 1 0 0
Grain 8 0 1 0 0
Grain 9 0 1 0 0
Grain 10 0 1 0 0
Grain 11 0 1 0 0
Grain 12 0 1 0 0
Grain 13 0 1 0 0
Grain 14 0 1 0 0
Grain 15 0 1 0 0
Grain 16 0 1 0 0
Grain 17 0 1 0 0
Grain 18 0 1 0 0
Grain 19 0.3721069 0.8985894 -0.2324549 0.006179996
Guest-2 ori 202.574 208.708
Grain 0 0.6510678 0.4398661 0.1027755 0.609972
Grain 1 0 1 0 0
Grain 2 0.3039176 0.8813626 -0.08778445 0.3508961
Grain 3 0 1 0 0
Grain 4 0 1 0 0
Grain 5 0 1 0 0
Grain 6 0 1 0 0
Grain 7 0 1 0 0
Grain 8 0 1 0 0
Grain 9 0 1 0 0
Grain 10 0 1 0 0
Grain 11 0 1 0 0
Grain 12 0 1 0 0
Grain 13 0 1 0 0
Grain 14 0 1 0 0
Grain 15 0 1 0 0
Grain 16 0 1 0 0
Grain 17 0 1 0 0
Grain 18 0 1 0 0
Grain 19 0.3721069 0.8985894 -0.2324549 0.006179996
Guest-2 ori 214.792 216.442
Grain 0 0.6510678 0.4398661 0.1027755 0.609972
Grain 1 0 1 0 0
Grain 2 0.3353955 0.8807308 -0.0703333 0.3269195
Grain 3 0 1 0 0
Grain 4 0 1 0 0
Grain 5 0 1 0 0
Grain 6 0 1 0 0
Grain 7 0 1 0 0
Grain 8 0 1 0 0
Grain 9 0 1 0 0
Grain 10 0 1 0 0
Grain 11 0 1 0 0
Grain 12 0 1 0 0
Grain 13 0 1 0 0
Grain 14 0 1 0 0
Grain 15 0 1 0 0
Grain 16 0 1 0 0
Grain 17 0 1 0 0
Grain 18 0 1 0 0
Grain 19 0.3721069 0.8985894 -0.2324549 0.006179996
Guest-2 ori 219.308 228.593
Grain 0 0.6510678 0.4398661 0.1027755 0.609972
Grain 1 0 1 0 0
Grain 2 0.3353955 0.8807308 -0.0703333 0.3269195
Grain 3 0 1 0 0
Grain 4 0 1 0 0
Grain 5 -0.3141909 -0.1117212 0.8515156 -0.4046278
Grain 6 0 1 0 0
Grain 7 0 1 0 0
Grain 8 0 1 0 0
Grain 9 0 1 0 0
Grain 10 0 1 0 0
Grain 11 0 1 0 0
Grain 12 0 1 0 0
Grain 13 0 1 0 0
Grain 14 0 1 0 0
Grain 15 0 1 0 0
Grain 16 0 1 0 0
Grain 17 0 1 0 0
Grain 18 0 1 0 0
Grain 19 0.3721069 0.8985894 -0.2324549 0.006179996
Guest-2 ori 234.143 235.193
Grain 0 0.6510678 0.4398661 0.1027755 0.609972
Grain 1 0 1 0 0
Grain 2 0.3353955 0.8807308 -0.0703333 0.3269195
Grain 3 0 1 0 0
Grain 4 0 1 0 0
Grain 5 -0.3141909 -0.1117212 0.8515156 -0.4046278
Grain 6 0 1 0 0
Grain 7 0 1 0 0
Grain 8 0 1 0 0
Grain 9 0 1 0 0
Grain 10 0 1 0 0
Grain 11 0 1 0 0
Grain 12 0 1 0 0
Grain 13 0 1 0 0
Grain 14 0 1 0 0
Grain 15 0 1 0 0
Grain 16 0 1 0 0
Grain 17 0 1 0 0
Grain 18 0 1 0 0
Grain 19 0.3721069 0.8985894 -0.2324549 0.006179996
Guest-2 ori 235.925 240.81
Grain 0 0.6510678 0.4398661 0.1027755 0.609972
Grain 1 0 1 0 0
Grain 2 0.3353955 0.8807308 -0.0703333 0.3269195
Grain 3 0 1 0 0
Grain 4 0 1 0 0
Grain 5 -0.3141909 -0.1117212 0.8515156 -0.4046278
Grain 6 0 1 0 0
Grain 7 0 1 0 0
Grain 8 0 1 0 0
Grain 9 0 1 0 0
Grain 10 0 1 0 0
Grain 11 0 1 0 0
Grain 12 0 1 0 0
Grain 13 0.384261 -0.9163625 -0.09658599 -0.0573963
Grain 14 0 1 0 0
Grain 15 0 1 0 0
Grain 16 0 1 0 0
Grain 17 0 1 0 0
Grain 18 0 1 0 0
Grain 19 0.3721069 0.8985894 -0.2324549 0.006179996
Guest-2 ori 251.46 260.694
Grain 0 0.6510678 0.4398661 0.1027755 0.609972
Grain 1 0 1 0 0
Grain 2 0.3353955 0.8807308 -0.0703333 0.3269195
Grain 3 0 1 0 0
Grain 4 0 1 0 0
Grain 5 -0.3141909 -0.1117212 0.8515156 -0.4046278
Grain 6 0 1 0 0
Grain 7 0.3705028 0.8658671 -0.01833892 -0.3356569
Grain 8 0 1 0 0
Grain 9 0 1 0 0
Grain 10 0 1 0 0
Grain 11 0 1 0 0
Grain 12 0 1 0 0
Grain 13 0.384261 -0.9163625 -0.09658599 -0.0573963
Grain 14 0 1 0 0
Grain 15 0 1 0 0
Grain 16 0 1 0 0
Grain 17 0 1 0 0
Grain 18 0 1 0 0
Grain 19 0.3721069 0.8985894 -0.2324549 0.006179996
Guest-2 ori 264.411 273.346
Grain 0 0.6510678 0.4398661 0.1027755 0.609972
Grain 1 0 1 0 0
Grain 2 0.3353955 0.8807308 -0.0703333 0.3269195
Grain 3 0 1 0 0
Grain 4 0 1 0 0
Grain 5 -0.3141909 -0.1117212 0.8515156 -0.4046278
Grain 6 0 1 0 0
Grain 7 0.3705028 0.8658671 -0.01833892 -0.3356569
Grain 8 0 1 0 0
Grain 9 0 1 0 0
Grain 10 0 1 0 0
Grain 11 0.7551262 -0.4963204 0.4159523 0.1021482
Grain 12 0 1 0 0
Grain 13 0.384261 -0.9163625 -0.09658599 -0.0573963
Grain 14 0 1 0 0
Grain 15 0 1 0 0
Grain 16 0 1 0 0
Grain 17 0 1 0 0
Grain 18 0 1 0 0
Grain 19 0.3721069 0.8985894 -0.2324549 0.006179996
Guest-2 ori 277.262 287.796
Grain 0 0.6510678 0.4398661 0.1027755 0.609972
Grain 1 0 1 0 0
Grain 2 0.3353955 0.8807308 -0.0703333 0.3269195
Grain 3 0 1 0 0
Grain 4 0 1 0 0
Grain 5 -0.3141909 -0.1117212 0.8515156 -0.4046278
Grain 6 0 1 0 0
Grain 7 0.3705028 0.8658671 -0.01833892 -0.3356569
Grain 8 0 1 0 0
Grain 9 0.5913845 -0.6429583 0.01017234 -0.4865855
Grain 10 0 1 0 0
Grain 11 0.7551262 -0.4963204 0.4159523 0.1021482
Grain 12 0 1 0 0
Grain 13 0.384261 -0.9163625 -0.09658599 -0.0573963
Grain 14 0 1 0 0
Grain 15 0 1 0 0
Grain 16 0 1 0 0
Grain 17 0 1 0 0
Grain 18 0 1 0 0
Grain 19 0.3721069 0.8985894 -0.2324549 0.006179996
Guest-2 ori 291.18 303.414
Grain 0 0.6510678 0.4398661 0.1027755 0.609972
Grain 1 0 1 0 0
Grain 2 0.3353955 0.8807308 -0.0703333 0.3269195
Grain 3 0 1 0 0
Grain 4 0 1 0 0
Grain 5 -0.3141909 -0.1117212 0.8515156 -0.4046278
Grain 6 0 1 0 0
Grain 7 0.3705028 0.8658671 -0.01833892 -0.3356569
Grain 8 0 1 0 0
Grain 9 0.5913845 -0.6429583 0.01017234 -0.4865855
Grain 10 0 1 0 0
Grain 11 0.7551262 -0.4963204 0.4159523 0.1021482
Grain 12 0 1 0 0
Grain 13 0.384261 -0.9163625 -0.09658599 -0.0573963
Grain 14 0 1 0 0
Grain 15 0 1 0 0
Grain 16 0 1 0 0
Grain 17 0 1 0 0
Grain 18 -0.1577884 0.5005933 -0.446868 0.7244434
Grain 19 0.3721069 0.8985894 -0.2324549 0.006179996
Guest-2 ori 308.581 311.032
Grain 0 0.6510678 0.4398661 0.1027755 0.609972
Grain 1 0 1 0 0
Grain 2 0.3353955 0.8807308 -0.0703333 0.3269195
Grain 3 0 1 0 0
Grain 4 0 1 0 0
Grain 5 -0.3141909 -0.1117212 0.8515156 -0.4046278
Grain 6 0 1 0 0
Grain 7 0.3705028 0.8658671 -0.01833892 -0.3356569
Grain 8 0 1 0 0
Grain 9 0.5913845 -0.6429583 0.01017234 -0.4865855
Grain 10 0 1 0 0
Grain 11 0.7551262 -0.4963204 0.4159523 0.1021482
Grain 12 0 1 0 0
Grain 13 0.384261 -0.9163625 -0.09658599 -0.0573963
Grain 14 0 1 0 0
Grain 15 0 1 0 0
Grain 16 0 1 0 0
Grain 17 0 1 0 0
Grain 18 -0.07248982 0.5111649 -0.4181108 0.7474216
Grain 19 0.3721069 0.8985894 -0.2324549 0.006179996
Guest-2 ori 313.532 319.032
Grain 0 0.6510678 0.4398661 0.1027755 0.609972
Grain 1 0 1 0 0
Grain 2 0.3353955 0.8807308 -0.0703333 0.3269195
Grain 3 0 1 0 0
Grain 4 0 1 0 0
Grain 5 -0.3141909 -0.1117212 0.8515156 -0.4046278
Grain 6 0 1 0 0
Grain 7 0.3705028 0.8658671 -0.01833892 -0.3356569
Grain 8 0 1 0 0
Grain 9 0.5913845 -0.6429583 0.01017234 -0.4865855
Grain 10 -0.8150932 0.402064 0.3581877 0.213704
Grain 11 0.7551262 -0.4963204 0.4159523 0.1021482
Grain 12 0 1 0 0
Grain 13 0.384261 -0.9163625 -0.09658599 -0.0573963
Grain 14 0 1 0 0
Grain 15 0 1 0 0
Grain 16 0 1 0 0
Grain 17 0 1 0 0
Grain 18 -0.07248982 0.5111649 -0.4181108 0.7474216
Grain 19 0.3721069 0.8985894 -0.2324549 0.006179996
Guest-2 ori 325.583 339.883
Grain 0 0.6510678 0.4398661 0.1027755 0.609972
Grain 1 0 1 0 0
Grain 2 0.3353955 0.8807308 -0.0703333 0.3269195
Grain 3 0.4123106 0.808943 0.003283426 0.4190472
Grain 4 0 1 0 0
Grain 5 -0.3141909 -0.1117212 0.8515156 -0.4046278
Grain 6 0 1 0 0
Grain 7 0.3705028 0.8658671 -0.01833892 -0.3356569
Grain 8 0 1 0 0
Grain 9 0.5913845 -0.6429583 0.01017234 -0.4865855
Grain 10 -0.8168585 0.3984722 0.3572883 0.2151913
Grain 11 0.7551262 -0.4963204 0.4159523 0.1021482
Grain 12 0 1 0 0
Grain 13 0.384261 -0.9163625 -0.09658599 -0.0573963
Grain 14 0 1 0 0
Grain 15 0 1 0 0
Grain 16 0 1 0 0
Grain 17 0 1 0 0
Grain 18 -0.07248982 0.5111649 -0.4181108 0.7474216
Grain 19 0.3721069 0.8985894 -0.2324549 0.006179996
Guest-2 ori 345.567 347.901
Grain 0 0.6510678 0.4398661 0.1027755 0.609972
Grain 1 0 1 0 0
Grain 2 0.3353955 0.8807308 -0.0703333 0.3269195
Grain 3 0.4123106 0.808943 0.003283426 0.4190472
Grain 4 0 1 0 0
Grain 5 -0.3141909 -0.1117212 0.8515156 -0.4046278
Grain 6 0 1 0 0
Grain 7 0.3705028 0.8658671 -0.01833892 -0.3356569
Grain 8 0 1 0 0
Grain 9 0.5913845 -0.6429583 0.01017234 -0.4865855
Grain 10 -0.8168585 0.3984722 0.3572883 0.2151913
Grain 11 0.7551262 -0.4963204 0.4159523 0.1021482
Grain 12 0 1 0 0
Grain 13 0.384261 -0.9163625 -0.09658599 -0.0573963
Grain 14 0.657311 -0.6984501 0.277343 0.05648479
Grain 15 0 1 0 0
Grain 16 0 1 0 0
Grain 17 0 1 0 0
Grain 18 -0.07248982 0.5111649 -0.4181108 0.7474216
Grain 19 0.3721069 0.8985894 -0.2324549 0.006179996
Guest-2 ori 349.983 358.885
Grain 0 0.6510678 0.4398661 0.1027755 0.609972
Grain 1 0 1 0 0
Grain 2 0.3353955 0.8807308 -0.0703333 0.3269195
Grain 3 0.4123106 0.808943 0.003283426 0.4190472
Grain 4 0 1 0 0
Grain 5 -0.3141909 -0.1117212 0.8515156 -0.4046278
Grain 6 0 1 0 0
Grain 7 0.3705028 0.8658671 -0.01833892 -0.3356569
Grain 8 0 1 0 0
Grain 9 0.5913845 -0.6429583 0.01017234 -0.4865855
Grain 10 -0.8168585 0.3984722 0.3572883 0.2151913
Grain 11 0.7551262 -0.4963204 0.4159523 0.1021482
Grain 12 0 1 0 0
Grain 13 0.384261 -0.9163625 -0.09658599 -0.0573963
Grain 14 0.8673453 -0.375704 0.3260999 0.01475298
Grain 15 0 1 0 0
Grain 16 0 1 0 0
Grain 17 0 1 0 0
Grain 18 -0.07248982 0.5111649 -0.4181108 0.7474216
Grain 19 0.3721069 0.8985894 -0.2324549 0.006179996
Guest-2 ori 365.784 367.386
Grain 0 0.6510678 0.4398661 0.1027755 0.609972
Grain 1 0 1 0 0
Grain 2 0.3353955 0.8807308 -0.0703333 0.3269195
Grain 3 0.4123106 0.808943 0.003283426 0.4190472
Grain 4 0 1 0 0
Grain 5 -0.3141909 -0.1117212 0.8515156 -0.4046278
Grain 6 0 1 0 0
Grain 7 0.3705028 0.8658671 -0.01833892 -0.3356569
Grain 8 0 1 0 0
Grain 9 0.5913845 -0.6429583 0.01017234 -0.4865855
Grain 10 -0.8168585 0.3984722 0.3572883 0.2151913
Grain 11 0.7551262 -0.4963204 0.4159523 0.1021482
Grain 12 0 1 0 0
Grain 13 0.384261 -0.9163625 -0.09658599 -0.0573963
Grain 14 0.8690999 -0.309684 0.3836788 -0.03939386
Grain 15 0 1 0 0
Grain 16 0 1 0 0
Grain 17 0 1 0 0
Grain 18 -0.07248982 0.5111649 -0.4181108 0.7474216
Grain 19 0.3721069 0.8985894 -0.2324549 0.006179996
Guest-2 ori 369.619 378.586
Grain 0 0.6510678 0.4398661 0.1027755 0.609972
Grain 1 -0.861751 -0.07094423 0.4176184 0.2791898
Grain 2 0.3353955 0.8807308 -0.0703333 0.3269195
Grain 3 0.4123106 0.808943 0.003283426 0.4190472
Grain 4 0 1 0 0
Grain 5 -0.3141909 -0.1117212 0.8515156 -0.4046278
Grain 6 0 1 0 0
Grain 7 0.3705028 0.8658671 -0.01833892 -0.3356569
Grain 8 0 1 0 0
Grain 9 0.5913845 -0.6429583 0.01017234 -0.4865855
Grain 10 -0.8168585 0.3984722 0.3572883 0.2151913
Grain 11 0.7551262 -0.4963204 0.4159523 0.1021482
Grain 12 0 1 0 0
Grain 13 0.384261 -0.9163625 -0.09658599 -0.0573963
Grain 14 0.8690999 -0.309684 0.3836788 -0.03939386
Grain 15 0 1 0 0
Grain 16 0 1 0 0
Grain 17 0 1 0 0
Grain 18 -0.07248982 0.5111649 -0.4181108 0.7474216
Grain 19 0.3721069 0.8985894 -0.2324549 0.006179996
Guest-2 ori 385.236 386.653
Grain 0 0.6510678 0.4398661 0.1027755 0.609972
Grain 1 -0.8664752 -0.06641456 0.4029024 0.2871923
Grain 2 0.3353955 0.8807308 -0.0703333 0.3269195
Grain 3 0.4123106 0.808943 0.003283426 0.4190472
Grain 4 0 1 0 0
Grain 5 -0.3141909 -0.1117212 0.8515156 -0.4046278
Grain 6 0 1 0 0
Grain 7 0.3705028 0.8658671 -0.01833892 -0.3356569
Grain 8 0 1 0 0
Grain 9 0.5913845 -0.6429583 0.01017234 -0.4865855
Grain 10 -0.8168585 0.3984722 0.3572883 0.2151913
Grain 11 0.7551262 -0.4963204 0.4159523 0.1021482
Grain 12 0 1 0 0
Grain 13 0.384261 -0.9163625 -0.09658599 -0.0573963
Grain 14 0.8690999 -0.309684 0.3836788 -0.03939386
Grain 15 0 1 0 0
Grain 16 0 1 0 0
Grain 17 0 1 0 0
Grain 18 -0.07248982 0.5111649 -0.4181108 0.7474216
Grain 19 0.3721069 0.8985894 -0.2324549 0.006179996
Guest-2 ori 390.586 405.604
Grain 0 0.1209323 0.3993829 0.1787913 -0.891012
Grain 1 -0.8664752 -0.06641456 0.4029024 0.2871923
Grain 2 0.3353955 0.8807308 -0.0703333 0.3269195
Grain 3 0.4123106 0.808943 0.003283426 0.4190472
Grain 4 0 1 0 0
Grain 5 -0.3141909 -0.1117212 0.8515156 -0.4046278
Grain 6 0 1 0 0
Grain 7 0.3705028 0.8658671 -0.01833892 -0.3356569
Grain 8 0 1 0 0
Grain 9 0.5913845 -0.6429583 0.01017234 -0.4865855
Grain 10 -0.8168585 0.3984722 0.3572883 0.2151913
Grain 11 0.7551262 -0.4963204 0.4159523 0.1021482
Grain 12 0 1 0 0
Grain 13 0.384261 -0.9163625 -0.09658599 -0.0573963
Grain 14 0.8690999 -0.309684 0.3836788 -0.03939386
Grain 15 0 1 0 0
Grain 16 0 1 0 0
Grain 17 0 1 0 0
Grain 18 -0.07248982 0.5111649 -0.4181108 0.7474216
Grain 19 0.3721069 0.8985894 -0.2324549 0.006179996
Guest-2 ori 414.171 422.489
Grain 0 0.1209323 0.3993829 0.1787913 -0.891012
Grain 1 -0.8664752 -0.06641456 0.4029024 0.2871923
Grain 2 0.4464133 0.6673878 0.09460996 0.5885216
Grain 3 0.4123106 0.808943 0.003283426 0.4190472
Grain 4 0 1 0 0
Grain 5 -0.3141909 -0.1117212 0.8515156 -0.4046278
Grain 6 0 1 0 0
Grain 7 0.3705028 0.8658671 -0.01833892 -0.3356569
Grain 8 0 1 0 0
Grain 9 0.5913845 -0.6429583 0.01017234 -0.4865855
Grain 10 -0.8168585 0.3984722 0.3572883 0.2151913
Grain 11 0.7551262 -0.4963204 0.4159523 0.1021482
Grain 12 0 1 0 0
Grain 13 0.384261 -0.9163625 -0.09658599 -0.0573963
Grain 14 0.8690999 -0.309684 0.3836788 -0.03939386
Grain 15 0 1 0 0
Grain 16 0 1 0 0
Grain 17 0 1 0 0
Grain 18 -0.07248982 0.5111649 -0.4181108 0.7474216
Grain 19 0.3721069 0.8985894 -0.2324549 0.006179996
Guest-2 ori 449.808 451.175
Grain 0 0.1209323 0.3993829 0.1787913 -0.891012
Grain 1 -0.8664752 -0.06641456 0.4029024 0.2871923
Grain 2 0.4795849 0.6735709 0.04424605 0.560663
Grain 3 0.4123106 0.808943 0.003283426 0.4190472
Grain 4 0 1 0 0
Grain 5 -0.3141909 -0.1117212 0.8515156 -0.4046278
Grain 6 0 1 0 0
Grain 7 0.3705028 0.8658671 -0.01833892 -0.3356569
Grain 8 0 1 0 0
Grain 9 0.5913845 -0.6429583 0.01017234 -0.4865855
Grain 10 -0.8168585 0.3984722 0.3572883 0.2151913
Grain 11 0.7551262 -0.4963204 0.4159523 0.1021482
Grain 12 0 1 0 0
Grain 13 0.384261 -0.9163625 -0.09658599 -0.0573963
Grain 14 0.8690999 -0.309684 0.3836788 -0.03939386
Grain 15 0 1 0 0
Grain 16 0 1 0 0
Grain 17 0 1 0 0
Grain 18 -0.07248982 0.5111649 -0.4181108 0.7474216
Grain 19 0.3721069 0.8985894 -0.2324549 0.006179996
Guest-2 ori 452.291 456.325
Grain 0 0.1209323 0.3993829 0.1787913 -0.891012
Grain 1 -0.8664752 -0.06641456 0.4029024 0.2871923
Grain 2 0.1047182 0.6717271 0.0671679 0.7302775
Grain 3 0.4123106 0.808943 0.003283426 0.4190472
Grain 4 0 1 0 0
Grain 5 -0.3141909 -0.1117212 0.8515156 -0.4046278
Grain 6 0 1 0 0
Grain 7 0.3705028 0.8658671 -0.01833892 -0.3356569
Grain 8 0 1 0 0
Grain 9 0.5913845 -0.6429583 0.01017234 -0.4865855
Grain 10 -0.8168585 0.3984722 0.3572883 0.2151913
Grain 11 0.7551262 -0.4963204 0.4159523 0.1021482
Grain 12 0 1 0 0
Grain 13 0.384261 -0.9163625 -0.09658599 -0.0573963
Grain 14 0.8690999 -0.309684 0.3836788 -0.03939386
Grain 15 0 1 0 0
Grain 16 0 1 0 0
Grain 17 0 1 0 0
Grain 18 -0.07248982 0.5111649 -0.4181108 0.7474216
Grain 19 0.3721069 0.8985894 -0.2324549 0.006179996
Guest-2 ori 467.609 472.626
Grain 0 0.1209323 0.3993829 0.1787913 -0.891012
Grain 1 -0.8664752 -0.06641456 0.4029024 0.2871923
Grain 2 0.1047182 0.6717271 0.0671679 0.7302775
Grain 3 0.4123106 0.808943 0.003283426 0.4190472
Grain 4 0 1 0 0
Grain 5 -0.3141909 -0.1117212 0.8515156 -0.4046278
Grain 6 0 1 0 0
Grain 7 0.4774994 0.7999723 -0.2778631 -0.2341597
Grain 8 0 1 0 0
Grain 9 0.5913845 -0.6429583 0.01017234 -0.4865855
Grain 10 -0.8168585 0.3984722 0.3572883 0.2151913
Grain 11 0.7551262 -0.4963204 0.4159523 0.1021482
Grain 12 0 1 0 0
Grain 13 0.384261 -0.9163625 -0.09658599 -0.0573963
Grain 14 0.8690999 -0.309684 0.3836788 -0.03939386
Grain 15 0 1 0 0
Grain 16 0 1 0 0
Grain 17 0 1 0 0
Grain 18 -0.07248982 0.5111649 -0.4181108 0.7474216
Grain 19 0.3721069 0.8985894 -0.2324549 0.006179996
Guest-2 ori 482.21 488.593
Grain 0 0.1209323 0.3993829 0.1787913 -0.891012
Grain 1 -0.8664752 -0.06641456 0.4029024 0.2871923
Grain 2 0.1047182 0.6717271 0.0671679 0.7302775
Grain 3 0.4123106 0.808943 0.003283426 0.4190472
Grain 4 0 1 0 0
Grain 5 -0.3141909 -0.1117212 0.8515156 -0.4046278
Grain 6 0.07599518 0.9966007 0.02044833 0.02436454
Grain 7 0.4774994 0.7999723 -0.2778631 -0.2341597
Grain 8 0 1 0 0
Grain 9 0.5913845 -0.6429583 0.01017234 -0.4865855
Grain 10 -0.8168585 0.3984722 0.3572883 0.2151913
Grain 11 0.7551262 -0.4963204 0.4159523 0.1021482
Grain 12 0 1 0 0
Grain 13 0.384261 -0.9163625 -0.09658599 -0.0573963
Grain 14 0.8690999 -0.309684 0.3836788 -0.03939386
Grain 15 0 1 0 0
Grain 16 0 1 0 0
Grain 17 0 1 0 0
Grain 18 -0.07248982 0.5111649 -0.4181108 0.7474216
Grain 19 0.3721069 0.8985894 -0.2324549 0.006179996
Guest-2 ori 496.727 501.962
Grain 0 0.1209323 0.3993829 0.1787913 -0.891012
Grain 1 -0.8664752 -0.06641456 0.4029024 0.2871923
Grain 2 0.1047182 0.6717271 0.0671679 0.7302775
Grain 3 0.4123106 0.808943 0.003283426 0.4190472
Grain 4 0 1 0 0
Grain 5 -0.3141909 -0.1117212 0.8515156 -0.4046278
Grain 6 0.07599518 0.9966007 0.02044833 0.02436454
Grain 7 0.4774994 0.7999723 -0.2778631 -0.2341597
Grain 8 0.1511549 0.8870339 0.3904869 0.1945327
Grain 9 0.5913845 -0.6429583 0.01017234 -0.4865855
Grain 10 -0.8168585 0.3984722 0.3572883 0.2151913
Grain 11 0.7551262 -0.4963204 0.4159523 0.1021482
Grain 12 0 1 0 0
Grain 13 0.384261 -0.9163625 -0.09658599 -0.0573963
Grain 14 0.8690999 -0.309684 0.3836788 -0.03939386
Grain 15 0 1 0 0
Grain 16 0 1 0 0
Grain 17 0 1 0 0
Grain 18 -0.07248982 0.5111649 -0.4181108 0.7474216
Grain 19 0.3721069 0.8985894 -0.2324549 0.006179996
