Guest-1 ori 5116.158 5121.873
Grain 0 0 1 0 0
Grain 1 0 1 0 0
Grain 2 0 1 0 0
Grain 3 0.01953728 0.8926319 0.03498223 -0.4490021
Guest-1 ori 5122.787 5124.138
Grain 0 0 1 0 0
Grain 1 0 1 0 0
Grain 2 0 1 0 0
Grain 3 0.1821547 -0.8621853 0.273817 0.3853317
Guest-1 ori 5125.386 5129.566
Grain 0 0 1 0 0
Grain 1 0 1 0 0
Grain 2 0 1 0 0
Grain 3 0.2200019 -0.8604944 0.3027016 0.3457173
Guest-1 ori 5133.261 5134.726
Grain 0 0 1 0 0
Grain 1 0 1 0 0
Grain 2 0 1 0 0
Grain 3 0.1713323 -0.8599004 0.3340603 0.3458619
Guest-1 ori 5137.007 5139.538
Grain 0 0 1 0 0
Grain 1 0 1 0 0
Grain 2 0 1 0 0
Grain 3 0.185172 -0.8495176 0.357028 0.3414122
Guest-1 ori 5142.603 5145.983
Grain 0 0 1 0 0
Grain 1 0.01153596 0.9988668 -0.03282686 -0.03247262
Grain 2 0 1 0 0
Grain 3 0.1855009 -0.8530237 0.3559772 0.333497
Guest-1 ori 5149.564 5149.714
Grain 0 0 1 0 0
Grain 1 0.01088682 0.9986857 -0.0342513 -0.03654145
Grain 2 0 1 0 0
Grain 3 0.1855009 -0.8530237 0.3559772 0.333497
Guest-1 ori 5152.181 5156.208
Grain 0 0 1 0 0
Grain 1 0.01088682 0.9986857 -0.0342513 -0.03654145
Grain 2 0.006332748 -0.9576366 0.005967613 -0.287848
Grain 3 0.1855009 -0.8530237 0.3559772 0.333497
Guest-1 ori 5158.426 5159.789
Grain 0 0.6137776 0.7228045 -0.2521687 -0.1929812
Grain 1 0.01088682 0.9986857 -0.0342513 -0.03654145
Grain 2 0.01045014 -0.9537932 -0.001862397 -0.3002762
Grain 3 0.1855009 -0.8530237 0.3559772 0.333497
Guest-1 ori 5161.157 5165.387
Grain 0 0.5669127 0.7875181 -0.1946609 -0.1432911
Grain 1 0.01088682 0.9986857 -0.0342513 -0.03654145
Grain 2 0.01045014 -0.9537932 -0.001862397 -0.3002762
Grain 3 0.1855009 -0.8530237 0.3559772 0.333497
Guest-1 ori 5169.284 5178.023
Grain 0 0.5669127 0.7875181 -0.1946609 -0.1432911
Grain 1 0.01481582 0.9969416 0.06033736 -0.04740737
Grain 2 0.01045014 -0.9537932 -0.001862397 -0.3002762
Grain 3 0.1855009 -0.8530237 0.3559772 0.333497
Guest-1 ori 5188.117 5192.164
Grain 0 0.5856448 0.7674953 -0.2164936 -0.1452646
Grain 1 0.01619654 0.9964455 0.06446502 -0.05175329
Grain 2 0.01045014 -0.9537932 -0.001862397 -0.3002762
Grain 3 0.1855009 -0.8530237 0.3559772 0.333497
Guest-1 ori 5197.609 5203.569
Grain 0 0.5847226 0.7681134 -0.2190202 -0.1418852
Grain 1 0.01619654 0.9964455 0.06446502 -0.05175329
Grain 2 0.08499608 0.9421463 -0.004435141 0.3242165
Grain 3 0.1855009 -0.8530237 0.3559772 0.333497
Guest-1 ori 5208.868 5215.012
Grain 0 0.5847226 0.7681134 -0.2190202 -0.1418852
Grain 1 0.01619654 0.9964455 0.06446502 -0.05175329
Grain 2 0.08499608 0.9421463 -0.004435141 0.3242165
Grain 3 0.313691 -0.8799357 0.1983644 0.296585
Guest-1 ori 5216.645 5221.122
Grain 0 0.5847226 0.7681134 -0.2190202 -0.1418852
Grain 1 0.01619654 0.9964455 0.06446502 -0.05175329
Grain 2 0.08499608 0.9421463 -0.004435141 0.3242165
Grain 3 0.2215604 -0.8954713 0.3819194 0.05638841
Guest-1 ori 5224.469 5229.368
Grain 0 0.7214807 -0.2954966 -0.5992126 -0.1819113
Grain 1 0.01619654 0.9964455 0.06446502 -0.05175329
Grain 2 0.08499608 0.9421463 -0.004435141 0.3242165
Grain 3 0.2196122 -0.8953993 0.3826268 0.06022727
Guest-1 ori 5231.916 5232.198
Grain 0 0.6840979 -0.2939956 -0.6467322 -0.1652698
Grain 1 0.01619654 0.9964455 0.06446502 -0.05175329
Grain 2 0.08499608 0.9421463 -0.004435141 0.3242165
Grain 3 0.2196122 -0.8953993 0.3826268 0.06022727
Guest-1 ori 5233.114 5240.505
Grain 0 0.6638492 -0.2822745 -0.673308 -0.1621164
Grain 1 0.01619654 0.9964455 0.06446502 -0.05175329
Grain 2 0.08499608 0.9421463 -0.004435141 0.3242165
Grain 3 0.2196122 -0.8953993 0.3826268 0.06022727
Guest-1 ori 5245.269 5250.667
Grain 0 0.6625996 -0.2862858 -0.6726148 -0.1630695
Grain 1 0.01619654 0.9964455 0.06446502 -0.05175329
Grain 2 0.08499608 0.9421463 -0.004435141 0.3242165
Grain 3 0.261593 -0.8254783 0.4601523 0.1959966
Guest-1 ori 5252.499 5258.59
Grain 0 0.6625996 -0.2862858 -0.6726148 -0.1630695
Grain 1 0.01619654 0.9964455 0.06446502 -0.05175329
Grain 2 0.3739279 0.8956761 -0.04599743 -0.2362762
Grain 3 0.260128 -0.8248054 0.460449 0.2000404
Guest-1 ori 5259.177 5261.441
Grain 0 0.6625996 -0.2862858 -0.6726148 -0.1630695
Grain 1 0.01619654 0.9964455 0.06446502 -0.05175329
Grain 2 0.3940135 0.9081274 -0.1194202 -0.07613751
Grain 3 0.260128 -0.8248054 0.460449 0.2000404
Guest-1 ori 5266.254 5267.103
Grain 0 0.6625996 -0.2862858 -0.6726148 -0.1630695
Grain 1 0.01619654 0.9964455 0.06446502 -0.05175329
Grain 2 0.3906099 0.908428 -0.1304703 -0.07183312
Grain 3 0.260128 -0.8248054 0.460449 0.2000404
Guest-1 ori 5269.585 5271.882
Grain 0 0.6625996 -0.2862858 -0.6726148 -0.1630695
Grain 1 0.01619654 0.9964455 0.06446502 -0.05175329
Grain 2 0.3961935 0.9097632 -0.1054333 -0.06515723
Grain 3 0.260128 -0.8248054 0.460449 0.2000404
Guest-1 ori 5276.08 5279.657
Grain 0 0.6625996 -0.2862858 -0.6726148 -0.1630695
Grain 1 0.01619654 0.9964455 0.06446502 -0.05175329
Grain 2 0.3961935 0.9097632 -0.1054333 -0.06515723
Grain 3 0.307391 -0.8256783 0.4313284 0.1942211
Guest-1 ori 5291.599 5291.749
Grain 0 0.6625996 -0.2862858 -0.6726148 -0.1630695
Grain 1 0.01619654 0.9964455 0.06446502 -0.05175329
Grain 2 0.3961935 0.9097632 -0.1054333 -0.06515723
Grain 3 0.308699 -0.8236294 0.4347854 0.1931354
Guest-1 ori 5296.312 5300.057
Grain 0 0.6625996 -0.2862858 -0.6726148 -0.1630695
Grain 1 0.01619654 0.9964455 0.06446502 -0.05175329
Grain 2 0.4552749 0.8613336 -0.2228376 0.03424472
Grain 3 0.3100014 -0.8215646 0.4382339 0.1920462
Guest-1 ori 5312.299 5317.912
Grain 0 0.6625996 -0.2862858 -0.6726148 -0.1630695
Grain 1 0.01619654 0.9964455 0.06446502 -0.05175329
Grain 2 0.448517 0.8632389 -0.2283446 0.03885868
Grain 3 0.3100014 -0.8215646 0.4382339 0.1920462
Guest-1 ori 5325.686 5331.234
Grain 0 0.6625996 -0.2862858 -0.6726148 -0.1630695
Grain 1 0.01619654 0.9964455 0.06446502 -0.05175329
Grain 2 0.4212954 0.8348476 -0.312333 0.167296
Grain 3 0.3100014 -0.8215646 0.4382339 0.1920462
Guest-1 ori 5336.894 5339.827
Grain 0 0.6625996 -0.2862858 -0.6726148 -0.1630695
Grain 1 0.01619654 0.9964455 0.06446502 -0.05175329
Grain 2 0.4212954 0.8348476 -0.312333 0.167296
Grain 3 0.3347491 -0.8258594 0.4228301 0.1646636
Guest-1 ori 5347.836 5350.299
Grain 0 0.6625996 -0.2862858 -0.6726148 -0.1630695
Grain 1 0.01619654 0.9964455 0.06446502 -0.05175329
Grain 2 0.4102362 0.8385996 -0.3242854 0.1526306
Grain 3 0.3366168 -0.8236272 0.4259883 0.1638945
Guest-1 ori 5359.442 5361.025
Grain 0 0.6713785 -0.2877031 -0.6644748 -0.1579592
Grain 1 0.01619654 0.9964455 0.06446502 -0.05175329
Grain 2 0.4185921 0.8378206 -0.3188343 0.1455401
Grain 3 0.3366168 -0.8236272 0.4259883 0.1638945
Guest-1 ori 5377.461 5379.859
Grain 0 0.6713785 -0.2877031 -0.6644748 -0.1579592
Grain 1 0.01619654 0.9964455 0.06446502 -0.05175329
Grain 2 0.4116624 0.8074574 -0.3967454 0.1453946
Grain 3 0.3366168 -0.8236272 0.4259883 0.1638945
Guest-1 ori 5386.121 5386.222
Grain 0 0.6713785 -0.2877031 -0.6644748 -0.1579592
Grain 1 0.01619654 0.9964455 0.06446502 -0.05175329
Grain 2 0.4122088 0.8043388 -0.403868 0.1414704
Grain 3 0.3366168 -0.8236272 0.4259883 0.1638945
Guest-1 ori 5392.965 5393.302
Grain 0 0.6713785 -0.2877031 -0.6644748 -0.1579592
Grain 1 0.03811488 0.991911 0.09197486 0.07874305
Grain 2 0.4127237 0.8011588 -0.4109595 0.1375352
Grain 3 0.3366168 -0.8236272 0.4259883 0.1638945
Guest-1 ori 5395.331 5398.594
Grain 0 0.6713785 -0.2877031 -0.6644748 -0.1579592
Grain 1 0.05341221 0.9958663 0.06708137 0.0299588
Grain 2 0.4127237 0.8011588 -0.4109595 0.1375352
Grain 3 0.3366168 -0.8236272 0.4259883 0.1638945
Guest-1 ori 5399.476 5400.611
Grain 0 0.6713785 -0.2877031 -0.6644748 -0.1579592
Grain 1 0.0478723 0.9950325 0.07313598 0.0476425
Grain 2 0.4127237 0.8011588 -0.4109595 0.1375352
Grain 3 0.3366168 -0.8236272 0.4259883 0.1638945
Guest-1 ori 5411.683 5415.698
Grain 0 0.7082622 -0.2164673 -0.644308 -0.190719
Grain 1 0.0478723 0.9950325 0.07313598 0.0476425
Grain 2 0.4127237 0.8011588 -0.4109595 0.1375352
Grain 3 0.3366168 -0.8236272 0.4259883 0.1638945
Guest-1 ori 5418.445 5418.677
Grain 0 0.7082622 -0.2164673 -0.644308 -0.190719
Grain 1 0.0478723 0.9950325 0.07313598 0.0476425
Grain 2 0.4127237 0.8011588 -0.4109595 0.1375352
Grain 3 0.3366168 -0.8236272 0.4259883 0.1638945
Guest-1 ori 5422.209 5422.343
Grain 0 0.7037631 -0.2213137 -0.6456928 -0.1970245
Grain 1 0.0478723 0.9950325 0.07313598 0.0476425
Grain 2 0.4127237 0.8011588 -0.4109595 0.1375352
Grain 3 0.3366168 -0.8236272 0.4259883 0.1638945
Guest-1 ori 5425.272 5430.305
Grain 0 0.7022225 -0.2350818 -0.6394614 -0.2066621
Grain 1 0.0478723 0.9950325 0.07313598 0.0476425
Grain 2 0.4127237 0.8011588 -0.4109595 0.1375352
Grain 3 0.3644586 -0.8090488 0.4337831 0.1563401
