Guest-0 ori 3287 3296.873
Grain 0 0 1 0 0
Grain 1 0 1 0 0
Grain 2 0 1 0 0
Grain 3 0.009696806 -0.9818851 0.01961285 0.1882102
Guest-0 ori 3297.272 3298.572
Grain 0 0 1 0 0
Grain 1 0 1 0 0
Grain 2 0 1 0 0
Grain 3 0.4285408 0.8614954 -0.1138034 -0.2474416
Guest-0 OptGrain 2 12 30.18255 30.42624
Grain 0 0 1 0 0
Grain 1 0 1 0 0
Grain 2 0.008726535 0.9999619 0 0
Grain 3 0.4285408 0.8614954 -0.1138034 -0.2474416
Guest-0 OptGrain 2 180 35.04774 39.45285
Grain 0 0 1 0 0
Grain 1 0 1 0 0
Grain 2 0.07579518 0.9882414 0.1086071 0.07640985
Grain 3 0.4285408 0.8614954 -0.1138034 -0.2474416
Guest-0 ori 3327.53 3332.743
Grain 0 0 1 0 0
Grain 1 0 1 0 0
Grain 2 0.3962567 0.9039094 0.140209 0.07918224
Grain 3 0.4285408 0.8614954 -0.1138034 -0.2474416
Guest-0 ori 3333.541 3335.708
Grain 0 0 1 0 0
Grain 1 0 1 0 0
Grain 2 0.4818979 0.8525264 0.1879361 -0.07518761
Grain 3 0.4285408 0.8614954 -0.1138034 -0.2474416
Guest-0 ori 3336.574 3340.473
Grain 0 0 1 0 0
Grain 1 0 1 0 0
Grain 2 0.3085613 0.8586488 0.2629115 -0.3136714
Grain 3 0.4285408 0.8614954 -0.1138034 -0.2474416
Guest-0 ori 3342.502 3346.599
Grain 0 0 1 0 0
Grain 1 0 1 0 0
Grain 2 0.3294755 0.8773251 0.2389173 -0.2542935
Grain 3 0.4285408 0.8614954 -0.1138034 -0.2474416
Guest-0 ori 3363.354 3365.65
Grain 0 0 1 0 0
Grain 1 0 1 0 0
Grain 2 0.3294755 0.8773251 0.2389173 -0.2542935
Grain 3 0.3983728 0.7851942 -0.1021706 -0.4629583
Guest-0 ori 3366.582 3368.281
Grain 0 0 1 0 0
Grain 1 0 1 0 0
Grain 2 0.3294755 0.8773251 0.2389173 -0.2542935
Grain 3 0.4175701 0.781234 -0.1325606 -0.4446757
Guest-0 ori 3377.472 3390.361
Grain 0 0.4168077 0.8346279 -0.07287818 -0.352642
Grain 1 0 1 0 0
Grain 2 0.3294755 0.8773251 0.2389173 -0.2542935
Grain 3 0.4200575 0.780076 -0.1271792 -0.4459357
Guest-0 ori 3399.291 3409.413
Grain 0 0.4168077 0.8346279 -0.07287818 -0.352642
Grain 1 0 1 0 0
Grain 2 0.3294755 0.8773251 0.2389173 -0.2542935
Grain 3 0.2757444 0.5543394 0.08725661 -0.7804224
Guest-0 ori 3416.193 3429.58
Grain 0 0.4168077 0.8346279 -0.07287818 -0.352642
Grain 1 0 1 0 0
Grain 2 0.08180993 0.8187582 0.1014645 -0.5591486
Grain 3 0.2757444 0.5543394 0.08725661 -0.7804224
Guest-0 ori 3437.576 3446.832
Grain 0 0.4168077 0.8346279 -0.07287818 -0.352642
Grain 1 0.0583817 -0.8721138 0.3325121 0.3541819
Grain 2 0.08180993 0.8187582 0.1014645 -0.5591486
Grain 3 0.2757444 0.5543394 0.08725661 -0.7804224
Guest-0 ori 3450.83 3462.77
Grain 0 0.3490106 0.8885831 -0.1680139 -0.2457295
Grain 1 0.06073682 -0.8736502 0.3313849 0.351042
Grain 2 0.08180993 0.8187582 0.1014645 -0.5591486
Grain 3 0.2757444 0.5543394 0.08725661 -0.7804224
Guest-0 ori 3482.437 3496.808
Grain 0 0.3504259 0.8875183 -0.1657988 -0.2490455
Grain 1 0.06073682 -0.8736502 0.3313849 0.351042
Grain 2 0.08393923 -0.7658737 -0.03279224 0.6366446
Grain 3 0.2757444 0.5543394 0.08725661 -0.7804224
Guest-0 ori 3498.491 3498.84
Grain 0 0.3504259 0.8875183 -0.1657988 -0.2490455
Grain 1 0.06073682 -0.8736502 0.3313849 0.351042
Grain 2 0.06013469 -0.798891 -0.0366466 0.5973392
Grain 3 0.2757444 0.5543394 0.08725661 -0.7804224
Guest-0 ori 3510.783 3526.008
Grain 0 0.3504259 0.8875183 -0.1657988 -0.2490455
Grain 1 0.06073682 -0.8736502 0.3313849 0.351042
Grain 2 0.06013469 -0.798891 -0.0366466 0.5973392
Grain 3 0.2556705 0.5474954 0.04638381 -0.7954433
Guest-0 OptGrain 3 12 239.5598 239.6774
Grain 0 0.3504259 0.8875183 -0.1657988 -0.2490455
Grain 1 0.06073682 -0.8736502 0.3313849 0.351042
Grain 2 0.06013469 -0.798891 -0.0366466 0.5973392
Grain 3 0.2552561 0.5405331 0.04861316 -0.8001907
Guest-0 OptGrain 3 102 241.6909 243.5881
Grain 0 0.3504259 0.8875183 -0.1657988 -0.2490455
Grain 1 0.06073682 -0.8736502 0.3313849 0.351042
Grain 2 0.06013469 -0.798891 -0.0366466 0.5973392
Grain 3 0.3158554 0.5036294 0.002433288 -0.8041062
Guest-0 OptGrain 2 12 251.7003 251.9304
Grain 0 0.3504259 0.8875183 -0.1657988 -0.2490455
Grain 1 0.06073682 -0.8736502 0.3313849 0.351042
Grain 2 0.0549197 -0.7985408 -0.04361676 0.5978413
Grain 3 0.3158952 0.5000972 0.003775492 -0.8062871
Guest-0 OptGrain 1 96 257.6603 258.8631
Grain 0 0.3504259 0.8875183 -0.1657988 -0.2490455
Grain 1 0.03530493 -0.8468977 0.4097545 0.3370745
Grain 2 0.0549197 -0.7985408 -0.04361676 0.5978413
Grain 3 0.3158952 0.5000972 0.003775492 -0.8062871
Guest-0 OptGrain 0 18 267.2201 267.5711
Grain 0 0.3504259 0.8875183 -0.1657988 -0.2490455
Grain 1 0.02995646 -0.8490896 0.4025458 0.3407439
Grain 2 0.0549197 -0.7985408 -0.04361676 0.5978413
Grain 3 0.3158952 0.5000972 0.003775492 -0.8062871
Guest-0 OptGrain 3 18 280.4757 280.7927
Grain 0 0.3504259 0.8875183 -0.1657988 -0.2490455
Grain 1 0.02995646 -0.8490896 0.4025458 0.3407439
Grain 2 0.0549197 -0.7985408 -0.04361676 0.5978413
Grain 3 0.322978 0.507038 0.005321189 -0.7991054
Guest-0 ori 3572.528 3595.711
Grain 0 0.3504259 0.8875183 -0.1657988 -0.2490455
Grain 1 0.02995646 -0.8490896 0.4025458 0.3407439
Grain 2 0.0549197 -0.7985408 -0.04361676 0.5978413
Grain 3 0.2937856 0.4204995 -0.04260365 -0.8573536
Guest-0 OptGrain 3 138 307.8573 311.1898
Grain 0 0.3504259 0.8875183 -0.1657988 -0.2490455
Grain 1 0.02995646 -0.8490896 0.4025458 0.3407439
Grain 2 0.0549197 -0.7985408 -0.04361676 0.5978413
Grain 3 0.3192931 0.5038949 0.00153136 -0.802583
Guest-0 ori 3610.282 3614.426
Grain 0 0.3504259 0.8875183 -0.1657988 -0.2490455
Grain 1 0.08819707 -0.857751 0.4070714 0.301293
Grain 2 0.0549197 -0.7985408 -0.04361676 0.5978413
Grain 3 0.3245311 0.4913956 -0.005805031 -0.8081933
Guest-0 ori 3615.244 3615.878
Grain 0 0.3504259 0.8875183 -0.1657988 -0.2490455
Grain 1 0.06642955 -0.8490827 0.4432055 0.2796688
Grain 2 0.0549197 -0.7985408 -0.04361676 0.5978413
Grain 3 0.3245311 0.4913956 -0.005805031 -0.8081933
Guest-0 ori 3616.793 3617.375
Grain 0 0.3504259 0.8875183 -0.1657988 -0.2490455
Grain 1 0.05374029 -0.8425328 0.4660597 0.2646484
Grain 2 0.0549197 -0.7985408 -0.04361676 0.5978413
Grain 3 0.3245311 0.4913956 -0.005805031 -0.8081933
Guest-0 ori 3618.311 3620.741
Grain 0 0.3504259 0.8875183 -0.1657988 -0.2490455
Grain 1 0.07030638 -0.8489193 0.4477288 0.2719043
Grain 2 0.0549197 -0.7985408 -0.04361676 0.5978413
Grain 3 0.3245311 0.4913956 -0.005805031 -0.8081933
Guest-0 OptGrain 1 186 332.786 335.728
Grain 0 0.3504259 0.8875183 -0.1657988 -0.2490455
Grain 1 0.06729197 -0.780252 0.4378903 0.4415097
Grain 2 0.0549197 -0.7985408 -0.04361676 0.5978413
Grain 3 0.3245311 0.4913956 -0.005805031 -0.8081933
Guest-0 ori 3627.284 3627.35
Grain 0 0.3504259 0.8875183 -0.1657988 -0.2490455
Grain 1 0.06729206 -0.7802519 0.4378903 0.4415098
Grain 2 0.0549197 -0.7985408 -0.04361676 0.5978413
Grain 3 0.3245311 0.4913956 -0.005805031 -0.8081933
Guest-0 ori 3628.766 3629.849
Grain 0 0.3504259 0.8875183 -0.1657988 -0.2490455
Grain 1 0.06729206 -0.7802519 0.4378903 0.4415098
Grain 2 0.0549197 -0.7985408 -0.04361676 0.5978413
Grain 3 0.3953635 0.7472823 -0.4186775 -0.3316115
Guest-0 OptGrain 3 12 340.9959 341.2036
Grain 0 0.3504259 0.8875183 -0.1657988 -0.2490455
Grain 1 0.06729206 -0.7802519 0.4378903 0.4415098
Grain 2 0.0549197 -0.7985408 -0.04361676 0.5978413
Grain 3 0.3953635 0.7472823 -0.4186775 -0.3316115
Guest-0 ori 3632.664 3635.377
Grain 0 0.3504259 0.8875183 -0.1657988 -0.2490455
Grain 1 0.06729206 -0.7802519 0.4378903 0.4415098
Grain 2 0.0549197 -0.7985408 -0.04361676 0.5978413
Grain 3 0.3953635 0.7472823 -0.4186775 -0.3316115
Guest-0 ori 3635.962 3638.642
Grain 0 0.3504259 0.8875183 -0.1657988 -0.2490455
Grain 1 0.06729206 -0.7802519 0.4378903 0.4415098
Grain 2 0.0549197 -0.7985408 -0.04361676 0.5978413
Grain 3 0.3953635 0.7472823 -0.4186775 -0.3316115
Guest-0 ori 3645.601 3647.95
Grain 0 0.3504259 0.8875183 -0.1657988 -0.2490455
Grain 1 0.06729206 -0.7802519 0.4378903 0.4415098
Grain 2 0.0549197 -0.7985408 -0.04361676 0.5978413
Grain 3 0.3953635 0.7472823 -0.4186775 -0.3316115
