Guest-2 OptGrain 3 534 47.20691 56.99907
Grain 0 0 1 0 0
Grain 1 0 1 0 0
Grain 2 0 1 0 0
Grain 3 -0.3505071 0.8522227 -0.3566785 -0.1537585
Guest-2 OptGrain 3 24 56.52132 56.99907
Grain 0 0 1 0 0
Grain 1 0 1 0 0
Grain 2 0 1 0 0
Grain 3 -0.3505071 0.8522227 -0.3566785 -0.1537585
Guest-2 ori 1559.181 1559.531
Grain 0 0.5881553 -0.6915936 0.4140414 0.06588897
Grain 1 0 1 0 0
Grain 2 0 1 0 0
Grain 3 0.3311426 -0.8624958 0.357315 0.1370092
Guest-2 ori 1579.08 1579.414
Grain 0 -0.7146843 0.3567067 -0.3575454 -0.4838884
Grain 1 0 1 0 0
Grain 2 0 1 0 0
Grain 3 0.3311426 -0.8624958 0.357315 0.1370092
Guest-2 ori 1581.012 1584.526
Grain 0 -0.6961114 0.3492534 -0.3755789 -0.5023859
Grain 1 0 1 0 0
Grain 2 0 1 0 0
Grain 3 0.3311426 -0.8624958 0.357315 0.1370092
Guest-2 ori 1585.942 1587.807
Grain 0 0.4107826 -0.6259302 0.6602288 0.0597239
Grain 1 0 1 0 0
Grain 2 0 1 0 0
Grain 3 0.3311426 -0.8624958 0.357315 0.1370092
Guest-2 ori 1593.785 1601.323
Grain 0 -0.253329 -0.2136102 -0.1952985 -0.9230675
Grain 1 0 1 0 0
Grain 2 0 1 0 0
Grain 3 0.3311426 -0.8624958 0.357315 0.1370092
Guest-2 ori 1602.561 1608.556
Grain 0 0.4736716 0.3105512 0.08381137 0.8198591
Grain 1 0 1 0 0
Grain 2 0 1 0 0
Grain 3 0.3311426 -0.8624958 0.357315 0.1370092
Guest-2 ori 1613.137 1613.287
Grain 0 0.4412893 0.3932033 0.03616294 0.8058207
Grain 1 0 1 0 0
Grain 2 0 1 0 0
Grain 3 0.3311426 -0.8624958 0.357315 0.1370092
Guest-2 OptGrain 0 54 137.3101 139.0101
Grain 0 0.4532735 0.4571228 0.01950259 0.7649847
Grain 1 0 1 0 0
Grain 2 0 1 0 0
Grain 3 0.3311426 -0.8624958 0.357315 0.1370092
Guest-2 OptGrain 0 144 136.2167 139.0894
Grain 0 0.4532735 0.4571228 0.01950259 0.7649847
Grain 1 0 1 0 0
Grain 2 0 1 0 0
Grain 3 0.3311426 -0.8624958 0.357315 0.1370092
Guest-2 ori 1625.078 1625.36
Grain 0 0.5464284 0.6046368 -0.1509326 0.5595086
Grain 1 0 1 0 0
Grain 2 0 1 0 0
Grain 3 0.3311426 -0.8624958 0.357315 0.1370092
Guest-2 ori 1626.11 1631.438
Grain 0 0.5829124 0.3266865 0.2373428 -0.705094
Grain 1 0 1 0 0
Grain 2 0 1 0 0
Grain 3 0.3311426 -0.8624958 0.357315 0.1370092
Guest-2 ori 1638.264 1641.629
Grain 0 0.6323183 0.3355687 0.1782793 -0.6751176
Grain 1 0 1 0 0
Grain 2 0 1 0 0
Grain 3 0.3311426 -0.8624958 0.357315 0.1370092
Guest-2 ori 1643.944 1653.003
Grain 0 0.5523556 0.7514621 -0.2963708 0.2058455
Grain 1 0 1 0 0
Grain 2 0 1 0 0
Grain 3 0.3311426 -0.8624958 0.357315 0.1370092
Guest-2 ori 1654.933 1655.134
Grain 0 0.553916 0.7507689 -0.2933504 0.2084913
Grain 1 0 1 0 0
Grain 2 0 1 0 0
Grain 3 0.3311426 -0.8624958 0.357315 0.1370092
Guest-2 ori 1656.468 1658.199
Grain 0 0.5446595 0.7472472 -0.2937474 0.24224
Grain 1 0 1 0 0
Grain 2 0 1 0 0
Grain 3 0.3311426 -0.8624958 0.357315 0.1370092
Guest-2 ori 1659.514 1659.632
Grain 0 0.5288761 0.7402627 -0.2906491 0.2963516
Grain 1 0 1 0 0
Grain 2 0 1 0 0
Grain 3 0.3311426 -0.8624958 0.357315 0.1370092
Guest-2 ori 1665.225 1677.466
Grain 0 0.5161977 0.7372309 -0.29782 0.3183296
Grain 1 0 1 0 0
Grain 2 0.1857934 0.8988798 -0.3328486 0.2161199
Grain 3 0.3311426 -0.8624958 0.357315 0.1370092
Guest-2 ori 1691.305 1691.423
Grain 0 0.5161977 0.7372309 -0.29782 0.3183296
Grain 1 0 1 0 0
Grain 2 0.2029587 0.9089588 -0.3226688 0.16878
Grain 3 0.3311426 -0.8624958 0.357315 0.1370092
Guest-2 ori 1691.788 1691.923
Grain 0 0.5161977 0.7372309 -0.29782 0.3183296
Grain 1 0 1 0 0
Grain 2 0.2206152 0.9137922 -0.3195909 0.1190568
Grain 3 0.3311426 -0.8624958 0.357315 0.1370092
Guest-2 ori 1692.121 1692.221
Grain 0 0.5161977 0.7372309 -0.29782 0.3183296
Grain 1 0 1 0 0
Grain 2 0.226506 0.9061007 -0.3414544 0.105287
Grain 3 0.3311426 -0.8624958 0.357315 0.1370092
Guest-2 ori 1692.854 1692.988
Grain 0 0.5161977 0.7372309 -0.29782 0.3183296
Grain 1 0 1 0 0
Grain 2 0.1908439 0.902816 -0.376759 0.08096102
Grain 3 0.3311426 -0.8624958 0.357315 0.1370092
Guest-2 OptGrain 2 30 213.4457 214.7004
Grain 0 0.5161977 0.7372309 -0.29782 0.3183296
Grain 1 0 1 0 0
Grain 2 0.1822734 0.9077064 -0.3695441 0.07926377
Grain 3 0.3311426 -0.8624958 0.357315 0.1370092
Guest-2 OptGrain 2 24 213.7095 214.7004
Grain 0 0.5161977 0.7372309 -0.29782 0.3183296
Grain 1 0 1 0 0
Grain 2 0.1822734 0.9077064 -0.3695441 0.07926377
Grain 3 0.3311426 -0.8624958 0.357315 0.1370092
Guest-2 OptGrain 2 12 214.3671 214.7004
Grain 0 0.5161977 0.7372309 -0.29782 0.3183296
Grain 1 0 1 0 0
Grain 2 0.1822734 0.9077064 -0.3695441 0.07926377
Grain 3 0.3311426 -0.8624958 0.357315 0.1370092
Guest-2 OptGrain 2 78 212.0872 214.8821
Grain 0 0.5161977 0.7372309 -0.29782 0.3183296
Grain 1 0 1 0 0
Grain 2 0.1822734 0.9077064 -0.3695441 0.07926377
Grain 3 0.3311426 -0.8624958 0.357315 0.1370092
Guest-2 OptGrain 2 54 212.893 214.8821
Grain 0 0.5161977 0.7372309 -0.29782 0.3183296
Grain 1 0 1 0 0
Grain 2 0.1822734 0.9077064 -0.3695441 0.07926377
Grain 3 0.3311426 -0.8624958 0.357315 0.1370092
Guest-2 ori 1694.072 1694.203
Grain 0 0.5161977 0.7372309 -0.29782 0.3183296
Grain 1 0 1 0 0
Grain 2 0.2222355 0.8956056 -0.3737039 0.09406035
Grain 3 0.3311426 -0.8624958 0.357315 0.1370092
Guest-2 OptGrain 2 12 215.6248 215.8566
Grain 0 0.5161977 0.7372309 -0.29782 0.3183296
Grain 1 0 1 0 0
Grain 2 0.2222355 0.8956056 -0.3737039 0.09406035
Grain 3 0.3311426 -0.8624958 0.357315 0.1370092
Guest-2 OptGrain 2 42 216.6085 217.2612
Grain 0 0.5161977 0.7372309 -0.29782 0.3183296
Grain 1 0 1 0 0
Grain 2 0.1822734 0.9077064 -0.3695441 0.07926375
Grain 3 0.3311426 -0.8624958 0.357315 0.1370092
Guest-2 ori 1695.801 1695.953
Grain 0 0.5161977 0.7372309 -0.29782 0.3183296
Grain 1 0 1 0 0
Grain 2 0.1829583 0.9044471 -0.3774509 0.07767007
Grain 3 0.3311426 -0.8624958 0.357315 0.1370092
Guest-2 OptGrain 2 18 217.374 217.5632
Grain 0 0.5161977 0.7372309 -0.29782 0.3183296
Grain 1 0 1 0 0
Grain 2 0.1822735 0.9077064 -0.3695439 0.0792637
Grain 3 0.3311426 -0.8624958 0.357315 0.1370092
Guest-2 OptGrain 2 18 218.2721 218.5084
Grain 0 0.5161977 0.7372309 -0.29782 0.3183296
Grain 1 0 1 0 0
Grain 2 0.1822735 0.9077064 -0.3695439 0.0792637
Grain 3 0.3311426 -0.8624958 0.357315 0.1370092
Guest-2 OptGrain 2 18 219.6887 219.9025
Grain 0 0.5161977 0.7372309 -0.29782 0.3183296
Grain 1 0 1 0 0
Grain 2 0.1822736 0.9077064 -0.3695439 0.07926371
Grain 3 0.3311426 -0.8624958 0.357315 0.1370092
Guest-2 OptGrain 2 18 220.1548 220.5668
Grain 0 0.5161977 0.7372309 -0.29782 0.3183296
Grain 1 0 1 0 0
Grain 2 0.1822736 0.9077064 -0.3695439 0.07926372
Grain 3 0.3311426 -0.8624958 0.357315 0.1370092
Guest-2 ori 1702.662 1702.812
Grain 0 0.5161977 0.7372309 -0.29782 0.3183296
Grain 1 0 1 0 0
Grain 2 0.1768676 0.9071456 -0.3733191 0.08023574
Grain 3 0.3311426 -0.8624958 0.357315 0.1370092
Guest-2 OptGrain 2 12 224.2369 224.3398
Grain 0 0.5161977 0.7372309 -0.29782 0.3183296
Grain 1 0 1 0 0
Grain 2 0.1768676 0.9071456 -0.3733191 0.08023574
Grain 3 0.3311426 -0.8624958 0.357315 0.1370092
Guest-2 OptGrain 2 12 225.2003 225.4089
Grain 0 0.5161977 0.7372309 -0.29782 0.3183296
Grain 1 0 1 0 0
Grain 2 0.1801187 0.9078112 -0.3717614 0.07231645
Grain 3 0.3311426 -0.8624958 0.357315 0.1370092
Guest-2 OptGrain 2 18 226.2325 226.6171
Grain 0 0.5161977 0.7372309 -0.29782 0.3183296
Grain 1 0 1 0 0
Grain 2 0.1801187 0.9078112 -0.3717615 0.07231646
Grain 3 0.3311426 -0.8624958 0.357315 0.1370092
Guest-2 OptGrain 2 18 226.9994 227.4292
Grain 0 0.5161977 0.7372309 -0.29782 0.3183296
Grain 1 0 1 0 0
Grain 2 0.1801187 0.9078112 -0.3717615 0.07231647
Grain 3 0.3311426 -0.8624958 0.357315 0.1370092
Guest-2 ori 1708.693 1715.753
Grain 0 0.5161977 0.7372309 -0.29782 0.3183296
Grain 1 0 1 0 0
Grain 2 0.1132996 0.8960399 -0.388634 0.1823167
Grain 3 0.3311426 -0.8624958 0.357315 0.1370092
Guest-2 ori 1727.309 1727.459
Grain 0 0.5161977 0.7372309 -0.29782 0.3183296
Grain 1 0 1 0 0
Grain 2 0.1132996 0.8960399 -0.388634 0.1823167
Grain 3 0.3311426 -0.8624958 0.357315 0.1370092
Guest-2 ori 1728.874 1729.009
Grain 0 0.5161977 0.7372309 -0.29782 0.3183296
Grain 1 0 1 0 0
Grain 2 0.1474004 0.9110987 -0.3729771 0.0951857
Grain 3 0.3311426 -0.8624958 0.357315 0.1370092
Guest-2 ori 1729.475 1729.591
Grain 0 0.5161977 0.7372309 -0.29782 0.3183296
Grain 1 0 1 0 0
Grain 2 0.1816097 0.9056034 -0.3749415 0.0794943
Grain 3 0.3311426 -0.8624958 0.357315 0.1370092
Guest-2 OptGrain 2 30 249.6415 250.4152
Grain 0 0.5161977 0.7372309 -0.29782 0.3183296
Grain 1 0 1 0 0
Grain 2 0.1737 0.9071538 -0.3756209 0.07621934
Grain 3 0.3311426 -0.8624958 0.357315 0.1370092
Guest-2 OptGrain 2 12 250.152 250.4152
Grain 0 0.5161977 0.7372309 -0.29782 0.3183296
Grain 1 0 1 0 0
Grain 2 0.1737 0.9071538 -0.3756209 0.07621934
Grain 3 0.3311426 -0.8624958 0.357315 0.1370092
Guest-2 OptGrain 2 90 248.6684 250.5122
Grain 0 0.5161977 0.7372309 -0.29782 0.3183296
Grain 1 0 1 0 0
Grain 2 0.1737 0.9071538 -0.3756209 0.07621934
Grain 3 0.3311426 -0.8624958 0.357315 0.1370092
Guest-2 ori 1748.741 1752.124
Grain 0 -0.8108792 0.08044336 -0.4131474 -0.4065872
Grain 1 0 1 0 0
Grain 2 0.1650771 0.9118723 -0.3683546 0.07452063
Grain 3 0.3311426 -0.8624958 0.357315 0.1370092
Guest-2 ori 1753.922 1755.271
Grain 0 0.7686174 0.5341402 0.1340673 0.325496
Grain 1 0 1 0 0
Grain 2 0.1650771 0.9118723 -0.3683546 0.07452063
Grain 3 0.3311426 -0.8624958 0.357315 0.1370092
Guest-2 ori 1757.868 1761.98
Grain 0 0.1868588 0.703067 0.6675273 0.1587069
Grain 1 0 1 0 0
Grain 2 0.1650771 0.9118723 -0.3683546 0.07452063
Grain 3 0.3311426 -0.8624958 0.357315 0.1370092
Guest-2 ori 1762.914 1763.231
Grain 0 -0.2118978 -0.7539607 -0.5291868 -0.3265026
Grain 1 0 1 0 0
Grain 2 0.1650771 0.9118723 -0.3683546 0.07452063
Grain 3 0.3311426 -0.8624958 0.357315 0.1370092
Guest-2 ori 1765.677 1765.778
Grain 0 -0.2127767 -0.7707145 -0.4389504 -0.4099365
Grain 1 0 1 0 0
Grain 2 0.1650771 0.9118723 -0.3683546 0.07452063
Grain 3 0.3311426 -0.8624958 0.357315 0.1370092
Guest-2 ori 1767.076 1767.211
Grain 0 -0.1776811 -0.8005019 -0.4542914 -0.3482033
Grain 1 0 1 0 0
Grain 2 0.1650771 0.9118723 -0.3683546 0.07452063
Grain 3 0.3311426 -0.8624958 0.357315 0.1370092
Guest-2 ori 1768.727 1768.843
Grain 0 -0.144391 -0.7455365 -0.5339604 -0.3717701
Grain 1 0 1 0 0
Grain 2 0.1650771 0.9118723 -0.3683546 0.07452063
Grain 3 0.3311426 -0.8624958 0.357315 0.1370092
Guest-2 OptGrain 0 54 288.7601 291.0796
Grain 0 -0.1952735 -0.6752066 -0.6223649 -0.3444217
Grain 1 0 1 0 0
Grain 2 0.1650771 0.9118723 -0.3683546 0.07452063
Grain 3 0.3311426 -0.8624958 0.357315 0.1370092
Guest-2 OptGrain 0 144 285.8221 291.2276
Grain 0 -0.1952735 -0.6752066 -0.6223649 -0.3444217
Grain 1 0 1 0 0
Grain 2 0.1650771 0.9118723 -0.3683546 0.07452063
Grain 3 0.3311426 -0.8624958 0.357315 0.1370092
Guest-2 OptGrain 0 96 287.227 291.2276
Grain 0 -0.1952735 -0.6752066 -0.6223649 -0.3444217
Grain 1 0 1 0 0
Grain 2 0.1650771 0.9118723 -0.3683546 0.07452063
Grain 3 0.3311426 -0.8624958 0.357315 0.1370092
Guest-2 ori 1771.339 1772.205
Grain 0 -0.1784742 -0.6925461 -0.6046247 -0.3506504
Grain 1 0 1 0 0
Grain 2 0.1650771 0.9118723 -0.3683546 0.07452063
Grain 3 0.3311426 -0.8624958 0.357315 0.1370092
Guest-2 OptGrain 3 36 306.7965 307.4849
Grain 0 -0.1784742 -0.6925461 -0.6046247 -0.3506504
Grain 1 0 1 0 0
Grain 2 0.1650771 0.9118723 -0.3683546 0.07452063
Grain 3 0.3472726 -0.8534142 0.3624318 0.140461
Guest-2 ori 1787.944 1788.109
Grain 0 -0.1784742 -0.6925461 -0.6046247 -0.3506504
Grain 1 0 1 0 0
Grain 2 0.1650771 0.9118723 -0.3683546 0.07452063
Grain 3 0.3472727 -0.8534142 0.3624317 0.1404609
Guest-2 OptGrain 3 24 307.6458 308.0655
Grain 0 -0.1784742 -0.6925461 -0.6046247 -0.3506504
Grain 1 0 1 0 0
Grain 2 0.1650771 0.9118723 -0.3683546 0.07452063
Grain 3 0.3472727 -0.8534141 0.3624317 0.1404609
Guest-2 ori 1789.126 1789.259
Grain 0 -0.1784742 -0.6925461 -0.6046247 -0.3506504
Grain 1 0 1 0 0
Grain 2 0.1650771 0.9118723 -0.3683546 0.07452063
Grain 3 0.3482378 -0.8545009 0.3602809 0.1369537
Guest-2 OptGrain 3 12 308.7939 309.0168
Grain 0 -0.1784742 -0.6925461 -0.6046247 -0.3506504
Grain 1 0 1 0 0
Grain 2 0.1650771 0.9118723 -0.3683546 0.07452063
Grain 3 0.3482378 -0.8545009 0.3602809 0.1369537
Guest-2 OptGrain 3 18 311.6446 312.0299
Grain 0 -0.1784742 -0.6925461 -0.6046247 -0.3506504
Grain 1 0 1 0 0
Grain 2 0.1650771 0.9118723 -0.3683546 0.07452063
Grain 3 0.3482378 -0.8545009 0.3602809 0.1369537
Guest-2 OptGrain 3 18 312.6249 313.0054
Grain 0 -0.1784742 -0.6925461 -0.6046247 -0.3506504
Grain 1 0 1 0 0
Grain 2 0.1650771 0.9118723 -0.3683546 0.07452063
Grain 3 0.3482378 -0.8545009 0.3602809 0.1369537
Guest-2 OptGrain 3 18 313.3909 313.7441
Grain 0 -0.1784742 -0.6925461 -0.6046247 -0.3506504
Grain 1 0 1 0 0
Grain 2 0.1650771 0.9118723 -0.3683546 0.07452063
Grain 3 0.3482378 -0.8545009 0.3602809 0.1369537
Guest-2 OptGrain 3 18 314.2953 314.6496
Grain 0 -0.1784742 -0.6925461 -0.6046247 -0.3506504
Grain 1 0 1 0 0
Grain 2 0.1650771 0.9118723 -0.3683546 0.07452063
Grain 3 0.3482378 -0.8545009 0.3602809 0.1369537
Guest-2 OptGrain 3 18 315.0392 315.3924
Grain 0 -0.1784742 -0.6925461 -0.6046247 -0.3506504
Grain 1 0 1 0 0
Grain 2 0.1650771 0.9118723 -0.3683546 0.07452063
Grain 3 0.3482378 -0.8545009 0.3602809 0.1369537
Guest-2 OptGrain 3 18 315.6384 315.9936
Grain 0 -0.1784742 -0.6925461 -0.6046247 -0.3506504
Grain 1 0 1 0 0
Grain 2 0.1650771 0.9118723 -0.3683546 0.07452063
Grain 3 0.3482378 -0.8545009 0.3602809 0.1369537
Guest-2 OptGrain 3 18 316.5893 316.8951
Grain 0 -0.1784742 -0.6925461 -0.6046247 -0.3506504
Grain 1 0 1 0 0
Grain 2 0.1650771 0.9118723 -0.3683546 0.07452063
Grain 3 0.3482378 -0.8545009 0.3602809 0.1369537
Guest-2 OptGrain 3 18 317.0381 317.5502
Grain 0 -0.1784742 -0.6925461 -0.6046247 -0.3506504
Grain 1 0 1 0 0
Grain 2 0.1650771 0.9118723 -0.3683546 0.07452063
Grain 3 0.3482378 -0.8545009 0.3602809 0.1369537
Guest-2 OptGrain 3 12 317.2169 317.5502
Grain 0 -0.1784742 -0.6925461 -0.6046247 -0.3506504
Grain 1 0 1 0 0
Grain 2 0.1650771 0.9118723 -0.3683546 0.07452063
Grain 3 0.3482378 -0.8545009 0.3602809 0.1369537
Guest-2 OptGrain 3 12 317.2169 317.5502
Grain 0 -0.1784742 -0.6925461 -0.6046247 -0.3506504
Grain 1 0 1 0 0
Grain 2 0.1650771 0.9118723 -0.3683546 0.07452063
Grain 3 0.3482378 -0.8545009 0.3602809 0.1369537
Guest-2 OptGrain 3 12 317.2169 317.5502
Grain 0 -0.1784742 -0.6925461 -0.6046247 -0.3506504
Grain 1 0 1 0 0
Grain 2 0.1650771 0.9118723 -0.3683546 0.07452063
Grain 3 0.3482378 -0.8545009 0.3602809 0.1369537
Guest-2 OptGrain 3 12 317.2169 317.5502
Grain 0 -0.1784742 -0.6925461 -0.6046247 -0.3506504
Grain 1 0 1 0 0
Grain 2 0.1650771 0.9118723 -0.3683546 0.07452063
Grain 3 0.3482378 -0.8545009 0.3602809 0.1369537
Guest-2 OptGrain 3 18 317.6221 317.7913
Grain 0 -0.1784742 -0.6925461 -0.6046247 -0.3506504
Grain 1 0 1 0 0
Grain 2 0.1650771 0.9118723 -0.3683546 0.07452063
Grain 3 0.3482378 -0.8545009 0.3602809 0.1369537
Guest-2 ori 1801.215 1801.334
Grain 0 -0.1784742 -0.6925461 -0.6046247 -0.3506504
Grain 1 0 1 0 0
Grain 2 0.1650771 0.9118723 -0.3683546 0.07452063
Grain 3 0.3482378 -0.8545009 0.3602808 0.1369535
Guest-2 OptGrain 2 12 326.2802 326.5169
Grain 0 -0.1784742 -0.6925461 -0.6046247 -0.3506504
Grain 1 0 1 0 0
Grain 2 0.1657211 0.9086232 -0.376298 0.07307724
Grain 3 0.3472574 -0.8534389 0.3623733 0.1404992
Guest-2 OptGrain 2 36 327.9681 328.838
Grain 0 -0.1784742 -0.6925461 -0.6046247 -0.3506504
Grain 1 0 1 0 0
Grain 2 0.1418793 0.9126499 -0.378082 0.06320187
Grain 3 0.3472574 -0.8534389 0.3623733 0.1404992
Guest-2 ori 1809.957 1810.093
Grain 0 -0.1784742 -0.6925461 -0.6046247 -0.3506504
Grain 1 0 1 0 0
Grain 2 0.1418794 0.91265 -0.3780819 0.06320183
Grain 3 0.3472574 -0.8534389 0.3623733 0.1404992
Guest-2 OptGrain 2 24 329.1294 329.6999
Grain 0 -0.1784742 -0.6925461 -0.6046247 -0.3506504
Grain 1 0 1 0 0
Grain 2 0.1418793 0.9126499 -0.3780819 0.06320182
Grain 3 0.3472574 -0.8534389 0.3623733 0.1404992
Guest-2 OptGrain 1 24 345.1688 345.5397
Grain 0 -0.1784742 -0.6925461 -0.6046247 -0.3506504
Grain 1 0.01745174 0.9998096 -0.000152299 -0.008725207
Grain 2 0.1418793 0.9126499 -0.3780819 0.06320182
Grain 3 0.3472574 -0.8534389 0.3623733 0.1404992
Guest-2 ori 1827.443 1827.593
Grain 0 -0.1784742 -0.6925461 -0.6046247 -0.3506504
Grain 1 0.01745174 0.9998096 -0.0001522566 -0.008725185
Grain 2 0.1418793 0.9126499 -0.3780819 0.06320182
Grain 3 0.3472574 -0.8534389 0.3623733 0.1404992
Guest-2 OptGrain 1 12 346.6295 346.7793
Grain 0 -0.1784742 -0.6925461 -0.6046247 -0.3506504
Grain 1 0.01745174 0.9998096 -0.0001522566 -0.008725185
Grain 2 0.1418793 0.9126499 -0.3780819 0.06320182
Grain 3 0.3472574 -0.8534389 0.3623733 0.1404992
Guest-2 OptGrain 1 18 347.4974 347.8113
Grain 0 -0.1784742 -0.6925461 -0.6046247 -0.3506504
Grain 1 0.01745174 0.9998096 -0.0001522566 -0.008725186
Grain 2 0.1418793 0.9126499 -0.3780819 0.06320182
Grain 3 0.3472574 -0.8534389 0.3623733 0.1404992
Guest-2 OptGrain 1 18 348.1315 348.4022
Grain 0 -0.1784742 -0.6925461 -0.6046247 -0.3506504
Grain 1 0.01745175 0.9998096 -0.0001522565 -0.008725187
Grain 2 0.1418793 0.9126499 -0.3780819 0.06320182
Grain 3 0.3472574 -0.8534389 0.3623733 0.1404992
Guest-2 OptGrain 1 18 348.9779 349.3198
Grain 0 -0.1784742 -0.6925461 -0.6046247 -0.3506504
Grain 1 0.01745175 0.9998096 -0.0001522566 -0.008725188
Grain 2 0.1418793 0.9126499 -0.3780819 0.06320182
Grain 3 0.3472574 -0.8534389 0.3623733 0.1404992
Guest-2 OptGrain 1 18 349.8107 350.1358
Grain 0 -0.1784742 -0.6925461 -0.6046247 -0.3506504
Grain 1 0.01745175 0.9998096 -0.0001522566 -0.008725189
Grain 2 0.1418793 0.9126499 -0.3780819 0.06320182
Grain 3 0.3472574 -0.8534389 0.3623733 0.1404992
Guest-2 ori 1831.24 1831.407
Grain 0 -0.1784742 -0.6925461 -0.6046247 -0.3506504
Grain 1 0.008664167 0.9999238 -0.001041176 -0.008742949
Grain 2 0.1418793 0.9126499 -0.3780819 0.06320182
Grain 3 0.3472574 -0.8534389 0.3623733 0.1404992
Guest-2 OptGrain 1 18 350.4434 350.756
Grain 0 -0.1784742 -0.6925461 -0.6046247 -0.3506504
Grain 1 0.01738971 0.99981 -0.001117432 -0.008733531
Grain 2 0.1418793 0.9126499 -0.3780819 0.06320182
Grain 3 0.3472574 -0.8534389 0.3623733 0.1404992
Guest-2 OptGrain 1 18 352.0132 352.3535
Grain 0 -0.1784742 -0.6925461 -0.6046247 -0.3506504
Grain 1 0.01738971 0.99981 -0.001117432 -0.008733531
Grain 2 0.1418793 0.9126499 -0.3780819 0.06320182
Grain 3 0.3472574 -0.8534389 0.3623733 0.1404992
Guest-2 OptGrain 1 18 353.0435 353.3834
Grain 0 -0.1784742 -0.6925461 -0.6046247 -0.3506504
Grain 1 0.01738971 0.99981 -0.001117432 -0.008733532
Grain 2 0.1418793 0.9126499 -0.3780819 0.06320182
Grain 3 0.3472574 -0.8534389 0.3623733 0.1404992
Guest-2 OptGrain 1 18 353.5914 353.7395
Grain 0 -0.1784742 -0.6925461 -0.6046247 -0.3506504
Grain 1 0.01738971 0.99981 -0.001117432 -0.008733533
Grain 2 0.1418793 0.9126499 -0.3780819 0.06320182
Grain 3 0.3472574 -0.8534389 0.3623733 0.1404992
Guest-2 ori 1835.74 1837.37
Grain 0 -0.1784742 -0.6925461 -0.6046247 -0.3506504
Grain 1 0.02403761 -0.5671071 0.1620061 0.8071963
Grain 2 0.1418793 0.9126499 -0.3780819 0.06320182
Grain 3 0.3472574 -0.8534389 0.3623733 0.1404992
Guest-2 ori 1838.401 1839.932
Grain 0 -0.1784742 -0.6925461 -0.6046247 -0.3506504
Grain 1 0.04761495 -0.954592 -0.01873321 0.2934896
Grain 2 0.1418793 0.9126499 -0.3780819 0.06320182
Grain 3 0.3472574 -0.8534389 0.3623733 0.1404992
Guest-2 ori 1842.713 1842.848
Grain 0 -0.1784742 -0.6925461 -0.6046247 -0.3506504
Grain 1 0.06879739 -0.9584798 0.04670781 0.272767
Grain 2 0.1418793 0.9126499 -0.3780819 0.06320182
Grain 3 0.3472574 -0.8534389 0.3623733 0.1404992
Guest-2 ori 1843.663 1843.798
Grain 0 -0.1784742 -0.6925461 -0.6046247 -0.3506504
Grain 1 0.07152051 -0.9733441 0.04242072 0.2137446
Grain 2 0.1418793 0.9126499 -0.3780819 0.06320182
Grain 3 0.3472574 -0.8534389 0.3623733 0.1404992
Guest-2 ori 1845.229 1845.347
Grain 0 -0.1784742 -0.6925461 -0.6046247 -0.3506504
Grain 1 0.07586294 -0.9912838 0.03405167 0.1021849
Grain 2 0.1418793 0.9126499 -0.3780819 0.06320182
Grain 3 0.3472574 -0.8534389 0.3623733 0.1404992
Guest-2 ori 1847.927 1848.061
Grain 0 -0.1784742 -0.6925461 -0.6046247 -0.3506504
Grain 1 0.1994771 -0.9798632 -0.0005430617 0.00876314
Grain 2 0.1418793 0.9126499 -0.3780819 0.06320182
Grain 3 0.3472574 -0.8534389 0.3623733 0.1404992
Guest-2 OptGrain 1 84 362.4665 366.3826
Grain 0 -0.1784742 -0.6925461 -0.6046247 -0.3506504
Grain 1 0.2420137 -0.970269 -0.00274005 0.0001954862
Grain 2 0.1418793 0.9126499 -0.3780819 0.06320182
Grain 3 0.3472574 -0.8534389 0.3623733 0.1404992
Guest-2 OptGrain 1 60 363.7998 366.3826
Grain 0 -0.1784742 -0.6925461 -0.6046247 -0.3506504
Grain 1 0.2420137 -0.970269 -0.00274005 0.0001954862
Grain 2 0.1418793 0.9126499 -0.3780819 0.06320182
Grain 3 0.3472574 -0.8534389 0.3623733 0.1404992
Guest-2 OptGrain 1 156 360.509 366.5163
Grain 0 -0.1784742 -0.6925461 -0.6046247 -0.3506504
Grain 1 0.2420137 -0.970269 -0.00274005 0.0001954862
Grain 2 0.1418793 0.9126499 -0.3780819 0.06320182
Grain 3 0.3472574 -0.8534389 0.3623733 0.1404992
Guest-2 OptGrain 1 108 361.5645 366.5163
Grain 0 -0.1784742 -0.6925461 -0.6046247 -0.3506504
Grain 1 0.2420137 -0.970269 -0.00274005 0.0001954862
Grain 2 0.1418793 0.9126499 -0.3780819 0.06320182
Grain 3 0.3472574 -0.8534389 0.3623733 0.1404992
Guest-2 OptGrain 0 12 373.8796 374.0904
Grain 0 -0.1845109 -0.6909623 -0.6076617 -0.3453608
Grain 1 0.165159 -0.9862279 -0.0002369372 0.008776715
Grain 2 0.1418793 0.9126499 -0.3780819 0.06320182
Grain 3 0.3472574 -0.8534389 0.3623733 0.1404992
Guest-2 OptGrain 0 24 375.4436 375.9248
Grain 0 -0.1882504 -0.6976238 -0.6060941 -0.3324648
Grain 1 0.165159 -0.9862279 -0.0002369372 0.008776715
Grain 2 0.1418793 0.9126499 -0.3780819 0.06320182
Grain 3 0.3472574 -0.8534389 0.3623733 0.1404992
Guest-2 ori 1859.02 1859.151
Grain 0 -0.1882502 -0.6976237 -0.6060942 -0.3324649
Grain 1 0.165159 -0.9862279 -0.0002369372 0.008776715
Grain 2 0.1418793 0.9126499 -0.3780819 0.06320182
Grain 3 0.3472574 -0.8534389 0.3623733 0.1404992
Guest-2 OptGrain 0 12 377.1931 377.403
Grain 0 -0.1882502 -0.6976237 -0.6060942 -0.3324649
Grain 1 0.165159 -0.9862279 -0.0002369372 0.008776715
Grain 2 0.1418793 0.9126499 -0.3780819 0.06320182
Grain 3 0.3472574 -0.8534389 0.3623733 0.1404992
Guest-2 OptGrain 0 18 379.2585 379.5901
Grain 0 -0.1882502 -0.6976237 -0.6060942 -0.3324649
Grain 1 0.165159 -0.9862279 -0.0002369372 0.008776715
Grain 2 0.1418793 0.9126499 -0.3780819 0.06320182
Grain 3 0.3472574 -0.8534389 0.3623733 0.1404992
Guest-2 OptGrain 0 18 380.4237 380.8105
Grain 0 -0.1882502 -0.6976237 -0.6060943 -0.3324649
Grain 1 0.165159 -0.9862279 -0.0002369372 0.008776715
Grain 2 0.1418793 0.9126499 -0.3780819 0.06320182
Grain 3 0.3472574 -0.8534389 0.3623733 0.1404992
Guest-2 OptGrain 0 18 381.4246 381.8108
Grain 0 -0.1882501 -0.6976237 -0.6060943 -0.3324649
Grain 1 0.165159 -0.9862279 -0.0002369372 0.008776715
Grain 2 0.1418793 0.9126499 -0.3780819 0.06320182
Grain 3 0.3472574 -0.8534389 0.3623733 0.1404992
Guest-2 OptGrain 0 18 382.5879 382.8955
Grain 0 -0.1882502 -0.6976236 -0.6060944 -0.3324649
Grain 1 0.165159 -0.9862279 -0.0002369372 0.008776715
Grain 2 0.1418793 0.9126499 -0.3780819 0.06320182
Grain 3 0.3472574 -0.8534389 0.3623733 0.1404992
Guest-2 OptGrain 0 18 383.4876 383.8751
Grain 0 -0.1882502 -0.6976236 -0.6060944 -0.3324649
Grain 1 0.165159 -0.9862279 -0.0002369372 0.008776715
Grain 2 0.1418793 0.9126499 -0.3780819 0.06320182
Grain 3 0.3472574 -0.8534389 0.3623733 0.1404992
Guest-2 OptGrain 0 18 384.5569 384.9445
Grain 0 -0.1882501 -0.6976236 -0.6060944 -0.3324649
Grain 1 0.165159 -0.9862279 -0.0002369372 0.008776715
Grain 2 0.1418793 0.9126499 -0.3780819 0.06320182
Grain 3 0.3472574 -0.8534389 0.3623733 0.1404992
Guest-2 OptGrain 0 18 385.97 386.3554
Grain 0 -0.1882501 -0.6976236 -0.6060944 -0.3324649
Grain 1 0.165159 -0.9862279 -0.0002369372 0.008776715
Grain 2 0.1418793 0.9126499 -0.3780819 0.06320182
Grain 3 0.3472574 -0.8534389 0.3623733 0.1404992
Guest-2 OptGrain 0 18 386.6355 386.9881
Grain 0 -0.1882501 -0.6976236 -0.6060944 -0.3324649
Grain 1 0.165159 -0.9862279 -0.0002369372 0.008776715
Grain 2 0.1418793 0.9126499 -0.3780819 0.06320182
Grain 3 0.3472574 -0.8534389 0.3623733 0.1404992
Guest-2 OptGrain 0 18 387.3347 387.672
Grain 0 -0.1882501 -0.6976236 -0.6060944 -0.3324649
Grain 1 0.165159 -0.9862279 -0.0002369372 0.008776715
Grain 2 0.1418793 0.9126499 -0.3780819 0.06320182
Grain 3 0.3472574 -0.8534389 0.3623733 0.1404992
Guest-2 OptGrain 0 12 387.7511 388.0844
Grain 0 -0.18825 -0.6976237 -0.6060943 -0.332465
Grain 1 0.165159 -0.9862279 -0.0002369372 0.008776715
Grain 2 0.1418793 0.9126499 -0.3780819 0.06320182
Grain 3 0.3472574 -0.8534389 0.3623733 0.1404992
Guest-2 OptGrain 0 12 387.7511 388.0844
Grain 0 -0.18825 -0.6976237 -0.6060943 -0.332465
Grain 1 0.165159 -0.9862279 -0.0002369372 0.008776715
Grain 2 0.1418793 0.9126499 -0.3780819 0.06320182
Grain 3 0.3472574 -0.8534389 0.3623733 0.1404992
Guest-2 OptGrain 0 12 388.6901 389.0235
Grain 0 -0.18825 -0.6976237 -0.6060942 -0.332465
Grain 1 0.165159 -0.9862279 -0.0002369372 0.008776715
Grain 2 0.1418793 0.9126499 -0.3780819 0.06320182
Grain 3 0.3472574 -0.8534389 0.3623733 0.1404992
Guest-2 OptGrain 0 24 388.498 389.2156
Grain 0 -0.18825 -0.6976237 -0.6060942 -0.332465
Grain 1 0.165159 -0.9862279 -0.0002369372 0.008776715
Grain 2 0.1418793 0.9126499 -0.3780819 0.06320182
Grain 3 0.3472574 -0.8534389 0.3623733 0.1404992
