Guest-5 ori 58.45732 63.30025
Grain 0 0 1 0 0
Grain 1 0 1 0 0
Grain 2 0 1 0 0
Grain 3 0.00748397 -0.9289353 0.3675373 0.04404012
Guest-5 OptGrain 3 12 25.68069 25.86583
Grain 0 0 1 0 0
Grain 1 0 1 0 0
Grain 2 0 1 0 0
Grain 3 0.007868003 -0.9256926 0.3756297 0.04397313
Guest-5 ori 76.24655 80.92268
Grain 0 0 1 0 0
Grain 1 0 1 0 0
Grain 2 0 1 0 0
Grain 3 0.05241841 0.9241339 -0.3646156 -0.1014122
Guest-5 ori 90.6565 93.32034
Grain 0 0 1 0 0
Grain 1 0 1 0 0
Grain 2 0 1 0 0
Grain 3 0.06676867 0.9172863 -0.3843663 -0.07994026
Guest-5 ori 97.92985 100.1917
Grain 0 0 1 0 0
Grain 1 0 1 0 0
Grain 2 0 1 0 0
Grain 3 0.06633916 0.9156066 -0.3883573 -0.08026444
Guest-5 ori 107.3483 113.9051
Grain 0 0.1009373 -0.9408523 -0.139355 -0.2918712
Grain 1 0 1 0 0
Grain 2 0 1 0 0
Grain 3 0.06633916 0.9156066 -0.3883573 -0.08026444
Guest-5 ori 117.499 119.0808
Grain 0 0.1009373 -0.9408523 -0.139355 -0.2918712
Grain 1 0.004173709 0.9953962 0.005612907 -0.09559019
Grain 2 0 1 0 0
Grain 3 0.06633916 0.9156066 -0.3883573 -0.08026444
Guest-5 ori 119.6962 122.1591
Grain 0 0.1009373 -0.9408523 -0.139355 -0.2918712
Grain 1 0.002658447 -0.9981349 0.00357495 -0.06088558
Grain 2 0 1 0 0
Grain 3 0.06633916 0.9156066 -0.3883573 -0.08026444
Guest-5 ori 132.0437 136.67
Grain 0 0.09567501 -0.9301237 -0.1429553 -0.3244686
Grain 1 0.002658447 -0.9981349 0.00357495 -0.06088558
Grain 2 0 1 0 0
Grain 3 0.06633916 0.9156066 -0.3883573 -0.08026444
Guest-5 ori 143.6259 151.3299
Grain 0 0.09567501 -0.9301237 -0.1429553 -0.3244686
Grain 1 0.002658447 -0.9981349 0.00357495 -0.06088558
Grain 2 0.3799797 0.8951552 0.2297788 -0.03891438
Grain 3 0.06633916 0.9156066 -0.3883573 -0.08026444
Guest-5 ori 157.8705 167.2895
Grain 0 0.04975402 0.896844 0.07849777 0.4324737
Grain 1 0.002658447 -0.9981349 0.00357495 -0.06088558
Grain 2 0.3799797 0.8951552 0.2297788 -0.03891438
Grain 3 0.06633916 0.9156066 -0.3883573 -0.08026444
Guest-5 ori 184.2467 190.0211
Grain 0 -0.01339786 -0.9049447 -0.1119466 -0.4103213
Grain 1 0.002658447 -0.9981349 0.00357495 -0.06088558
Grain 2 0.3799797 0.8951552 0.2297788 -0.03891438
Grain 3 0.06633916 0.9156066 -0.3883573 -0.08026444
Guest-5 OptGrain 0 96 141.6826 143.2564
Grain 0 -0.06300977 -0.8956407 -0.04557196 -0.4379278
Grain 1 0.002658447 -0.9981349 0.00357495 -0.06088558
Grain 2 0.3799797 0.8951552 0.2297788 -0.03891438
Grain 3 0.06633916 0.9156066 -0.3883573 -0.08026444
Guest-5 OptGrain 1 12 149.2871 149.4997
Grain 0 0.06260968 0.8994282 0.04612007 0.4300953
Grain 1 0.002127026 -0.9980657 0.01228507 -0.06090646
Grain 2 0.3799797 0.8951552 0.2297788 -0.03891438
Grain 3 0.06633916 0.9156066 -0.3883573 -0.08026444
Guest-5 OptGrain 2 30 155.2132 155.8669
Grain 0 0.06260968 0.8994282 0.04612007 0.4300953
Grain 1 0.002127026 -0.9980657 0.01228507 -0.06090646
Grain 2 0.3822272 0.8934505 0.2342599 -0.02776683
Grain 3 0.06633916 0.9156066 -0.3883573 -0.08026444
Guest-5 OptGrain 3 24 160.4449 160.8678
Grain 0 0.06260968 0.8994282 0.04612007 0.4300953
Grain 1 0.002127026 -0.9980657 0.01228507 -0.06090646
Grain 2 0.3822274 0.8934504 0.2342598 -0.02776682
Grain 3 0.05155896 0.9174119 -0.3887407 -0.06765926
Guest-5 ori 217.4454 217.4454
Grain 0 0.06260968 0.8994282 0.04612007 0.4300953
Grain 1 0.002127026 -0.9980657 0.01228507 -0.06090646
Grain 2 0.3822274 0.8934504 0.2342598 -0.02776682
Grain 3 0.05155893 0.9174119 -0.3887406 -0.06765922
Guest-5 OptGrain 3 12 167.9597 168.1225
Grain 0 0.06260968 0.8994282 0.04612007 0.4300953
Grain 1 0.002127026 -0.9980657 0.01228507 -0.06090646
Grain 2 0.3822274 0.8934504 0.2342598 -0.02776682
Grain 3 0.05155893 0.9174119 -0.3887406 -0.06765922
Guest-5 OptGrain 3 36 178.3286 178.9654
Grain 0 0.06260968 0.8994282 0.04612007 0.4300953
Grain 1 0.002127026 -0.9980657 0.01228507 -0.06090646
Grain 2 0.3822274 0.8934504 0.2342598 -0.02776682
Grain 3 0.0399443 0.9184057 -0.3885278 -0.06310073
Guest-5 ori 234.702 234.8186
Grain 0 0.06260968 0.8994282 0.04612007 0.4300953
Grain 1 0.002127026 -0.9980657 0.01228507 -0.06090646
Grain 2 0.3822274 0.8934504 0.2342598 -0.02776682
Grain 3 0.0393921 0.9149802 -0.3965275 -0.06344683
Guest-5 ori 235.8837 241.1256
Grain 0 0.06260968 0.8994282 0.04612007 0.4300953
Grain 1 0.002127026 -0.9980657 0.01228507 -0.06090646
Grain 2 0.3822274 0.8934504 0.2342598 -0.02776682
Grain 3 0.04466057 0.9156157 -0.3914994 -0.07988467
Guest-5 ori 242.4568 248.9632
Grain 0 0.06260968 0.8994282 0.04612007 0.4300953
Grain 1 0.002127026 -0.9980657 0.01228507 -0.06090646
Grain 2 0.3822274 0.8934504 0.2342598 -0.02776682
Grain 3 0.05209464 0.9171828 -0.3821669 -0.1000521
Guest-5 OptGrain 3 48 201.1084 201.9592
Grain 0 0.06260968 0.8994282 0.04612007 0.4300953
Grain 1 0.002127026 -0.9980657 0.01228507 -0.06090646
Grain 2 0.3822274 0.8934504 0.2342598 -0.02776682
Grain 3 0.0314277 0.9177782 -0.3923844 -0.05224936
Guest-5 ori 261.8101 267.7179
Grain 0 0.06260968 0.8994282 0.04612007 0.4300953
Grain 1 0.002127026 -0.9980657 0.01228507 -0.06090646
Grain 2 0.3800948 0.894302 0.2331718 -0.03718666
Grain 3 0.03485066 0.9172873 -0.3920951 -0.06025639
Guest-5 ori 280.1151 288.0854
Grain 0 0.05523589 0.8990598 0.05691925 0.4305818
Grain 1 0.002127026 -0.9980657 0.01228507 -0.06090646
Grain 2 0.3800948 0.894302 0.2331718 -0.03718666
Grain 3 0.03485066 0.9172873 -0.3920951 -0.06025639
Guest-5 ori 302.9618 322.6161
Grain 0 0.05523589 0.8990598 0.05691925 0.4305818
Grain 1 0.02195884 -0.9974283 -0.008211757 -0.06772883
Grain 2 0.3800948 0.894302 0.2331718 -0.03718666
Grain 3 0.03485066 0.9172873 -0.3920951 -0.06025639
Guest-5 OptGrain 1 12 280.8426 280.9821
Grain 0 0.05523589 0.8990598 0.05691925 0.4305818
Grain 1 0.02136696 -0.997462 0.0004926489 -0.06791788
Grain 2 0.3800948 0.894302 0.2331718 -0.03718666
Grain 3 0.03485066 0.9172873 -0.3920951 -0.06025639
Guest-5 OptGrain 3 24 294.9167 295.3401
Grain 0 0.05523589 0.8990598 0.05691925 0.4305818
Grain 1 0.02136696 -0.997462 0.0004926489 -0.06791788
Grain 2 0.3800948 0.894302 0.2331718 -0.03718666
Grain 3 0.02405129 0.9214571 -0.3837568 -0.05540004
Guest-5 ori 351.005 359.2931
Grain 0 0.05523589 0.8990598 0.05691925 0.4305818
Grain 1 0.02136696 -0.997462 0.0004926489 -0.06791788
Grain 2 0.3800948 0.894302 0.2331718 -0.03718666
Grain 3 0.03518163 0.9232898 -0.3752538 -0.07404693
