Guest-6 ori 16.36585 16.6329
Grain 0 0 1 0 0
Grain 1 0 1 0 0
Grain 2 0 1 0 0
Grain 3 0.09567668 0.9894642 0.004669881 0.108558
Guest-6 ori 16.99881 17.19867
Grain 0 0 1 0 0
Grain 1 0 1 0 0
Grain 2 0 1 0 0
Grain 3 0.1429343 -0.9880942 0.01199214 -0.05564008
Guest-6 ori 22.16561 22.90906
Grain 0 0 1 0 0
Grain 1 0 1 0 0
Grain 2 0 1 0 0
Grain 3 0.05188629 -0.9722469 -0.01033709 -0.2278965
Guest-6 ori 25.81357 26.07219
Grain 0 0 1 0 0
Grain 1 0 1 0 0
Grain 2 0 1 0 0
Grain 3 0.03523187 -0.9803653 -0.01245863 -0.193617
Guest-6 ori 26.78946 26.97131
Grain 0 0 1 0 0
Grain 1 0 1 0 0
Grain 2 0 1 0 0
Grain 3 0.02428035 0.9947635 0.01645847 0.09790355
Guest-6 ori 32.98317 33.05021
Grain 0 0 1 0 0
Grain 1 0 1 0 0
Grain 2 0 1 0 0
Grain 3 0.02876684 0.9937565 0.01663508 0.1065069
Guest-6 OptGrain 3 462 20.438 25.89432
Grain 0 0 1 0 0
Grain 1 0 1 0 0
Grain 2 0 1 0 0
Grain 3 0.352105 0.85593 0.1449721 0.3498415
Guest-6 ori 48.43347 48.70211
Grain 0 0 1 0 0
Grain 1 0 1 0 0
Grain 2 0.04800901 -0.9980778 3.643567E-06 -0.03918941
Grain 3 0.3521051 0.85593 0.1449721 0.3498415
Guest-6 ori 48.88427 49.06642
Grain 0 0 1 0 0
Grain 1 0 1 0 0
Grain 2 0.06523781 -0.9976221 0.003707651 -0.02191539
Grain 3 0.3521051 0.85593 0.1449721 0.3498415
Guest-6 ori 49.31544 49.52035
Grain 0 0 1 0 0
Grain 1 0 1 0 0
Grain 2 0.0906774 -0.9948654 0.01261656 0.0431438
Grain 3 0.3521051 0.85593 0.1449721 0.3498415
Guest-6 ori 94.63964 98.70154
Grain 0 0 1 0 0
Grain 1 0 1 0 0
Grain 2 0.4424579 -0.8817913 -0.1626414 -0.01493464
Grain 3 0.3521051 0.85593 0.1449721 0.3498415
Guest-6 ori 99.28944 107.4266
Grain 0 0 1 0 0
Grain 1 0 1 0 0
Grain 2 0.3292778 -0.8152041 -0.2467297 -0.4076065
Grain 3 0.3521051 0.85593 0.1449721 0.3498415
Guest-6 ori 107.931 109.4903
Grain 0 0 1 0 0
Grain 1 0 1 0 0
Grain 2 0.3520479 -0.8729957 -0.2030124 -0.2696792
Grain 3 0.3521051 0.85593 0.1449721 0.3498415
Guest-6 ori 110.2458 111.9111
Grain 0 0 1 0 0
Grain 1 0 1 0 0
Grain 2 0.2993605 -0.8933843 -0.1965589 -0.2713161
Grain 3 0.3521051 0.85593 0.1449721 0.3498415
Guest-6 ori 112.3054 113.1705
Grain 0 0 1 0 0
Grain 1 0 1 0 0
Grain 2 0.3455477 -0.8633429 -0.2101361 -0.3017926
Grain 3 0.3521051 0.85593 0.1449721 0.3498415
Guest-6 ori 113.9903 117.3676
Grain 0 0 1 0 0
Grain 1 0 1 0 0
Grain 2 0.3476196 -0.8588237 -0.214376 -0.3092338
Grain 3 0.3521051 0.85593 0.1449721 0.3498415
Guest-6 ori 125.7475 129.7596
Grain 0 0 1 0 0
Grain 1 0.03569485 -0.9962699 -0.07575092 -0.02083396
Grain 2 0.3378622 -0.859642 -0.2159776 -0.3165729
Grain 3 0.3521051 0.85593 0.1449721 0.3498415
Guest-6 ori 134.8866 140.0936
Grain 0 0.06050881 0.9626926 -0.02662168 0.2623988
Grain 1 0.03805684 -0.9958974 -0.07940045 -0.02087508
Grain 2 0.3378622 -0.859642 -0.2159776 -0.3165729
Grain 3 0.3521051 0.85593 0.1449721 0.3498415
Guest-6 ori 140.5978 149.6182
Grain 0 0.03847209 0.9900958 -0.03596247 0.1301422
Grain 1 0.03805684 -0.9958974 -0.07940045 -0.02087508
Grain 2 0.3378622 -0.859642 -0.2159776 -0.3165729
Grain 3 0.3521051 0.85593 0.1449721 0.3498415
Guest-6 ori 154.4479 161.5081
Grain 0 0.02831428 0.9906991 -0.02772845 0.1301726
Grain 1 0.03742066 0.9373409 0.2783817 -0.2061444
Grain 2 0.3378622 -0.859642 -0.2159776 -0.3165729
Grain 3 0.3521051 0.85593 0.1449721 0.3498415
Guest-6 ori 166.4856 169.4489
Grain 0 0.02831428 0.9906991 -0.02772845 0.1301726
Grain 1 0.04367284 0.9351458 0.2839421 -0.2072966
Grain 2 0.4513886 -0.7874774 -0.1000145 -0.4075842
Grain 3 0.3521051 0.85593 0.1449721 0.3498415
Guest-6 ori 171.1805 175.0424
Grain 0 0.02831428 0.9906991 -0.02772845 0.1301726
Grain 1 0.04367284 0.9351458 0.2839421 -0.2072966
Grain 2 0.5160708 -0.6656954 -0.2579091 -0.4732901
Grain 3 0.3521051 0.85593 0.1449721 0.3498415
Guest-6 ori 175.9778 183.4678
Grain 0 0.02831428 0.9906991 -0.02772845 0.1301726
Grain 1 0.04367284 0.9351458 0.2839421 -0.2072966
Grain 2 0.3896021 -0.6949298 -0.2634746 -0.5439339
Grain 3 0.3521051 0.85593 0.1449721 0.3498415
Guest-6 ori 184.1187 185.8546
Grain 0 0.02831428 0.9906991 -0.02772845 0.1301726
Grain 1 0.04367284 0.9351458 0.2839421 -0.2072966
Grain 2 0.3326187 -0.7859799 -0.1705771 -0.4924468
Grain 3 0.3521051 0.85593 0.1449721 0.3498415
Guest-6 ori 186.3995 194.8565
Grain 0 0.02831428 0.9906991 -0.02772845 0.1301726
Grain 1 0.04367284 0.9351458 0.2839421 -0.2072966
Grain 2 0.6890963 -0.5401065 -0.2403683 -0.4191115
Grain 3 0.3521051 0.85593 0.1449721 0.3498415
Guest-6 ori 195.5569 198.0748
Grain 0 0.02831428 0.9906991 -0.02772845 0.1301726
Grain 1 0.04367284 0.9351458 0.2839421 -0.2072966
Grain 2 0.5861357 -0.6196426 -0.2044 -0.4803215
Grain 3 0.3521051 0.85593 0.1449721 0.3498415
Guest-6 ori 204.5143 211.1415
Grain 0 0.02831428 0.9906991 -0.02772845 0.1301726
Grain 1 0.04367284 0.9351458 0.2839421 -0.2072966
Grain 2 0.5861357 -0.6196426 -0.2044 -0.4803215
Grain 3 0.4541118 0.7155111 0.08129332 0.5246121
Guest-6 ori 213.7384 219.1494
Grain 0 0.02831428 0.9906991 -0.02772845 0.1301726
Grain 1 0.04367284 0.9351458 0.2839421 -0.2072966
Grain 2 0.5861357 -0.6196426 -0.2044 -0.4803215
Grain 3 0.2355887 0.8699013 0.1090866 0.4193684
Guest-6 ori 219.9992 224.3784
Grain 0 0.02831428 0.9906991 -0.02772845 0.1301726
Grain 1 0.04367284 0.9351458 0.2839421 -0.2072966
Grain 2 0.5861357 -0.6196426 -0.2044 -0.4803215
Grain 3 0.2695153 0.7950971 0.104415 0.5331789
Guest-6 ori 225.1106 228.2907
Grain 0 0.02831428 0.9906991 -0.02772845 0.1301726
Grain 1 0.04367284 0.9351458 0.2839421 -0.2072966
Grain 2 0.5861357 -0.6196426 -0.2044 -0.4803215
Grain 3 0.2730845 0.8719084 0.1272492 0.3860159
Guest-6 ori 229.0091 230.7396
Grain 0 0.02831428 0.9906991 -0.02772845 0.1301726
Grain 1 0.04367284 0.9351458 0.2839421 -0.2072966
Grain 2 0.5861357 -0.6196426 -0.2044 -0.4803215
Grain 3 0.3565621 0.6873144 0.08755209 0.6267353
Guest-6 ori 231.5261 232.454
Grain 0 0.02831428 0.9906991 -0.02772845 0.1301726
Grain 1 0.04367284 0.9351458 0.2839421 -0.2072966
Grain 2 0.5861357 -0.6196426 -0.2044 -0.4803215
Grain 3 0.4165137 0.5645096 0.07196341 0.7089899
Guest-6 ori 233.2692 236.05
Grain 0 0.02831428 0.9906991 -0.02772845 0.1301726
Grain 1 0.04367284 0.9351458 0.2839421 -0.2072966
Grain 2 0.5861357 -0.6196426 -0.2044 -0.4803215
Grain 3 0.4223036 0.5841545 0.08408913 0.688006
Guest-6 ori 244.2083 246.2777
Grain 0 0.02831428 0.9906991 -0.02772845 0.1301726
Grain 1 0.0435707 0.9360471 0.2868307 -0.199112
Grain 2 0.5861357 -0.6196426 -0.2044 -0.4803215
Grain 3 0.4186307 0.5822369 0.0820685 0.6921079
Guest-6 ori 247.1227 248.3914
Grain 0 0.02831428 0.9906991 -0.02772845 0.1301726
Grain 1 0.1290227 -0.9688321 -0.1542334 0.1446708
Grain 2 0.5861357 -0.6196426 -0.2044 -0.4803215
Grain 3 0.4186307 0.5822369 0.0820685 0.6921079
Guest-6 ori 249.4033 253.2718
Grain 0 0.02831428 0.9906991 -0.02772845 0.1301726
Grain 1 0.09211916 0.9230821 0.3734008 0.002353072
Grain 2 0.5861357 -0.6196426 -0.2044 -0.4803215
Grain 3 0.4186307 0.5822369 0.0820685 0.6921079
Guest-6 ori 253.9862 259.0445
Grain 0 0.02831428 0.9906991 -0.02772845 0.1301726
Grain 1 0.07654581 -0.8983193 -0.3067453 -0.3050746
Grain 2 0.5861357 -0.6196426 -0.2044 -0.4803215
Grain 3 0.4186307 0.5822369 0.0820685 0.6921079
Guest-6 ori 260.7974 263.7066
Grain 0 0.02831428 0.9906991 -0.02772845 0.1301726
Grain 1 0.08966743 -0.8963171 -0.2840637 -0.3284558
Grain 2 0.5861357 -0.6196426 -0.2044 -0.4803215
Grain 3 0.4186307 0.5822369 0.0820685 0.6921079
Guest-6 ori 270.019 273.1462
Grain 0 0.01264001 -0.9956937 0.07668832 -0.05052926
Grain 1 0.08966743 -0.8963171 -0.2840637 -0.3284558
Grain 2 0.5861357 -0.6196426 -0.2044 -0.4803215
Grain 3 0.4186307 0.5822369 0.0820685 0.6921079
Guest-6 ori 274.1962 275.1946
Grain 0 0.05285226 -0.9913268 0.1196713 0.01251528
Grain 1 0.08966743 -0.8963171 -0.2840637 -0.3284558
Grain 2 0.5861357 -0.6196426 -0.2044 -0.4803215
Grain 3 0.4186307 0.5822369 0.0820685 0.6921079
Guest-6 ori 277.542 281.9221
Grain 0 0.08193126 0.9931752 -0.03561005 0.07498119
Grain 1 0.08966743 -0.8963171 -0.2840637 -0.3284558
Grain 2 0.5861357 -0.6196426 -0.2044 -0.4803215
Grain 3 0.4186307 0.5822369 0.0820685 0.6921079
Guest-6 ori 287.5998 288.6819
Grain 0 0.08193126 0.9931752 -0.03561005 0.07498119
Grain 1 0.08966743 -0.8963171 -0.2840637 -0.3284558
Grain 2 0.5861357 -0.6196426 -0.2044 -0.4803215
Grain 3 0.4240947 0.6021665 0.1338962 0.6630317
Guest-6 ori 289.6493 297.7106
Grain 0 0.08193126 0.9931752 -0.03561005 0.07498119
Grain 1 0.08966743 -0.8963171 -0.2840637 -0.3284558
Grain 2 0.5861357 -0.6196426 -0.2044 -0.4803215
Grain 3 0.607349 0.4140135 -0.02821013 0.6774395
Guest-6 ori 298.8727 301.002
Grain 0 0.08193126 0.9931752 -0.03561005 0.07498119
Grain 1 0.08966743 -0.8963171 -0.2840637 -0.3284558
Grain 2 0.5861357 -0.6196426 -0.2044 -0.4803215
Grain 3 0.6703607 0.4587386 -0.03725947 0.5820543
Guest-6 ori 301.6245 303.567
Grain 0 0.08193126 0.9931752 -0.03561005 0.07498119
Grain 1 0.08966743 -0.8963171 -0.2840637 -0.3284558
Grain 2 0.5861357 -0.6196426 -0.2044 -0.4803215
Grain 3 -0.32208 -0.2016354 -0.09468884 -0.9201313
Guest-6 ori 304.119 305.8165
Grain 0 0.08193126 0.9931752 -0.03561005 0.07498119
Grain 1 0.08966743 -0.8963171 -0.2840637 -0.3284558
Grain 2 0.5861357 -0.6196426 -0.2044 -0.4803215
Grain 3 0.4744099 -0.09077168 0.04327283 0.8745418
Guest-6 ori 306.6331 307.447
Grain 0 0.08193126 0.9931752 -0.03561005 0.07498119
Grain 1 0.08966743 -0.8963171 -0.2840637 -0.3284558
Grain 2 0.5861357 -0.6196426 -0.2044 -0.4803215
Grain 3 0.5867232 -0.1252677 0.02225982 0.7997302
Guest-6 ori 308.4174 308.9617
Grain 0 0.08193126 0.9931752 -0.03561005 0.07498119
Grain 1 0.08966743 -0.8963171 -0.2840637 -0.3284558
Grain 2 0.5861357 -0.6196426 -0.2044 -0.4803215
Grain 3 0.5618021 -0.05628623 0.06267888 0.8229712
Guest-6 ori 312.1448 316.1725
Grain 0 0.08193126 0.9931752 -0.03561005 0.07498119
Grain 1 0.08966743 -0.8963171 -0.2840637 -0.3284558
Grain 2 0.5889052 -0.5466307 -0.06546868 -0.591692
Grain 3 0.5692562 -0.0590113 0.06029875 0.8178197
Guest-6 ori 316.9225 320.3331
Grain 0 0.08193126 0.9931752 -0.03561005 0.07498119
Grain 1 0.08966743 -0.8963171 -0.2840637 -0.3284558
Grain 2 0.5688244 -0.648074 -0.1715421 -0.4764579
Grain 3 0.5692562 -0.0590113 0.06029875 0.8178197
Guest-6 ori 320.9861 321.5722
Grain 0 0.08193126 0.9931752 -0.03561005 0.07498119
Grain 1 0.08966743 -0.8963171 -0.2840637 -0.3284558
Grain 2 0.5599744 -0.6609495 -0.2018486 -0.4569809
Grain 3 0.5692562 -0.0590113 0.06029875 0.8178197
Guest-6 ori 322.1333 326.3176
Grain 0 0.08193126 0.9931752 -0.03561005 0.07498119
Grain 1 0.08966743 -0.8963171 -0.2840637 -0.3284558
Grain 2 0.5513507 -0.6494852 -0.2255111 -0.472574
Grain 3 0.5692562 -0.0590113 0.06029875 0.8178197
Guest-6 ori 334.7369 336.3705
Grain 0 0.1224794 0.9797981 0.04401273 0.1518466
Grain 1 0.08966743 -0.8963171 -0.2840637 -0.3284558
Grain 2 0.5513507 -0.6494852 -0.2255111 -0.472574
Grain 3 0.5692562 -0.0590113 0.06029875 0.8178197
Guest-6 ori 337.0347 338.7315
Grain 0 0.08814988 0.9901724 -0.01729538 0.1071872
Grain 1 0.08966743 -0.8963171 -0.2840637 -0.3284558
Grain 2 0.5513507 -0.6494852 -0.2255111 -0.472574
Grain 3 0.5692562 -0.0590113 0.06029875 0.8178197
Guest-6 ori 339.6486 342.745
Grain 0 0.0726226 0.9953396 -0.06000479 0.02060106
Grain 1 0.08966743 -0.8963171 -0.2840637 -0.3284558
Grain 2 0.5513507 -0.6494852 -0.2255111 -0.472574
Grain 3 0.5692562 -0.0590113 0.06029875 0.8178197
Guest-6 ori 343.4509 345.4117
Grain 0 0.09873205 0.9900451 -0.007509822 0.1000321
Grain 1 0.08966743 -0.8963171 -0.2840637 -0.3284558
Grain 2 0.5513507 -0.6494852 -0.2255111 -0.472574
Grain 3 0.5692562 -0.0590113 0.06029875 0.8178197
Guest-6 ori 346.0423 350.8534
Grain 0 0.1954734 -0.8956352 0.1874686 -0.3528218
Grain 1 0.08966743 -0.8963171 -0.2840637 -0.3284558
Grain 2 0.5513507 -0.6494852 -0.2255111 -0.472574
Grain 3 0.5692562 -0.0590113 0.06029875 0.8178197
Guest-6 ori 351.7198 353.5909
Grain 0 0.1885548 -0.9025678 0.1822382 -0.3414786
Grain 1 0.08966743 -0.8963171 -0.2840637 -0.3284558
Grain 2 0.5513507 -0.6494852 -0.2255111 -0.472574
Grain 3 0.5692562 -0.0590113 0.06029875 0.8178197
Guest-6 ori 354.3 355.2881
Grain 0 0.171572 -0.9230117 0.1904771 -0.2869337
Grain 1 0.08966743 -0.8963171 -0.2840637 -0.3284558
Grain 2 0.5513507 -0.6494852 -0.2255111 -0.472574
Grain 3 0.5692562 -0.0590113 0.06029875 0.8178197
Guest-6 ori 361.6607 365.6399
Grain 0 0.1728803 -0.9218919 0.1944842 -0.2870606
Grain 1 0.07629313 -0.6050156 -0.3749537 -0.6982445
Grain 2 0.5513507 -0.6494852 -0.2255111 -0.472574
Grain 3 0.5692562 -0.0590113 0.06029875 0.8178197
Guest-6 ori 366.358 370.3515
Grain 0 0.1728803 -0.9218919 0.1944842 -0.2870606
Grain 1 0.08103195 -0.6694208 -0.3819022 -0.6320288
Grain 2 0.5513507 -0.6494852 -0.2255111 -0.472574
Grain 3 0.5692562 -0.0590113 0.06029875 0.8178197
Guest-6 ori 371.2896 374.2646
Grain 0 0.1728803 -0.9218919 0.1944842 -0.2870606
Grain 1 0.1202072 -0.7272521 -0.3863663 -0.5544147
Grain 2 0.5513507 -0.6494852 -0.2255111 -0.472574
Grain 3 0.5692562 -0.0590113 0.06029875 0.8178197
Guest-6 ori 375.113 378.5766
Grain 0 0.1728803 -0.9218919 0.1944842 -0.2870606
Grain 1 0.04746959 -0.7227963 -0.3839425 -0.5726259
Grain 2 0.5513507 -0.6494852 -0.2255111 -0.472574
Grain 3 0.5692562 -0.0590113 0.06029875 0.8178197
Guest-6 ori 380.193 383.8552
Grain 0 0.1728803 -0.9218919 0.1944842 -0.2870606
Grain 1 0.074452 -0.6348656 -0.3827609 -0.6670057
Grain 2 0.5513507 -0.6494852 -0.2255111 -0.472574
Grain 3 0.5692562 -0.0590113 0.06029875 0.8178197
Guest-6 ori 384.6385 387.8512
Grain 0 0.1728803 -0.9218919 0.1944842 -0.2870606
Grain 1 0.09880508 -0.7565423 -0.394147 -0.5123762
Grain 2 0.5513507 -0.6494852 -0.2255111 -0.472574
Grain 3 0.5692562 -0.0590113 0.06029875 0.8178197
Guest-6 ori 388.7396 392.2465
Grain 0 0.1728803 -0.9218919 0.1944842 -0.2870606
Grain 1 0.06034908 -0.7456347 -0.3897473 -0.5371071
Grain 2 0.5513507 -0.6494852 -0.2255111 -0.472574
Grain 3 0.5692562 -0.0590113 0.06029875 0.8178197
