Guest-4 ori 48.8079 51.0817
Grain 0 0 1 0 0
Grain 1 0 1 0 0
Grain 2 0 1 0 0
Grain 3 0.07987389 0.9789384 -0.03642186 0.1843182
Guest-4 ori 52.9306 55.2796
Grain 0 0 1 0 0
Grain 1 0 1 0 0
Grain 2 0 1 0 0
Grain 3 0.4324225 0.8412182 0.08790889 0.3124655
Guest-4 ori 58.2453 66.8458
Grain 0 0 1 0 0
Grain 1 0 1 0 0
Grain 2 0.91719 0.3454918 0.03071415 0.1960986
Grain 3 0.4324225 0.8412182 0.08790889 0.3124655
Guest-4 ori 72.1049 73.6385
Grain 0 0 1 0 0
Grain 1 0 1 0 0
Grain 2 0.8705062 0.3097134 0.3683633 0.1029811
Grain 3 0.4324225 0.8412182 0.08790889 0.3124655
Guest-4 ori 77.2194 80.2682
Grain 0 0 1 0 0
Grain 1 0 1 0 0
Grain 2 0.8764648 0.3213096 0.347978 0.08649208
Grain 3 0.4324225 0.8412182 0.08790889 0.3124655
Guest-4 ori 89.125 98.6441
Grain 0 0 1 0 0
Grain 1 0 1 0 0
Grain 2 0.8753207 0.3208422 0.3517264 0.0846317
Grain 3 0.4244613 0.8209762 0.223922 0.3093374
Guest-4 ori 104.5751 120.6842
Grain 0 0.05031835 0.9918175 -0.104639 0.05307485
Grain 1 0 1 0 0
Grain 2 0.8753207 0.3208422 0.3517264 0.0846317
Grain 3 0.4244613 0.8209762 0.223922 0.3093374
Guest-4 ori 126.613 130.7476
Grain 0 0.05031835 0.9918175 -0.104639 0.05307485
Grain 1 0 1 0 0
Grain 2 0.8753207 0.3208422 0.3517264 0.0846317
Grain 3 0.4236068 0.8280388 0.2239773 0.2911071
Guest-4 ori 137.244 149.3065
Grain 0 0.05031835 0.9918175 -0.104639 0.05307485
Grain 1 0.147898 0.9313843 0.2810036 -0.1780074
Grain 2 0.8753207 0.3208422 0.3517264 0.0846317
Grain 3 0.4236068 0.8280388 0.2239773 0.2911071
Guest-4 ori 153.3042 160.5335
Grain 0 0.05031835 0.9918175 -0.104639 0.05307485
Grain 1 0.147898 0.9313843 0.2810036 -0.1780074
Grain 2 -0.05439607 -0.3361301 -0.09918223 -0.9349976
Grain 3 0.4236068 0.8280388 0.2239773 0.2911071
Guest-4 ori 170.6481 173.0386
Grain 0 0.05031835 0.9918175 -0.104639 0.05307485
Grain 1 0.147898 0.9313843 0.2810036 -0.1780074
Grain 2 -0.04769635 -0.4268735 -0.1967416 -0.8813608
Grain 3 0.4236068 0.8280388 0.2239773 0.2911071
Guest-4 ori 174.0425 178.8161
Grain 0 0.05031835 0.9918175 -0.104639 0.05307485
Grain 1 0.147898 0.9313843 0.2810036 -0.1780074
Grain 2 0.09055551 -0.3171994 -0.3006994 -0.8948543
Grain 3 0.4236068 0.8280388 0.2239773 0.2911071
Guest-4 ori 184.438 187.4119
Grain 0 0.05031835 0.9918175 -0.104639 0.05307485
Grain 1 0.147898 0.9313843 0.2810036 -0.1780074
Grain 2 0.09055551 -0.3171994 -0.3006994 -0.8948543
Grain 3 0.4987285 0.747989 0.4372256 -0.02482286
Guest-4 ori 197.4403 204.0612
Grain 0 0.05031835 0.9918175 -0.104639 0.05307485
Grain 1 0.3394234 0.880029 0.04633633 -0.3289279
Grain 2 0.09055551 -0.3171994 -0.3006994 -0.8948543
Grain 3 0.4968999 0.7500702 0.4354119 -0.03002979
Guest-4 ori 210.6687 219.2977
Grain 0 0.05031835 0.9918175 -0.104639 0.05307485
Grain 1 0.3385791 -0.7426177 0.2449386 0.5233434
Grain 2 0.09055551 -0.3171994 -0.3006994 -0.8948543
Grain 3 0.4968999 0.7500702 0.4354119 -0.03002979
Guest-4 ori 227.6686 235.5066
Grain 0 0.05031835 0.9918175 -0.104639 0.05307485
Grain 1 0.3385791 -0.7426177 0.2449386 0.5233434
Grain 2 -0.1273615 0.06695382 0.09241099 -0.9852698
Grain 3 0.4968999 0.7500702 0.4354119 -0.03002979
Guest-4 ori 238.6725 246.4884
Grain 0 0.05031835 0.9918175 -0.104639 0.05307485
Grain 1 0.3385791 -0.7426177 0.2449386 0.5233434
Grain 2 0.01107502 -0.5420173 0.05985766 0.8381597
Grain 3 0.4968999 0.7500702 0.4354119 -0.03002979
Guest-4 ori 257.2636 265.4665
Grain 0 0.00823285 0.9992093 0.001468648 0.03886981
Grain 1 0.3385791 -0.7426177 0.2449386 0.5233434
Grain 2 0.007027686 -0.5422778 0.05824907 0.8381482
Grain 3 0.4968999 0.7500702 0.4354119 -0.03002979
Guest-4 ori 266.626 266.7149
Grain 0 0.00823285 0.9992093 0.001468648 0.03886981
Grain 1 0.3385791 -0.7426177 0.2449386 0.5233434
Grain 2 0.007027686 -0.5422778 0.05824907 0.8381482
Grain 3 0.4968999 0.7500702 0.4354119 -0.03002979
Guest-4 ori 276.9384 284.6961
Grain 0 0.007211716 0.9984246 -0.02042862 0.05175833
Grain 1 0.3385791 -0.7426177 0.2449386 0.5233434
Grain 2 0.06147822 -0.4407387 0.1728167 0.8786946
Grain 3 0.4968999 0.7500702 0.4354119 -0.03002979
Guest-4 ori 287.234 291.3495
Grain 0 0.007211716 0.9984246 -0.02042862 0.05175833
Grain 1 0.3385791 -0.7426177 0.2449386 0.5233434
Grain 2 0.01044559 0.8731734 0.3533939 -0.3355172
Grain 3 0.4968999 0.7500702 0.4354119 -0.03002979
Guest-4 ori 295.9806 300.8113
Grain 0 0.007211716 0.9984246 -0.02042862 0.05175833
Grain 1 0.3385791 -0.7426177 0.2449386 0.5233434
Grain 2 0.01044559 0.8731734 0.3533939 -0.3355172
Grain 3 0.1855007 0.4598801 0.7960451 -0.3470041
Guest-4 ori 306.4592 308.6963
Grain 0 0.007211716 0.9984246 -0.02042862 0.05175833
Grain 1 0.2796761 -0.7826035 0.413001 0.3724826
Grain 2 0.01044559 0.8731734 0.3533939 -0.3355172
Grain 3 0.1830845 0.4664982 0.7916023 -0.3496074
Guest-4 ori 322.8213 324.3512
Grain 0 0.007211716 0.9984246 -0.02042862 0.05175833
Grain 1 0.2796761 -0.7826035 0.413001 0.3724826
Grain 2 0.01044559 0.8731734 0.3533939 -0.3355172
Grain 3 0.1548618 0.6915656 0.5817116 -0.3992072
Guest-4 ori 325.1401 328.1005
Grain 0 0.007211716 0.9984246 -0.02042862 0.05175833
Grain 1 0.2796761 -0.7826035 0.413001 0.3724826
Grain 2 0.01044559 0.8731734 0.3533939 -0.3355172
Grain 3 0.1480671 0.6399446 0.6398332 -0.3989495
Guest-4 ori 333.7474 337.463
Grain 0 0.007211716 0.9984246 -0.02042862 0.05175833
Grain 1 0.6648709 0.5748436 -0.1378399 -0.4566201
Grain 2 0.01044559 0.8731734 0.3533939 -0.3355172
Grain 3 0.1578248 0.6373487 0.6437443 -0.3930282
Guest-4 ori 339.7774 345.741
Grain 0 0.007211716 0.9984246 -0.02042862 0.05175833
Grain 1 0.6648709 0.5748436 -0.1378399 -0.4566201
Grain 2 0.8558073 -0.3390168 -0.379733 0.09200164
Grain 3 0.1578248 0.6373487 0.6437443 -0.3930282
Guest-4 ori 348.6905 352.7813
Grain 0 -0.2018807 0.05820301 0.7254457 0.6554275
Grain 1 0.6648709 0.5748436 -0.1378399 -0.4566201
Grain 2 0.8558073 -0.3390168 -0.379733 0.09200164
Grain 3 0.1578248 0.6373487 0.6437443 -0.3930282
Guest-4 ori 354.806 363.6508
Grain 0 -0.2018807 0.05820301 0.7254457 0.6554275
Grain 1 0.6648709 0.5748436 -0.1378399 -0.4566201
Grain 2 0.8558073 -0.3390168 -0.379733 0.09200164
Grain 3 0.4556767 -0.5920311 -0.6244518 0.2278551
Guest-4 ori 371.631 375.7298
Grain 0 -0.2018807 0.05820301 0.7254457 0.6554275
Grain 1 0.6947836 0.628379 -0.1930964 -0.2917693
Grain 2 0.8558073 -0.3390168 -0.379733 0.09200164
Grain 3 0.4556767 -0.5920311 -0.6244518 0.2278551
