Guest-4 ori 52.06421 52.61528
Grain 0 0 1 0 0
Grain 1 0 1 0 0
Grain 2 0 1 0 0
Grain 3 0.4111345 -0.8151829 -0.4017028 0.07127558
Guest-4 ori 57.25396 57.88707
Grain 0 0 1 0 0
Grain 1 0 1 0 0
Grain 2 0 1 0 0
Grain 3 0.4306235 -0.7224847 -0.2595564 0.4745628
Guest-4 ori 58.73857 59.93916
Grain 0 0 1 0 0
Grain 1 0 1 0 0
Grain 2 0 1 0 0
Grain 3 0.4170123 -0.809248 -0.2878701 0.2972361
Guest-4 ori 60.52317 63.0943
Grain 0 0 1 0 0
Grain 1 0 1 0 0
Grain 2 0 1 0 0
Grain 3 0.1393869 -0.5020649 -0.8494099 -0.08369536
Guest-4 ori 63.82698 69.43485
Grain 0 0 1 0 0
Grain 1 0 1 0 0
Grain 2 0 1 0 0
Grain 3 -0.3019551 0.358839 0.8298269 -0.3023987
Guest-4 ori 75.45638 79.26047
Grain 0 0 1 0 0
Grain 1 0 1 0 0
Grain 2 0 1 0 0
Grain 3 -0.3750217 0.4308894 0.7726285 -0.2770168
Guest-4 ori 81.37968 83.08344
Grain 0 0 1 0 0
Grain 1 0 1 0 0
Grain 2 0 1 0 0
Grain 3 -0.4196373 0.2968974 0.810429 -0.2810007
Guest-4 ori 84.49969 84.85013
Grain 0 0 1 0 0
Grain 1 0 1 0 0
Grain 2 0 1 0 0
Grain 3 -0.2868605 0.2615025 0.8764302 -0.2849521
Guest-4 ori 85.51756 86.28577
Grain 0 0 1 0 0
Grain 1 0 1 0 0
Grain 2 0 1 0 0
Grain 3 0.09436972 0.2958908 0.9029544 -0.2970125
Guest-4 ori 86.98582 87.28712
Grain 0 0 1 0 0
Grain 1 0 1 0 0
Grain 2 0 1 0 0
Grain 3 0.09436972 0.2958908 0.9029544 -0.2970125
Guest-4 ori 87.56997 88.02085
Grain 0 0 1 0 0
Grain 1 0 1 0 0
Grain 2 0 1 0 0
Grain 3 0.1008774 0.2859309 0.9072466 -0.2914979
Guest-4 ori 89.07207 90.05607
Grain 0 0 1 0 0
Grain 1 0 1 0 0
Grain 2 0 1 0 0
Grain 3 0.2734691 0.3431757 0.8438535 -0.3087984
Guest-4 ori 91.15697 91.69138
Grain 0 0 1 0 0
Grain 1 0 1 0 0
Grain 2 0 1 0 0
Grain 3 0.4469486 0.4038991 0.732858 -0.316262
Guest-4 ori 92.37501 94.96131
Grain 0 0 1 0 0
Grain 1 0 1 0 0
Grain 2 0 1 0 0
Grain 3 0.4416809 0.3241401 0.8318977 -0.08830368
Guest-4 ori 95.8139 96.26433
Grain 0 0 1 0 0
Grain 1 0 1 0 0
Grain 2 0 1 0 0
Grain 3 0.3164599 0.3325737 0.8835509 -0.09265981
Guest-4 ori 97.18092 99.48296
Grain 0 0 1 0 0
Grain 1 0 1 0 0
Grain 2 0 1 0 0
Grain 3 0.2676871 0.5710625 0.7268168 -0.2719717
Guest-4 ori 104.2218 106.9249
Grain 0 0 1 0 0
Grain 1 0 1 0 0
Grain 2 0.3676256 -0.8973521 0.1211993 0.2119466
Grain 3 0.2679058 0.5685099 0.7295609 -0.269748
Guest-4 ori 107.8256 111.7975
Grain 0 0 1 0 0
Grain 1 0 1 0 0
Grain 2 0.3998325 -0.8695225 0.04274704 -0.2867703
Grain 3 0.2679058 0.5685099 0.7295609 -0.269748
Guest-4 ori 118.8218 130.6335
Grain 0 0 1 0 0
Grain 1 0 1 0 0
Grain 2 0.3998325 -0.8695225 0.04274704 -0.2867703
Grain 3 0.2288275 -0.7355351 -0.5525743 -0.3182574
Guest-4 ori 139.0931 143.9487
Grain 0 0 1 0 0
Grain 1 0 1 0 0
Grain 2 0.4939246 -0.7538238 0.0964533 -0.4224749
Grain 3 0.2288275 -0.7355351 -0.5525743 -0.3182574
Guest-4 ori 148.9877 149.7221
Grain 0 0 1 0 0
Grain 1 0.00726042 0.9999239 -0.005140106 0.008553633
Grain 2 0.4939246 -0.7538238 0.0964533 -0.4224749
Grain 3 0.2288275 -0.7355351 -0.5525743 -0.3182574
Guest-4 ori 151.4401 157.3299
Grain 0 0 1 0 0
Grain 1 0.04693737 -0.9529313 -0.09738939 0.2832561
Grain 2 0.4939246 -0.7538238 0.0964533 -0.4224749
Grain 3 0.2288275 -0.7355351 -0.5525743 -0.3182574
Guest-4 ori 163.1367 171.8962
Grain 0 0.02863772 -0.9934807 -0.03621008 -0.1042339
Grain 1 0.04693737 -0.9529313 -0.09738939 0.2832561
Grain 2 0.4939246 -0.7538238 0.0964533 -0.4224749
Grain 3 0.2288275 -0.7355351 -0.5525743 -0.3182574
Guest-4 ori 183.793 188.7985
Grain 0 0.02863772 -0.9934807 -0.03621008 -0.1042339
Grain 1 0.04693737 -0.9529313 -0.09738939 0.2832561
Grain 2 0.4939246 -0.7538238 0.0964533 -0.4224749
Grain 3 0.2648344 -0.7730312 -0.5287308 -0.2296286
Guest-4 ori 193.6199 197.4595
Grain 0 0.03236218 -0.992833 -0.01948471 -0.1133827
Grain 1 0.04693737 -0.9529313 -0.09738939 0.2832561
Grain 2 0.4939246 -0.7538238 0.0964533 -0.4224749
Grain 3 0.2648344 -0.7730312 -0.5287308 -0.2296286
Guest-4 ori 203.3308 210.7721
Grain 0 0.03236218 -0.992833 -0.01948471 -0.1133827
Grain 1 0.0132649 -0.9574325 0.001278057 0.2883497
Grain 2 0.4939246 -0.7538238 0.0964533 -0.4224749
Grain 3 0.2648344 -0.7730312 -0.5287308 -0.2296286
Guest-4 ori 217.28 227.6907
Grain 0 0.03236218 -0.992833 -0.01948471 -0.1133827
Grain 1 0.0132649 -0.9574325 0.001278057 0.2883497
Grain 2 0.4630185 -0.7763299 0.1220249 -0.4099215
Grain 3 0.2648344 -0.7730312 -0.5287308 -0.2296286
Guest-4 ori 232.83 237.5685
Grain 0 0.03236218 -0.992833 -0.01948471 -0.1133827
Grain 1 0.0132649 -0.9574325 0.001278057 0.2883497
Grain 2 0.4630185 -0.7763299 0.1220249 -0.4099215
Grain 3 0.3224265 -0.7807934 -0.5104684 -0.1607013
Guest-4 ori 243.4748 252.2175
Grain 0 0.01269049 -0.9928824 -0.05779969 -0.1033571
Grain 1 0.0132649 -0.9574325 0.001278057 0.2883497
Grain 2 0.4630185 -0.7763299 0.1220249 -0.4099215
Grain 3 0.3224265 -0.7807934 -0.5104684 -0.1607013
Guest-4 ori 257.6904 266.0173
Grain 0 0.01269049 -0.9928824 -0.05779969 -0.1033571
Grain 1 0.05129281 -0.9615015 -0.03488075 0.2677074
Grain 2 0.4630185 -0.7763299 0.1220249 -0.4099215
Grain 3 0.3224265 -0.7807934 -0.5104684 -0.1607013
Guest-4 ori 280.8161 284.2373
Grain 0 0.01269049 -0.9928824 -0.05779969 -0.1033571
Grain 1 0.05129281 -0.9615015 -0.03488075 0.2677074
Grain 2 0.501148 -0.7771824 0.1964078 -0.3259788
Grain 3 0.3224265 -0.7807934 -0.5104684 -0.1607013
Guest-4 ori 292.3796 296.4507
Grain 0 0.01269049 -0.9928824 -0.05779969 -0.1033571
Grain 1 0.05129281 -0.9615015 -0.03488075 0.2677074
Grain 2 0.501148 -0.7771824 0.1964078 -0.3259788
Grain 3 0.2909002 -0.7834521 -0.512311 -0.1977811
Guest-4 ori 300.4555 303.6759
Grain 0 0.01269049 -0.9928824 -0.05779969 -0.1033571
Grain 1 0.05129281 -0.9615015 -0.03488075 0.2677074
Grain 2 0.501148 -0.7771824 0.1964078 -0.3259788
Grain 3 0.2913602 -0.7868321 -0.5077879 -0.1953358
Guest-4 ori 312.5028 316.7064
Grain 0 0.01269049 -0.9928824 -0.05779969 -0.1033571
Grain 1 0.05857925 -0.9516184 -0.03056417 0.3000947
Grain 2 0.501148 -0.7771824 0.1964078 -0.3259788
Grain 3 0.2913602 -0.7868321 -0.5077879 -0.1953358
Guest-4 ori 321.4125 324.5474
Grain 0 -0.002566195 -0.9959604 -0.05342998 -0.07212152
Grain 1 0.05857925 -0.9516184 -0.03056417 0.3000947
Grain 2 0.501148 -0.7771824 0.1964078 -0.3259788
Grain 3 0.2913602 -0.7868321 -0.5077879 -0.1953358
Guest-4 ori 330.304 336.0107
Grain 0 -0.002566195 -0.9959604 -0.05342998 -0.07212152
Grain 1 0.05857925 -0.9516184 -0.03056417 0.3000947
Grain 2 0.501148 -0.7771824 0.1964078 -0.3259788
Grain 3 0.2552929 -0.7896486 -0.5144042 -0.2160302
Guest-4 ori 336.762 338.4978
Grain 0 -0.002566195 -0.9959604 -0.05342998 -0.07212152
Grain 1 0.05857925 -0.9516184 -0.03056417 0.3000947
Grain 2 0.501148 -0.7771824 0.1964078 -0.3259788
Grain 3 0.2401302 -0.7978435 -0.5092826 -0.2154403
Guest-4 ori 339.1816 340.0997
Grain 0 -0.002566195 -0.9959604 -0.05342998 -0.07212152
Grain 1 0.05857925 -0.9516184 -0.03056417 0.3000947
Grain 2 0.501148 -0.7771824 0.1964078 -0.3259788
Grain 3 0.2215116 -0.8078781 -0.5026256 -0.2136188
Guest-4 ori 340.7151 342.9511
Grain 0 -0.002566195 -0.9959604 -0.05342998 -0.07212152
Grain 1 0.05857925 -0.9516184 -0.03056417 0.3000947
Grain 2 0.501148 -0.7771824 0.1964078 -0.3259788
Grain 3 0.2114002 -0.814114 -0.4983649 -0.210145
Guest-4 ori 354.415 357.7689
Grain 0 0.006866327 0.996861 0.03206282 0.07206229
Grain 1 0.05857925 -0.9516184 -0.03056417 0.3000947
Grain 2 0.501148 -0.7771824 0.1964078 -0.3259788
Grain 3 0.2114002 -0.814114 -0.4983649 -0.210145
