Guest-1 ori 28.81879 30.29905
Grain 0 0.0739474839984576 -0.469932009432489 -0.105800520579831 0.873213562632921
Grain 1 0.907600514676698 0.132895093373031 0.256412133800171 0.304717931136339
Grain 2 0.507196737807917 -0.0867308098590959 0.855165609272978 0.0626180205289964
Grain 3 0.000744682285369234 -0.173135923545073 0.846984061862373 0.502634456019088
Grain 4 0.303292370328092 -0.134020126182043 -0.817956440813157 0.470105950623036
Grain 5 0.318775743443621 -0.607677855106657 0.706863486235954 0.171620691151425
Grain 6 0.624516468474436 -0.213992436709943 -0.694135752479682 -0.286987760653003
Grain 7 0.0942526974517633 0.444898265173283 -0.602983568530347 -0.655433275590489
Grain 8 0.344693587163258 0.164461620282772 -0.602408656032459 0.700886950627316
Grain 9 0.614701064515187 -0.157039781592517 0.772628482229406 0.0229420297522726
Guest-1 ori 28.81879 30.29905
Grain 0 0.0739474839984576 -0.469932009432489 -0.105800520579831 0.873213562632921
Grain 1 0.907600514676698 0.132895093373031 0.256412133800171 0.304717931136339
Grain 2 0.507196737807917 -0.0867308098590959 0.855165609272978 0.0626180205289964
Grain 3 0.000744682285369234 -0.173135923545073 0.846984061862373 0.502634456019088
Grain 4 0.303292370328092 -0.134020126182043 -0.817956440813157 0.470105950623036
Grain 5 0.318775743443621 -0.607677855106657 0.706863486235954 0.171620691151425
Grain 6 0.624516468474436 -0.213992436709943 -0.694135752479682 -0.286987760653003
Grain 7 0.0942526974517633 0.444898265173283 -0.602983568530347 -0.655433275590489
Grain 8 0.344693587163258 0.164461620282772 -0.602408656032459 0.700886950627316
Grain 9 0.614701064515187 -0.157039781592517 0.772628482229406 0.0229420297522726