Guest-0 ori 1539.566 1540.746
Grain 0 0 1 0 0
Grain 1 0 1 0 0
Grain 2 0 1 0 0
Grain 3 0 1 0 0
Grain 4 0 1 0 0
Grain 5 0 1 0 0
Grain 6 0 1 0 0
Grain 7 0 1 0 0
Grain 8 0 1 0 0
Grain 9 0 1 0 0
Grain 10 0 1 0 0
Grain 11 0 1 0 0
Grain 12 0 1 0 0
Grain 13 0 1 0 0
Grain 14 0 1 0 0
Grain 15 0 1 0 0
Grain 16 0 1 0 0
Grain 17 0 1 0 0
Grain 18 0 1 0 0
Grain 19 0 1 0 0
Grain 20 0 1 0 0
Grain 21 0 1 0 0
Grain 22 0 1 0 0
Grain 23 0 1 0 0
Grain 24 0 1 0 0
Grain 25 0 1 0 0
Grain 26 0 1 0 0
Grain 27 0 1 0 0
Grain 28 0 1 0 0
Grain 29 0.239051 0.8750849 0.3757202 0.1895136
Guest-0 OptGrain 4 552 24.64408 36.20406
Grain 0 0 1 0 0
Grain 1 0 1 0 0
Grain 2 0 1 0 0
Grain 3 0 1 0 0
Grain 4 -0.1495263 0.8566061 -0.3460914 0.3522621
Grain 5 0 1 0 0
Grain 6 0 1 0 0
Grain 7 0 1 0 0
Grain 8 0 1 0 0
Grain 9 0 1 0 0
Grain 10 0 1 0 0
Grain 11 0 1 0 0
Grain 12 0 1 0 0
Grain 13 0 1 0 0
Grain 14 0 1 0 0
Grain 15 0 1 0 0
Grain 16 0 1 0 0
Grain 17 0 1 0 0
Grain 18 0 1 0 0
Grain 19 0 1 0 0
Grain 20 0 1 0 0
Grain 21 0 1 0 0
Grain 22 0 1 0 0
Grain 23 0 1 0 0
Grain 24 0 1 0 0
Grain 25 0 1 0 0
Grain 26 0 1 0 0
Grain 27 0 1 0 0
Grain 28 0 1 0 0
Grain 29 0.239051 0.8750849 0.3757202 0.1895136
Guest-0 ori 1578.746 1579.601
Grain 0 0 1 0 0
Grain 1 0 1 0 0
Grain 2 0 1 0 0
Grain 3 0.4240835 0.8544012 0.02366112 0.299319
Grain 4 -0.1464466 0.8535534 -0.3535534 0.3535535
Grain 5 0 1 0 0
Grain 6 0 1 0 0
Grain 7 0 1 0 0
Grain 8 0 1 0 0
Grain 9 0 1 0 0
Grain 10 0 1 0 0
Grain 11 0 1 0 0
Grain 12 0 1 0 0
Grain 13 0 1 0 0
Grain 14 0 1 0 0
Grain 15 0 1 0 0
Grain 16 0 1 0 0
Grain 17 0 1 0 0
Grain 18 0 1 0 0
Grain 19 0 1 0 0
Grain 20 0 1 0 0
Grain 21 0 1 0 0
Grain 22 0 1 0 0
Grain 23 0 1 0 0
Grain 24 0 1 0 0
Grain 25 0 1 0 0
Grain 26 0 1 0 0
Grain 27 0 1 0 0
Grain 28 0 1 0 0
Grain 29 0.239051 0.8750849 0.3757202 0.1895136
Guest-0 ori 1587.909 1588.59
Grain 0 0 1 0 0
Grain 1 0.2504756 0.8772144 0.3354025 0.2350789
Grain 2 0 1 0 0
Grain 3 0.430926 0.8486682 0.0227747 0.3058535
Grain 4 -0.1464466 0.8535534 -0.3535534 0.3535535
Grain 5 0 1 0 0
Grain 6 0 1 0 0
Grain 7 0 1 0 0
Grain 8 0 1 0 0
Grain 9 0 1 0 0
Grain 10 0 1 0 0
Grain 11 0 1 0 0
Grain 12 0 1 0 0
Grain 13 0 1 0 0
Grain 14 0 1 0 0
Grain 15 0 1 0 0
Grain 16 0 1 0 0
Grain 17 0 1 0 0
Grain 18 0 1 0 0
Grain 19 0 1 0 0
Grain 20 0 1 0 0
Grain 21 0 1 0 0
Grain 22 0 1 0 0
Grain 23 0 1 0 0
Grain 24 0 1 0 0
Grain 25 0 1 0 0
Grain 26 0 1 0 0
Grain 27 0 1 0 0
Grain 28 0 1 0 0
Grain 29 0.239051 0.8750849 0.3757202 0.1895136
Guest-0 ori 1609.386 1610.388
Grain 0 0 1 0 0
Grain 1 0.2635608 0.8632855 0.3520648 0.2476372
Grain 2 0 1 0 0
Grain 3 0.430926 0.8486682 0.0227747 0.3058535
Grain 4 -0.1464466 0.8535534 -0.3535534 0.3535535
Grain 5 0 1 0 0
Grain 6 0 1 0 0
Grain 7 0.4954661 0.8022638 0.04834837 0.3294671
Grain 8 0 1 0 0
Grain 9 0 1 0 0
Grain 10 0 1 0 0
Grain 11 0 1 0 0
Grain 12 0 1 0 0
Grain 13 0 1 0 0
Grain 14 0 1 0 0
Grain 15 0 1 0 0
Grain 16 0 1 0 0
Grain 17 0 1 0 0
Grain 18 0 1 0 0
Grain 19 0 1 0 0
Grain 20 0 1 0 0
Grain 21 0 1 0 0
Grain 22 0 1 0 0
Grain 23 0 1 0 0
Grain 24 0 1 0 0
Grain 25 0 1 0 0
Grain 26 0 1 0 0
Grain 27 0 1 0 0
Grain 28 0 1 0 0
Grain 29 0.239051 0.8750849 0.3757202 0.1895136
Guest-0 ori 1613.914 1614.23
Grain 0 0 1 0 0
Grain 1 0.2635608 0.8632855 0.3520648 0.2476372
Grain 2 0 1 0 0
Grain 3 0.430926 0.8486682 0.0227747 0.3058535
Grain 4 -0.1464466 0.8535534 -0.3535534 0.3535535
Grain 5 0 1 0 0
Grain 6 0 1 0 0
Grain 7 0.4009374 0.8583827 0.02802195 0.3188154
Grain 8 0 1 0 0
Grain 9 0 1 0 0
Grain 10 0 1 0 0
Grain 11 0 1 0 0
Grain 12 0 1 0 0
Grain 13 0 1 0 0
Grain 14 0 1 0 0
Grain 15 0 1 0 0
Grain 16 0 1 0 0
Grain 17 0 1 0 0
Grain 18 0 1 0 0
Grain 19 0 1 0 0
Grain 20 0 1 0 0
Grain 21 0 1 0 0
Grain 22 0 1 0 0
Grain 23 0 1 0 0
Grain 24 0 1 0 0
Grain 25 0 1 0 0
Grain 26 0 1 0 0
Grain 27 0 1 0 0
Grain 28 0 1 0 0
Grain 29 0.239051 0.8750849 0.3757202 0.1895136
Guest-0 ori 1617.39 1618.39
Grain 0 0 1 0 0
Grain 1 0.2635608 0.8632855 0.3520648 0.2476372
Grain 2 0 1 0 0
Grain 3 0.430926 0.8486682 0.0227747 0.3058535
Grain 4 -0.1464466 0.8535534 -0.3535534 0.3535535
Grain 5 0 1 0 0
Grain 6 0 1 0 0
Grain 7 0.3782858 0.8719897 0.03099886 0.3091488
Grain 8 0 1 0 0
Grain 9 0 1 0 0
Grain 10 0 1 0 0
Grain 11 0 1 0 0
Grain 12 0 1 0 0
Grain 13 0 1 0 0
Grain 14 0 1 0 0
Grain 15 0 1 0 0
Grain 16 0 1 0 0
Grain 17 0.4810389 -0.8137224 -0.02740948 -0.3251249
Grain 18 0 1 0 0
Grain 19 0 1 0 0
Grain 20 0 1 0 0
Grain 21 0 1 0 0
Grain 22 0 1 0 0
Grain 23 0 1 0 0
Grain 24 0 1 0 0
Grain 25 0 1 0 0
Grain 26 0 1 0 0
Grain 27 0 1 0 0
Grain 28 0 1 0 0
Grain 29 0.239051 0.8750849 0.3757202 0.1895136
Guest-0 ori 1619.88 1620.145
Grain 0 0 1 0 0
Grain 1 0.2635608 0.8632855 0.3520648 0.2476372
Grain 2 0 1 0 0
Grain 3 0.430926 0.8486682 0.0227747 0.3058535
Grain 4 -0.1464466 0.8535534 -0.3535534 0.3535535
Grain 5 0 1 0 0
Grain 6 0 1 0 0
Grain 7 0.3782858 0.8719897 0.03099886 0.3091488
Grain 8 0 1 0 0
Grain 9 0 1 0 0
Grain 10 0 1 0 0
Grain 11 0 1 0 0
Grain 12 0 1 0 0
Grain 13 0 1 0 0
Grain 14 0 1 0 0
Grain 15 0 1 0 0
Grain 16 0 1 0 0
Grain 17 0.4370839 -0.8802465 0.09221986 -0.1600602
Grain 18 0 1 0 0
Grain 19 0 1 0 0
Grain 20 0 1 0 0
Grain 21 0 1 0 0
Grain 22 0 1 0 0
Grain 23 0 1 0 0
Grain 24 0 1 0 0
Grain 25 0 1 0 0
Grain 26 0 1 0 0
Grain 27 0 1 0 0
Grain 28 0 1 0 0
Grain 29 0.239051 0.8750849 0.3757202 0.1895136
Guest-0 ori 1620.884 1621.17
Grain 0 0 1 0 0
Grain 1 0.2635608 0.8632855 0.3520648 0.2476372
Grain 2 0 1 0 0
Grain 3 0.430926 0.8486682 0.0227747 0.3058535
Grain 4 -0.1464466 0.8535534 -0.3535534 0.3535535
Grain 5 0 1 0 0
Grain 6 0 1 0 0
Grain 7 0.3782858 0.8719897 0.03099886 0.3091488
Grain 8 0 1 0 0
Grain 9 0 1 0 0
Grain 10 0 1 0 0
Grain 11 0 1 0 0
Grain 12 0 1 0 0
Grain 13 0 1 0 0
Grain 14 0 1 0 0
Grain 15 0 1 0 0
Grain 16 0 1 0 0
Grain 17 0.4615688 -0.8554822 -0.02195831 -0.2337144
Grain 18 0 1 0 0
Grain 19 0 1 0 0
Grain 20 0 1 0 0
Grain 21 0 1 0 0
Grain 22 0 1 0 0
Grain 23 0 1 0 0
Grain 24 0 1 0 0
Grain 25 0 1 0 0
Grain 26 0 1 0 0
Grain 27 0 1 0 0
Grain 28 0 1 0 0
Grain 29 0.239051 0.8750849 0.3757202 0.1895136
Guest-0 ori 1622.696 1625.643
Grain 0 0 1 0 0
Grain 1 0.2635608 0.8632855 0.3520648 0.2476372
Grain 2 0 1 0 0
Grain 3 0.430926 0.8486682 0.0227747 0.3058535
Grain 4 -0.1464466 0.8535534 -0.3535534 0.3535535
Grain 5 0 1 0 0
Grain 6 0 1 0 0
Grain 7 0.3782858 0.8719897 0.03099886 0.3091488
Grain 8 0 1 0 0
Grain 9 0 1 0 0
Grain 10 0 1 0 0
Grain 11 0 1 0 0
Grain 12 0 1 0 0
Grain 13 0 1 0 0
Grain 14 0 1 0 0
Grain 15 0 1 0 0
Grain 16 0 1 0 0
Grain 17 0.3624775 -0.805052 0.2941477 -0.3660309
Grain 18 0 1 0 0
Grain 19 0 1 0 0
Grain 20 0 1 0 0
Grain 21 0 1 0 0
Grain 22 0 1 0 0
Grain 23 0 1 0 0
Grain 24 0 1 0 0
Grain 25 0 1 0 0
Grain 26 0 1 0 0
Grain 27 0 1 0 0
Grain 28 0 1 0 0
Grain 29 0.239051 0.8750849 0.3757202 0.1895136
Guest-0 ori 1627.267 1627.969
Grain 0 0 1 0 0
Grain 1 0.2635608 0.8632855 0.3520648 0.2476372
Grain 2 0 1 0 0
Grain 3 0.430926 0.8486682 0.0227747 0.3058535
Grain 4 -0.1464466 0.8535534 -0.3535534 0.3535535
Grain 5 0 1 0 0
Grain 6 0 1 0 0
Grain 7 0.3782858 0.8719897 0.03099886 0.3091488
Grain 8 0 1 0 0
Grain 9 0 1 0 0
Grain 10 0 1 0 0
Grain 11 0 1 0 0
Grain 12 0 1 0 0
Grain 13 0 1 0 0
Grain 14 0 1 0 0
Grain 15 0 1 0 0
Grain 16 0 1 0 0
Grain 17 0.3866056 -0.8398081 0.2435809 -0.2931327
Grain 18 0 1 0 0
Grain 19 0 1 0 0
Grain 20 0 1 0 0
Grain 21 0 1 0 0
Grain 22 0 1 0 0
Grain 23 0 1 0 0
Grain 24 0 1 0 0
Grain 25 0 1 0 0
Grain 26 0 1 0 0
Grain 27 0 1 0 0
Grain 28 0 1 0 0
Grain 29 0.239051 0.8750849 0.3757202 0.1895136
Guest-0 ori 1633.911 1635.708
Grain 0 0 1 0 0
Grain 1 0.2635608 0.8632855 0.3520648 0.2476372
Grain 2 0 1 0 0
Grain 3 0.430926 0.8486682 0.0227747 0.3058535
Grain 4 -0.1464466 0.8535534 -0.3535534 0.3535535
Grain 5 0 1 0 0
Grain 6 0 1 0 0
Grain 7 0.3782858 0.8719897 0.03099886 0.3091488
Grain 8 0 1 0 0
Grain 9 0 1 0 0
Grain 10 0 1 0 0
Grain 11 0 1 0 0
Grain 12 0 1 0 0
Grain 13 0 1 0 0
Grain 14 0.0161179 0.7919363 0.471334 -0.387842
Grain 15 0 1 0 0
Grain 16 0 1 0 0
Grain 17 0.3866056 -0.8398081 0.2435809 -0.2931327
Grain 18 0 1 0 0
Grain 19 0 1 0 0
Grain 20 0 1 0 0
Grain 21 0 1 0 0
Grain 22 0 1 0 0
Grain 23 0 1 0 0
Grain 24 0 1 0 0
Grain 25 0 1 0 0
Grain 26 0 1 0 0
Grain 27 0 1 0 0
Grain 28 0 1 0 0
Grain 29 0.239051 0.8750849 0.3757202 0.1895136
Guest-0 ori 1640.071 1641.05
Grain 0 0 1 0 0
Grain 1 0.2635608 0.8632855 0.3520648 0.2476372
Grain 2 0 1 0 0
Grain 3 0.430926 0.8486682 0.0227747 0.3058535
Grain 4 -0.1464466 0.8535534 -0.3535534 0.3535535
Grain 5 0 1 0 0
Grain 6 0 1 0 0
Grain 7 0.3782858 0.8719897 0.03099886 0.3091488
Grain 8 0 1 0 0
Grain 9 0 1 0 0
Grain 10 0 1 0 0
Grain 11 0 1 0 0
Grain 12 0 1 0 0
Grain 13 0 1 0 0
Grain 14 0.02009606 0.7935838 0.4656572 -0.3911321
Grain 15 0 1 0 0
Grain 16 0.3216214 0.864035 0.3427852 0.1802818
Grain 17 0.3866056 -0.8398081 0.2435809 -0.2931327
Grain 18 0 1 0 0
Grain 19 0 1 0 0
Grain 20 0 1 0 0
Grain 21 0 1 0 0
Grain 22 0 1 0 0
Grain 23 0 1 0 0
Grain 24 0 1 0 0
Grain 25 0 1 0 0
Grain 26 0 1 0 0
Grain 27 0 1 0 0
Grain 28 0 1 0 0
Grain 29 0.239051 0.8750849 0.3757202 0.1895136
Guest-0 ori 1741.714 1742.647
Grain 0 0 1 0 0
Grain 1 0.2635608 0.8632855 0.3520648 0.2476372
Grain 2 0 1 0 0
Grain 3 0.430926 0.8486682 0.0227747 0.3058535
Grain 4 -0.1464466 0.8535534 -0.3535534 0.3535535
Grain 5 0 1 0 0
Grain 6 0 1 0 0
Grain 7 0.3782858 0.8719897 0.03099886 0.3091488
Grain 8 0 1 0 0
Grain 9 0 1 0 0
Grain 10 0 1 0 0
Grain 11 0 1 0 0
Grain 12 0 1 0 0
Grain 13 0 1 0 0
Grain 14 0.02009606 0.7935838 0.4656572 -0.3911321
Grain 15 0 1 0 0
Grain 16 0.3290209 0.8588045 0.3459028 0.1858802
Grain 17 0.3866056 -0.8398081 0.2435809 -0.2931327
Grain 18 0 1 0 0
Grain 19 0 1 0 0
Grain 20 0 1 0 0
Grain 21 0.296941 0.8830773 -0.1642369 0.3240784
Grain 22 0 1 0 0
Grain 23 0 1 0 0
Grain 24 0 1 0 0
Grain 25 0 1 0 0
Grain 26 0 1 0 0
Grain 27 0 1 0 0
Grain 28 0 1 0 0
Grain 29 0.239051 0.8750849 0.3757202 0.1895136
Guest-0 ori 1746.812 1747.424
Grain 0 0 1 0 0
Grain 1 0.2635608 0.8632855 0.3520648 0.2476372
Grain 2 0 1 0 0
Grain 3 0.430926 0.8486682 0.0227747 0.3058535
Grain 4 -0.1464466 0.8535534 -0.3535534 0.3535535
Grain 5 0 1 0 0
Grain 6 0 1 0 0
Grain 7 0.3782858 0.8719897 0.03099886 0.3091488
Grain 8 0 1 0 0
Grain 9 0 1 0 0
Grain 10 0 1 0 0
Grain 11 0 1 0 0
Grain 12 0 1 0 0
Grain 13 0 1 0 0
Grain 14 0.02009606 0.7935838 0.4656572 -0.3911321
Grain 15 0 1 0 0
Grain 16 0.3290209 0.8588045 0.3459028 0.1858802
Grain 17 0.3866056 -0.8398081 0.2435809 -0.2931327
Grain 18 0 1 0 0
Grain 19 0 1 0 0
Grain 20 0 1 0 0
Grain 21 0.296941 0.8830773 -0.1642369 0.3240784
Grain 22 0 1 0 0
Grain 23 0.5078407 0.8192368 0.1981605 0.1779924
Grain 24 0 1 0 0
Grain 25 0 1 0 0
Grain 26 0 1 0 0
Grain 27 0 1 0 0
Grain 28 0 1 0 0
Grain 29 0.239051 0.8750849 0.3757202 0.1895136
Guest-0 ori 1748.492 1748.768
Grain 0 0 1 0 0
Grain 1 0.2635608 0.8632855 0.3520648 0.2476372
Grain 2 0 1 0 0
Grain 3 0.430926 0.8486682 0.0227747 0.3058535
Grain 4 -0.1464466 0.8535534 -0.3535534 0.3535535
Grain 5 0 1 0 0
Grain 6 0 1 0 0
Grain 7 0.3782858 0.8719897 0.03099886 0.3091488
Grain 8 0 1 0 0
Grain 9 0 1 0 0
Grain 10 0 1 0 0
Grain 11 0 1 0 0
Grain 12 0 1 0 0
Grain 13 0 1 0 0
Grain 14 0.02009606 0.7935838 0.4656572 -0.3911321
Grain 15 0 1 0 0
Grain 16 0.3290209 0.8588045 0.3459028 0.1858802
Grain 17 0.3866056 -0.8398081 0.2435809 -0.2931327
Grain 18 0 1 0 0
Grain 19 0 1 0 0
Grain 20 0 1 0 0
Grain 21 0.296941 0.8830773 -0.1642369 0.3240784
Grain 22 0 1 0 0
Grain 23 0.3786296 0.8867946 0.1952177 0.1792351
Grain 24 0 1 0 0
Grain 25 0 1 0 0
Grain 26 0 1 0 0
Grain 27 0 1 0 0
Grain 28 0 1 0 0
Grain 29 0.239051 0.8750849 0.3757202 0.1895136
Guest-0 ori 1754.555 1756.11
Grain 0 0 1 0 0
Grain 1 0.2635608 0.8632855 0.3520648 0.2476372
Grain 2 0 1 0 0
Grain 3 0.430926 0.8486682 0.0227747 0.3058535
Grain 4 -0.1464466 0.8535534 -0.3535534 0.3535535
Grain 5 0 1 0 0
Grain 6 0 1 0 0
Grain 7 0.3782858 0.8719897 0.03099886 0.3091488
Grain 8 0 1 0 0
Grain 9 0.03093608 -0.8060461 -0.4176453 -0.4182165
Grain 10 0 1 0 0
Grain 11 0 1 0 0
Grain 12 0 1 0 0
Grain 13 0 1 0 0
Grain 14 0.02009606 0.7935838 0.4656572 -0.3911321
Grain 15 0 1 0 0
Grain 16 0.3290209 0.8588045 0.3459028 0.1858802
Grain 17 0.3866056 -0.8398081 0.2435809 -0.2931327
Grain 18 0 1 0 0
Grain 19 0 1 0 0
Grain 20 0 1 0 0
Grain 21 0.296941 0.8830773 -0.1642369 0.3240784
Grain 22 0 1 0 0
Grain 23 0.3630822 0.8941251 0.1917168 0.1787633
Grain 24 0 1 0 0
Grain 25 0 1 0 0
Grain 26 0 1 0 0
Grain 27 0 1 0 0
Grain 28 0 1 0 0
Grain 29 0.239051 0.8750849 0.3757202 0.1895136
Guest-0 ori 1764.161 1765.118
Grain 0 0 1 0 0
Grain 1 0.2635608 0.8632855 0.3520648 0.2476372
Grain 2 0 1 0 0
Grain 3 0.430926 0.8486682 0.0227747 0.3058535
Grain 4 -0.1464466 0.8535534 -0.3535534 0.3535535
Grain 5 0.3256887 0.7767591 0.03723407 0.5377601
Grain 6 0 1 0 0
Grain 7 0.3782858 0.8719897 0.03099886 0.3091488
Grain 8 0 1 0 0
Grain 9 0.03093608 -0.8060461 -0.4176453 -0.4182165
Grain 10 0 1 0 0
Grain 11 0 1 0 0
Grain 12 0 1 0 0
Grain 13 0 1 0 0
Grain 14 0.02009606 0.7935838 0.4656572 -0.3911321
Grain 15 0 1 0 0
Grain 16 0.3290209 0.8588045 0.3459028 0.1858802
Grain 17 0.3866056 -0.8398081 0.2435809 -0.2931327
Grain 18 0 1 0 0
Grain 19 0 1 0 0
Grain 20 0 1 0 0
Grain 21 0.296941 0.8830773 -0.1642369 0.3240784
Grain 22 0 1 0 0
Grain 23 0.3630822 0.8941251 0.1917168 0.1787633
Grain 24 0 1 0 0
Grain 25 0 1 0 0
Grain 26 0 1 0 0
Grain 27 0 1 0 0
Grain 28 0 1 0 0
Grain 29 0.239051 0.8750849 0.3757202 0.1895136
Guest-0 ori 1767.271 1767.742
Grain 0 0 1 0 0
Grain 1 0.2635608 0.8632855 0.3520648 0.2476372
Grain 2 0 1 0 0
Grain 3 0.430926 0.8486682 0.0227747 0.3058535
Grain 4 -0.1464466 0.8535534 -0.3535534 0.3535535
Grain 5 0.3688483 0.658244 -0.0162001 0.6560513
Grain 6 0 1 0 0
Grain 7 0.3782858 0.8719897 0.03099886 0.3091488
Grain 8 0 1 0 0
Grain 9 0.03093608 -0.8060461 -0.4176453 -0.4182165
Grain 10 0 1 0 0
Grain 11 0 1 0 0
Grain 12 0 1 0 0
Grain 13 0 1 0 0
Grain 14 0.02009606 0.7935838 0.4656572 -0.3911321
Grain 15 0 1 0 0
Grain 16 0.3290209 0.8588045 0.3459028 0.1858802
Grain 17 0.3866056 -0.8398081 0.2435809 -0.2931327
Grain 18 0 1 0 0
Grain 19 0 1 0 0
Grain 20 0 1 0 0
Grain 21 0.296941 0.8830773 -0.1642369 0.3240784
Grain 22 0 1 0 0
Grain 23 0.3630822 0.8941251 0.1917168 0.1787633
Grain 24 0 1 0 0
Grain 25 0 1 0 0
Grain 26 0 1 0 0
Grain 27 0 1 0 0
Grain 28 0 1 0 0
Grain 29 0.239051 0.8750849 0.3757202 0.1895136
Guest-0 OptGrain 5 192 246.1615 256.372
Grain 0 0 1 0 0
Grain 1 0.2635608 0.8632855 0.3520648 0.2476372
Grain 2 0 1 0 0
Grain 3 0.430926 0.8486682 0.0227747 0.3058535
Grain 4 -0.1464466 0.8535534 -0.3535534 0.3535535
Grain 5 0.5085067 0.5688797 0.002843842 0.6463657
Grain 6 0 1 0 0
Grain 7 0.3782858 0.8719897 0.03099886 0.3091488
Grain 8 0 1 0 0
Grain 9 0.03093608 -0.8060461 -0.4176453 -0.4182165
Grain 10 0 1 0 0
Grain 11 0 1 0 0
Grain 12 0 1 0 0
Grain 13 0 1 0 0
Grain 14 0.02009606 0.7935838 0.4656572 -0.3911321
Grain 15 0 1 0 0
Grain 16 0.3290209 0.8588045 0.3459028 0.1858802
Grain 17 0.3866056 -0.8398081 0.2435809 -0.2931327
Grain 18 0 1 0 0
Grain 19 0 1 0 0
Grain 20 0 1 0 0
Grain 21 0.296941 0.8830773 -0.1642369 0.3240784
Grain 22 0 1 0 0
Grain 23 0.3630822 0.8941251 0.1917168 0.1787633
Grain 24 0 1 0 0
Grain 25 0 1 0 0
Grain 26 0 1 0 0
Grain 27 0 1 0 0
Grain 28 0 1 0 0
Grain 29 0.239051 0.8750849 0.3757202 0.1895136
Guest-0 ori 1792.873 1793.649
Grain 0 0 1 0 0
Grain 1 0.2635608 0.8632855 0.3520648 0.2476372
Grain 2 0 1 0 0
Grain 3 0.430926 0.8486682 0.0227747 0.3058535
Grain 4 -0.1464466 0.8535534 -0.3535534 0.3535535
Grain 5 0.5035231 0.5732957 -0.002796784 0.6463659
Grain 6 0 1 0 0
Grain 7 0.3782858 0.8719897 0.03099886 0.3091488
Grain 8 0 1 0 0
Grain 9 0.03093608 -0.8060461 -0.4176453 -0.4182165
Grain 10 0 1 0 0
Grain 11 0.2101463 0.8853684 0.4104142 -0.0593414
Grain 12 0 1 0 0
Grain 13 0 1 0 0
Grain 14 0.02009606 0.7935838 0.4656572 -0.3911321
Grain 15 0 1 0 0
Grain 16 0.3290209 0.8588045 0.3459028 0.1858802
Grain 17 0.3866056 -0.8398081 0.2435809 -0.2931327
Grain 18 0 1 0 0
Grain 19 0 1 0 0
Grain 20 0 1 0 0
Grain 21 0.296941 0.8830773 -0.1642369 0.3240784
Grain 22 0 1 0 0
Grain 23 0.3630822 0.8941251 0.1917168 0.1787633
Grain 24 0 1 0 0
Grain 25 0 1 0 0
Grain 26 0 1 0 0
Grain 27 0 1 0 0
Grain 28 0 1 0 0
Grain 29 0.239051 0.8750849 0.3757202 0.1895136
Guest-0 ori 1795.41 1795.782
Grain 0 0 1 0 0
Grain 1 0.2635608 0.8632855 0.3520648 0.2476372
Grain 2 0 1 0 0
Grain 3 0.430926 0.8486682 0.0227747 0.3058535
Grain 4 -0.1464466 0.8535534 -0.3535534 0.3535535
Grain 5 0.5035231 0.5732957 -0.002796784 0.6463659
Grain 6 0 1 0 0
Grain 7 0.3782858 0.8719897 0.03099886 0.3091488
Grain 8 0 1 0 0
Grain 9 0.03093608 -0.8060461 -0.4176453 -0.4182165
Grain 10 0 1 0 0
Grain 11 0.1270686 0.933929 0.3339259 -0.01112034
Grain 12 0 1 0 0
Grain 13 0 1 0 0
Grain 14 0.02009606 0.7935838 0.4656572 -0.3911321
Grain 15 0 1 0 0
Grain 16 0.3290209 0.8588045 0.3459028 0.1858802
Grain 17 0.3866056 -0.8398081 0.2435809 -0.2931327
Grain 18 0 1 0 0
Grain 19 0 1 0 0
Grain 20 0 1 0 0
Grain 21 0.296941 0.8830773 -0.1642369 0.3240784
Grain 22 0 1 0 0
Grain 23 0.3630822 0.8941251 0.1917168 0.1787633
Grain 24 0 1 0 0
Grain 25 0 1 0 0
Grain 26 0 1 0 0
Grain 27 0 1 0 0
Grain 28 0 1 0 0
Grain 29 0.239051 0.8750849 0.3757202 0.1895136
Guest-0 ori 1797.391 1798.141
Grain 0 0 1 0 0
Grain 1 0.2635608 0.8632855 0.3520648 0.2476372
Grain 2 0 1 0 0
Grain 3 0.430926 0.8486682 0.0227747 0.3058535
Grain 4 -0.1464466 0.8535534 -0.3535534 0.3535535
Grain 5 0.5035231 0.5732957 -0.002796784 0.6463659
Grain 6 0 1 0 0
Grain 7 0.3782858 0.8719897 0.03099886 0.3091488
Grain 8 0 1 0 0
Grain 9 0.03093608 -0.8060461 -0.4176453 -0.4182165
Grain 10 0 1 0 0
Grain 11 0.1811628 0.9270117 0.2870972 -0.1593879
Grain 12 0 1 0 0
Grain 13 0 1 0 0
Grain 14 0.02009606 0.7935838 0.4656572 -0.3911321
Grain 15 0 1 0 0
Grain 16 0.3290209 0.8588045 0.3459028 0.1858802
Grain 17 0.3866056 -0.8398081 0.2435809 -0.2931327
Grain 18 0 1 0 0
Grain 19 0 1 0 0
Grain 20 0 1 0 0
Grain 21 0.296941 0.8830773 -0.1642369 0.3240784
Grain 22 0 1 0 0
Grain 23 0.3630822 0.8941251 0.1917168 0.1787633
Grain 24 0 1 0 0
Grain 25 0 1 0 0
Grain 26 0 1 0 0
Grain 27 0 1 0 0
Grain 28 0 1 0 0
Grain 29 0.239051 0.8750849 0.3757202 0.1895136
Guest-0 ori 1800.279 1802.501
Grain 0 0 1 0 0
Grain 1 0.2635608 0.8632855 0.3520648 0.2476372
Grain 2 0 1 0 0
Grain 3 0.430926 0.8486682 0.0227747 0.3058535
Grain 4 -0.1464466 0.8535534 -0.3535534 0.3535535
Grain 5 0.5035231 0.5732957 -0.002796784 0.6463659
Grain 6 0 1 0 0
Grain 7 0.3782858 0.8719897 0.03099886 0.3091488
Grain 8 0 1 0 0
Grain 9 0.03093608 -0.8060461 -0.4176453 -0.4182165
Grain 10 0 1 0 0
Grain 11 0.3938233 0.8855218 -0.02297113 -0.2454115
Grain 12 0 1 0 0
Grain 13 0 1 0 0
Grain 14 0.02009606 0.7935838 0.4656572 -0.3911321
Grain 15 0 1 0 0
Grain 16 0.3290209 0.8588045 0.3459028 0.1858802
Grain 17 0.3866056 -0.8398081 0.2435809 -0.2931327
Grain 18 0 1 0 0
Grain 19 0 1 0 0
Grain 20 0 1 0 0
Grain 21 0.296941 0.8830773 -0.1642369 0.3240784
Grain 22 0 1 0 0
Grain 23 0.3630822 0.8941251 0.1917168 0.1787633
Grain 24 0 1 0 0
Grain 25 0 1 0 0
Grain 26 0 1 0 0
Grain 27 0 1 0 0
Grain 28 0 1 0 0
Grain 29 0.239051 0.8750849 0.3757202 0.1895136
Guest-0 ori 1804.588 1805.117
Grain 0 0 1 0 0
Grain 1 0.2635608 0.8632855 0.3520648 0.2476372
Grain 2 0 1 0 0
Grain 3 0.430926 0.8486682 0.0227747 0.3058535
Grain 4 -0.1464466 0.8535534 -0.3535534 0.3535535
Grain 5 0.5035231 0.5732957 -0.002796784 0.6463659
Grain 6 0 1 0 0
Grain 7 0.3782858 0.8719897 0.03099886 0.3091488
Grain 8 0 1 0 0
Grain 9 0.03093608 -0.8060461 -0.4176453 -0.4182165
Grain 10 0 1 0 0
Grain 11 0.3629895 0.8758016 -0.07326923 -0.3095835
Grain 12 0 1 0 0
Grain 13 0 1 0 0
Grain 14 0.02009606 0.7935838 0.4656572 -0.3911321
Grain 15 0 1 0 0
Grain 16 0.3290209 0.8588045 0.3459028 0.1858802
Grain 17 0.3866056 -0.8398081 0.2435809 -0.2931327
Grain 18 0 1 0 0
Grain 19 0 1 0 0
Grain 20 0 1 0 0
Grain 21 0.296941 0.8830773 -0.1642369 0.3240784
Grain 22 0 1 0 0
Grain 23 0.3630822 0.8941251 0.1917168 0.1787633
Grain 24 0 1 0 0
Grain 25 0 1 0 0
Grain 26 0 1 0 0
Grain 27 0 1 0 0
Grain 28 0 1 0 0
Grain 29 0.239051 0.8750849 0.3757202 0.1895136
Guest-0 OptGrain 11 60 283.2257 286.1089
Grain 0 0 1 0 0
Grain 1 0.2635608 0.8632855 0.3520648 0.2476372
Grain 2 0 1 0 0
Grain 3 0.430926 0.8486682 0.0227747 0.3058535
Grain 4 -0.1464466 0.8535534 -0.3535534 0.3535535
Grain 5 0.5035231 0.5732957 -0.002796784 0.6463659
Grain 6 0 1 0 0
Grain 7 0.3782858 0.8719897 0.03099886 0.3091488
Grain 8 0 1 0 0
Grain 9 0.03093608 -0.8060461 -0.4176453 -0.4182165
Grain 10 0 1 0 0
Grain 11 0.3569657 0.8623025 -0.08340567 -0.3493612
Grain 12 0 1 0 0
Grain 13 0 1 0 0
Grain 14 0.02009606 0.7935838 0.4656572 -0.3911321
Grain 15 0 1 0 0
Grain 16 0.3290209 0.8588045 0.3459028 0.1858802
Grain 17 0.3866056 -0.8398081 0.2435809 -0.2931327
Grain 18 0 1 0 0
Grain 19 0 1 0 0
Grain 20 0 1 0 0
Grain 21 0.296941 0.8830773 -0.1642369 0.3240784
Grain 22 0 1 0 0
Grain 23 0.3630822 0.8941251 0.1917168 0.1787633
Grain 24 0 1 0 0
Grain 25 0 1 0 0
Grain 26 0 1 0 0
Grain 27 0 1 0 0
Grain 28 0 1 0 0
Grain 29 0.239051 0.8750849 0.3757202 0.1895136
Guest-0 ori 1820.499 1821.57
Grain 0 0 1 0 0
Grain 1 0.2635608 0.8632855 0.3520648 0.2476372
Grain 2 0 1 0 0
Grain 3 0.430926 0.8486682 0.0227747 0.3058535
Grain 4 -0.1464466 0.8535534 -0.3535534 0.3535535
Grain 5 0.5035231 0.5732957 -0.002796784 0.6463659
Grain 6 0 1 0 0
Grain 7 0.3782858 0.8719897 0.03099886 0.3091488
Grain 8 0 1 0 0
Grain 9 0.03093608 -0.8060461 -0.4176453 -0.4182165
Grain 10 0 1 0 0
Grain 11 0.35768 0.859221 -0.08028742 -0.3568727
Grain 12 0 1 0 0
Grain 13 0 1 0 0
Grain 14 0.02009606 0.7935838 0.4656572 -0.3911321
Grain 15 0 1 0 0
Grain 16 0.3290209 0.8588045 0.3459028 0.1858802
Grain 17 0.3866056 -0.8398081 0.2435809 -0.2931327
Grain 18 0 1 0 0
Grain 19 0 1 0 0
Grain 20 0.2987215 0.9006818 0.04892531 0.3116797
Grain 21 0.296941 0.8830773 -0.1642369 0.3240784
Grain 22 0 1 0 0
Grain 23 0.3630822 0.8941251 0.1917168 0.1787633
Grain 24 0 1 0 0
Grain 25 0 1 0 0
Grain 26 0 1 0 0
Grain 27 0 1 0 0
Grain 28 0 1 0 0
Grain 29 0.239051 0.8750849 0.3757202 0.1895136
Guest-0 ori 1822.88 1823.305
Grain 0 0 1 0 0
Grain 1 0.2635608 0.8632855 0.3520648 0.2476372
Grain 2 0 1 0 0
Grain 3 0.430926 0.8486682 0.0227747 0.3058535
Grain 4 -0.1464466 0.8535534 -0.3535534 0.3535535
Grain 5 0.5035231 0.5732957 -0.002796784 0.6463659
Grain 6 0 1 0 0
Grain 7 0.3782858 0.8719897 0.03099886 0.3091488
Grain 8 0 1 0 0
Grain 9 0.03093608 -0.8060461 -0.4176453 -0.4182165
Grain 10 0 1 0 0
Grain 11 0.35768 0.859221 -0.08028742 -0.3568727
Grain 12 0 1 0 0
Grain 13 0 1 0 0
Grain 14 0.02009606 0.7935838 0.4656572 -0.3911321
Grain 15 0 1 0 0
Grain 16 0.3290209 0.8588045 0.3459028 0.1858802
Grain 17 0.3866056 -0.8398081 0.2435809 -0.2931327
Grain 18 0 1 0 0
Grain 19 0 1 0 0
Grain 20 0.3022577 0.846855 0.09065456 0.4280871
Grain 21 0.296941 0.8830773 -0.1642369 0.3240784
Grain 22 0 1 0 0
Grain 23 0.3630822 0.8941251 0.1917168 0.1787633
Grain 24 0 1 0 0
Grain 25 0 1 0 0
Grain 26 0 1 0 0
Grain 27 0 1 0 0
Grain 28 0 1 0 0
Grain 29 0.239051 0.8750849 0.3757202 0.1895136
Guest-0 ori 1824.24 1824.514
Grain 0 0 1 0 0
Grain 1 0.2635608 0.8632855 0.3520648 0.2476372
Grain 2 0 1 0 0
Grain 3 0.430926 0.8486682 0.0227747 0.3058535
Grain 4 -0.1464466 0.8535534 -0.3535534 0.3535535
Grain 5 0.5035231 0.5732957 -0.002796784 0.6463659
Grain 6 0 1 0 0
Grain 7 0.3782858 0.8719897 0.03099886 0.3091488
Grain 8 0 1 0 0
Grain 9 0.03093608 -0.8060461 -0.4176453 -0.4182165
Grain 10 0 1 0 0
Grain 11 0.35768 0.859221 -0.08028742 -0.3568727
Grain 12 0 1 0 0
Grain 13 0 1 0 0
Grain 14 0.02009606 0.7935838 0.4656572 -0.3911321
Grain 15 0 1 0 0
Grain 16 0.3290209 0.8588045 0.3459028 0.1858802
Grain 17 0.3866056 -0.8398081 0.2435809 -0.2931327
Grain 18 0 1 0 0
Grain 19 0 1 0 0
Grain 20 0.3004443 0.8759521 0.06975815 0.3709109
Grain 21 0.296941 0.8830773 -0.1642369 0.3240784
Grain 22 0 1 0 0
Grain 23 0.3630822 0.8941251 0.1917168 0.1787633
Grain 24 0 1 0 0
Grain 25 0 1 0 0
Grain 26 0 1 0 0
Grain 27 0 1 0 0
Grain 28 0 1 0 0
Grain 29 0.239051 0.8750849 0.3757202 0.1895136
Guest-0 ori 1830.41 1831.408
Grain 0 0 1 0 0
Grain 1 0.2635608 0.8632855 0.3520648 0.2476372
Grain 2 0 1 0 0
Grain 3 0.430926 0.8486682 0.0227747 0.3058535
Grain 4 -0.1464466 0.8535534 -0.3535534 0.3535535
Grain 5 0.5035231 0.5732957 -0.002796784 0.6463659
Grain 6 0.4004105 -0.7856346 0.3698624 0.2926628
Grain 7 0.3782858 0.8719897 0.03099886 0.3091488
Grain 8 0 1 0 0
Grain 9 0.03093608 -0.8060461 -0.4176453 -0.4182165
Grain 10 0 1 0 0
Grain 11 0.35768 0.859221 -0.08028742 -0.3568727
Grain 12 0 1 0 0
Grain 13 0 1 0 0
Grain 14 0.02009606 0.7935838 0.4656572 -0.3911321
Grain 15 0 1 0 0
Grain 16 0.3290209 0.8588045 0.3459028 0.1858802
Grain 17 0.3866056 -0.8398081 0.2435809 -0.2931327
Grain 18 0 1 0 0
Grain 19 0 1 0 0
Grain 20 0.3004443 0.8759521 0.06975815 0.3709109
Grain 21 0.296941 0.8830773 -0.1642369 0.3240784
Grain 22 0 1 0 0
Grain 23 0.3630822 0.8941251 0.1917168 0.1787633
Grain 24 0 1 0 0
Grain 25 0 1 0 0
Grain 26 0 1 0 0
Grain 27 0 1 0 0
Grain 28 0 1 0 0
Grain 29 0.239051 0.8750849 0.3757202 0.1895136
Guest-0 ori 1832.434 1832.708
Grain 0 0 1 0 0
Grain 1 0.2635608 0.8632855 0.3520648 0.2476372
Grain 2 0 1 0 0
Grain 3 0.430926 0.8486682 0.0227747 0.3058535
Grain 4 -0.1464466 0.8535534 -0.3535534 0.3535535
Grain 5 0.5035231 0.5732957 -0.002796784 0.6463659
Grain 6 0.3100296 -0.8657224 0.309091 0.2426296
Grain 7 0.3782858 0.8719897 0.03099886 0.3091488
Grain 8 0 1 0 0
Grain 9 0.03093608 -0.8060461 -0.4176453 -0.4182165
Grain 10 0 1 0 0
Grain 11 0.35768 0.859221 -0.08028742 -0.3568727
Grain 12 0 1 0 0
Grain 13 0 1 0 0
Grain 14 0.02009606 0.7935838 0.4656572 -0.3911321
Grain 15 0 1 0 0
Grain 16 0.3290209 0.8588045 0.3459028 0.1858802
Grain 17 0.3866056 -0.8398081 0.2435809 -0.2931327
Grain 18 0 1 0 0
Grain 19 0 1 0 0
Grain 20 0.3004443 0.8759521 0.06975815 0.3709109
Grain 21 0.296941 0.8830773 -0.1642369 0.3240784
Grain 22 0 1 0 0
Grain 23 0.3630822 0.8941251 0.1917168 0.1787633
Grain 24 0 1 0 0
Grain 25 0 1 0 0
Grain 26 0 1 0 0
Grain 27 0 1 0 0
Grain 28 0 1 0 0
Grain 29 0.239051 0.8750849 0.3757202 0.1895136
Guest-0 OptGrain 1 12 313.8095 313.9461
Grain 0 0 1 0 0
Grain 1 0.2604784 0.8654137 0.3543514 0.2400943
Grain 2 0 1 0 0
Grain 3 0.430926 0.8486682 0.0227747 0.3058535
Grain 4 -0.1464466 0.8535534 -0.3535534 0.3535535
Grain 5 0.5035231 0.5732957 -0.002796784 0.6463659
Grain 6 0.2926278 -0.8775649 0.2987745 0.234484
Grain 7 0.3782858 0.8719897 0.03099886 0.3091488
Grain 8 0 1 0 0
Grain 9 0.03093608 -0.8060461 -0.4176453 -0.4182165
Grain 10 0 1 0 0
Grain 11 0.35768 0.859221 -0.08028742 -0.3568727
Grain 12 0 1 0 0
Grain 13 0 1 0 0
Grain 14 0.02009606 0.7935838 0.4656572 -0.3911321
Grain 15 0 1 0 0
Grain 16 0.3290209 0.8588045 0.3459028 0.1858802
Grain 17 0.3866056 -0.8398081 0.2435809 -0.2931327
Grain 18 0 1 0 0
Grain 19 0 1 0 0
Grain 20 0.3004443 0.8759521 0.06975815 0.3709109
Grain 21 0.296941 0.8830773 -0.1642369 0.3240784
Grain 22 0 1 0 0
Grain 23 0.3630822 0.8941251 0.1917168 0.1787633
Grain 24 0 1 0 0
Grain 25 0 1 0 0
Grain 26 0 1 0 0
Grain 27 0 1 0 0
Grain 28 0 1 0 0
Grain 29 0.239051 0.8750849 0.3757202 0.1895136
Guest-0 OptGrain 1 18 319.2334 319.6703
Grain 0 0 1 0 0
Grain 1 0.2755423 0.8607359 0.3584877 0.2338734
Grain 2 0 1 0 0
Grain 3 0.430926 0.8486682 0.0227747 0.3058535
Grain 4 -0.1464466 0.8535534 -0.3535534 0.3535535
Grain 5 0.5035231 0.5732957 -0.002796784 0.6463659
Grain 6 0.2926278 -0.8775649 0.2987745 0.234484
Grain 7 0.3782858 0.8719897 0.03099886 0.3091488
Grain 8 0 1 0 0
Grain 9 0.03093608 -0.8060461 -0.4176453 -0.4182165
Grain 10 0 1 0 0
Grain 11 0.35768 0.859221 -0.08028742 -0.3568727
Grain 12 0 1 0 0
Grain 13 0 1 0 0
Grain 14 0.02009606 0.7935838 0.4656572 -0.3911321
Grain 15 0 1 0 0
Grain 16 0.3290209 0.8588045 0.3459028 0.1858802
Grain 17 0.3866056 -0.8398081 0.2435809 -0.2931327
Grain 18 0 1 0 0
Grain 19 0 1 0 0
Grain 20 0.3004443 0.8759521 0.06975815 0.3709109
Grain 21 0.296941 0.8830773 -0.1642369 0.3240784
Grain 22 0 1 0 0
Grain 23 0.3630822 0.8941251 0.1917168 0.1787633
Grain 24 0 1 0 0
Grain 25 0 1 0 0
Grain 26 0 1 0 0
Grain 27 0 1 0 0
Grain 28 0 1 0 0
Grain 29 0.239051 0.8750849 0.3757202 0.1895136
Guest-0 OptGrain 6 12 324.3601 324.4575
Grain 0 0 1 0 0
Grain 1 0.2755423 0.860736 0.3584876 0.2338734
Grain 2 0 1 0 0
Grain 3 0.430926 0.8486682 0.0227747 0.3058535
Grain 4 -0.1464466 0.8535534 -0.3535534 0.3535535
Grain 5 0.5035231 0.5732957 -0.002796784 0.6463659
Grain 6 0.2946628 -0.8749242 0.3064212 0.2319214
Grain 7 0.3782858 0.8719897 0.03099886 0.3091488
Grain 8 0 1 0 0
Grain 9 0.03093608 -0.8060461 -0.4176453 -0.4182165
Grain 10 0 1 0 0
Grain 11 0.35768 0.859221 -0.08028742 -0.3568727
Grain 12 0 1 0 0
Grain 13 0 1 0 0
Grain 14 0.02009606 0.7935838 0.4656572 -0.3911321
Grain 15 0 1 0 0
Grain 16 0.3290209 0.8588045 0.3459028 0.1858802
Grain 17 0.3866056 -0.8398081 0.2435809 -0.2931327
Grain 18 0 1 0 0
Grain 19 0 1 0 0
Grain 20 0.3004443 0.8759521 0.06975815 0.3709109
Grain 21 0.296941 0.8830773 -0.1642369 0.3240784
Grain 22 0 1 0 0
Grain 23 0.3630822 0.8941251 0.1917168 0.1787633
Grain 24 0 1 0 0
Grain 25 0 1 0 0
Grain 26 0 1 0 0
Grain 27 0 1 0 0
Grain 28 0 1 0 0
Grain 29 0.239051 0.8750849 0.3757202 0.1895136
Guest-0 ori 1856.623 1857.599
Grain 0 0 1 0 0
Grain 1 0.2755423 0.860736 0.3584876 0.2338734
Grain 2 0 1 0 0
Grain 3 0.430926 0.8486682 0.0227747 0.3058535
Grain 4 -0.1464466 0.8535534 -0.3535534 0.3535535
Grain 5 0.5035231 0.5732957 -0.002796784 0.6463659
Grain 6 0.3896471 -0.8947566 0.1959268 -0.09590918
Grain 7 0.3782858 0.8719897 0.03099886 0.3091488
Grain 8 0 1 0 0
Grain 9 0.03093608 -0.8060461 -0.4176453 -0.4182165
Grain 10 0 1 0 0
Grain 11 0.35768 0.859221 -0.08028742 -0.3568727
Grain 12 0 1 0 0
Grain 13 0 1 0 0
Grain 14 0.02009606 0.7935838 0.4656572 -0.3911321
Grain 15 0 1 0 0
Grain 16 0.3290209 0.8588045 0.3459028 0.1858802
Grain 17 0.3866056 -0.8398081 0.2435809 -0.2931327
Grain 18 0 1 0 0
Grain 19 0 1 0 0
Grain 20 0.3004443 0.8759521 0.06975815 0.3709109
Grain 21 0.296941 0.8830773 -0.1642369 0.3240784
Grain 22 0 1 0 0
Grain 23 0.3630822 0.8941251 0.1917168 0.1787633
Grain 24 0 1 0 0
Grain 25 0 1 0 0
Grain 26 0 1 0 0
Grain 27 0 1 0 0
Grain 28 0 1 0 0
Grain 29 0.239051 0.8750849 0.3757202 0.1895136
Guest-0 OptGrain 22 144 346.267 353.8169
Grain 0 0 1 0 0
Grain 1 0.2755423 0.860736 0.3584876 0.2338734
Grain 2 0 1 0 0
Grain 3 0.430926 0.8486682 0.0227747 0.3058535
Grain 4 -0.1464466 0.8535534 -0.3535534 0.3535535
Grain 5 0.5035231 0.5732957 -0.002796784 0.6463659
Grain 6 0.3896471 -0.8947566 0.1959268 -0.09590918
Grain 7 0.3782858 0.8719897 0.03099886 0.3091488
Grain 8 0 1 0 0
Grain 9 0.03093608 -0.8060461 -0.4176453 -0.4182165
Grain 10 0 1 0 0
Grain 11 0.35768 0.859221 -0.08028742 -0.3568727
Grain 12 0 1 0 0
Grain 13 0 1 0 0
Grain 14 0.02009606 0.7935838 0.4656572 -0.3911321
Grain 15 0 1 0 0
Grain 16 0.3290209 0.8588045 0.3459028 0.1858802
Grain 17 0.3866056 -0.8398081 0.2435809 -0.2931327
Grain 18 0 1 0 0
Grain 19 0 1 0 0
Grain 20 0.3004443 0.8759521 0.06975815 0.3709109
Grain 21 0.296941 0.8830773 -0.1642369 0.3240784
Grain 22 -0.122826 0.9909224 0.0495112 -0.02313793
Grain 23 0.3630822 0.8941251 0.1917168 0.1787633
Grain 24 0 1 0 0
Grain 25 0 1 0 0
Grain 26 0 1 0 0
Grain 27 0 1 0 0
Grain 28 0 1 0 0
Grain 29 0.239051 0.8750849 0.3757202 0.1895136
Guest-0 OptGrain 11 24 366.6423 367.5607
Grain 0 0 1 0 0
Grain 1 0.2755423 0.860736 0.3584876 0.2338734
Grain 2 0 1 0 0
Grain 3 0.430926 0.8486682 0.0227747 0.3058535
Grain 4 -0.1464466 0.8535534 -0.3535534 0.3535535
Grain 5 0.5035231 0.5732957 -0.002796784 0.6463659
Grain 6 0.3896471 -0.8947566 0.1959268 -0.09590918
Grain 7 0.3782858 0.8719897 0.03099886 0.3091488
Grain 8 0 1 0 0
Grain 9 0.03093608 -0.8060461 -0.4176453 -0.4182165
Grain 10 0 1 0 0
Grain 11 0.3501683 0.8623097 -0.0771701 -0.3575598
Grain 12 0 1 0 0
Grain 13 0 1 0 0
Grain 14 0.02009606 0.7935838 0.4656572 -0.3911321
Grain 15 0 1 0 0
Grain 16 0.3290209 0.8588045 0.3459028 0.1858802
Grain 17 0.3866056 -0.8398081 0.2435809 -0.2931327
Grain 18 0 1 0 0
Grain 19 0 1 0 0
Grain 20 0.3004443 0.8759521 0.06975815 0.3709109
Grain 21 0.296941 0.8830773 -0.1642369 0.3240784
Grain 22 0.114174 -0.9919565 -0.04930732 0.02356904
Grain 23 0.3630822 0.8941251 0.1917168 0.1787633
Grain 24 0 1 0 0
Grain 25 0 1 0 0
Grain 26 0 1 0 0
Grain 27 0 1 0 0
Grain 28 0 1 0 0
Grain 29 0.239051 0.8750849 0.3757202 0.1895136
Guest-0 OptGrain 19 408 374.6227 387.2835
Grain 0 0 1 0 0
Grain 1 0.2755423 0.860736 0.3584876 0.2338734
Grain 2 0 1 0 0
Grain 3 0.430926 0.8486682 0.0227747 0.3058535
Grain 4 -0.1464466 0.8535534 -0.3535534 0.3535535
Grain 5 0.5035231 0.5732957 -0.002796784 0.6463659
Grain 6 0.3896471 -0.8947566 0.1959268 -0.09590918
Grain 7 0.3782858 0.8719897 0.03099886 0.3091488
Grain 8 0 1 0 0
Grain 9 0.03093608 -0.8060461 -0.4176453 -0.4182165
Grain 10 0 1 0 0
Grain 11 0.3501683 0.8623097 -0.0771701 -0.3575598
Grain 12 0 1 0 0
Grain 13 0 1 0 0
Grain 14 0.02009606 0.7935838 0.4656572 -0.3911321
Grain 15 0 1 0 0
Grain 16 0.3290209 0.8588045 0.3459028 0.1858802
Grain 17 0.3866056 -0.8398081 0.2435809 -0.2931327
Grain 18 0 1 0 0
Grain 19 0.115185 0.9135144 -0.3806957 0.08540853
Grain 20 0.3004443 0.8759521 0.06975815 0.3709109
Grain 21 0.296941 0.8830773 -0.1642369 0.3240784
Grain 22 0.114174 -0.9919565 -0.04930732 0.02356904
Grain 23 0.3630822 0.8941251 0.1917168 0.1787633
Grain 24 0 1 0 0
Grain 25 0 1 0 0
Grain 26 0 1 0 0
Grain 27 0 1 0 0
Grain 28 0 1 0 0
Grain 29 0.239051 0.8750849 0.3757202 0.1895136
Guest-0 OptGrain 18 30 398.8205 399.6134
Grain 0 0 1 0 0
Grain 1 0.2755423 0.860736 0.3584876 0.2338734
Grain 2 0 1 0 0
Grain 3 0.430926 0.8486682 0.0227747 0.3058535
Grain 4 -0.1464466 0.8535534 -0.3535534 0.3535535
Grain 5 0.5035231 0.5732957 -0.002796784 0.6463659
Grain 6 0.3896471 -0.8947566 0.1959268 -0.09590918
Grain 7 0.3782858 0.8719897 0.03099886 0.3091488
Grain 8 0 1 0 0
Grain 9 0.03093608 -0.8060461 -0.4176453 -0.4182165
Grain 10 0 1 0 0
Grain 11 0.3501683 0.8623097 -0.0771701 -0.3575598
Grain 12 0 1 0 0
Grain 13 0 1 0 0
Grain 14 0.02009606 0.7935838 0.4656572 -0.3911321
Grain 15 0 1 0 0
Grain 16 0.3290209 0.8588045 0.3459028 0.1858802
Grain 17 0.3866056 -0.8398081 0.2435809 -0.2931327
Grain 18 0.02617595 0.9996193 7.615244E-05 -0.008726204
Grain 19 0.1231525 0.9124745 -0.3799359 0.08872739
Grain 20 0.3004443 0.8759521 0.06975815 0.3709109
Grain 21 0.296941 0.8830773 -0.1642369 0.3240784
Grain 22 0.114174 -0.9919565 -0.04930732 0.02356904
Grain 23 0.3630822 0.8941251 0.1917168 0.1787633
Grain 24 0 1 0 0
Grain 25 0 1 0 0
Grain 26 0 1 0 0
Grain 27 0 1 0 0
Grain 28 0 1 0 0
Grain 29 0.239051 0.8750849 0.3757202 0.1895136
Guest-0 ori 1932.339 1933.732
Grain 0 0 1 0 0
Grain 1 0.2755423 0.860736 0.3584876 0.2338734
Grain 2 0 1 0 0
Grain 3 0.430926 0.8486682 0.0227747 0.3058535
Grain 4 -0.1464466 0.8535534 -0.3535534 0.3535535
Grain 5 0.5035231 0.5732957 -0.002796784 0.6463659
Grain 6 0.3896471 -0.8947566 0.1959268 -0.09590918
Grain 7 0.3782858 0.8719897 0.03099886 0.3091488
Grain 8 0 1 0 0
Grain 9 0.03093608 -0.8060461 -0.4176453 -0.4182165
Grain 10 0 1 0 0
Grain 11 0.3501683 0.8623097 -0.0771701 -0.3575598
Grain 12 0 1 0 0
Grain 13 0 1 0 0
Grain 14 0.02009606 0.7935838 0.4656572 -0.3911321
Grain 15 0 1 0 0
Grain 16 0.3290209 0.8588045 0.3459028 0.1858802
Grain 17 0.3866056 -0.8398081 0.2435809 -0.2931327
Grain 18 0.4584687 -0.8668571 0.06356589 -0.1852693
Grain 19 0.1231525 0.9124745 -0.3799359 0.08872739
Grain 20 0.3004443 0.8759521 0.06975815 0.3709109
Grain 21 0.296941 0.8830773 -0.1642369 0.3240784
Grain 22 0.114174 -0.9919565 -0.04930732 0.02356904
Grain 23 0.3630822 0.8941251 0.1917168 0.1787633
Grain 24 0 1 0 0
Grain 25 0 1 0 0
Grain 26 0 1 0 0
Grain 27 0 1 0 0
Grain 28 0 1 0 0
Grain 29 0.239051 0.8750849 0.3757202 0.1895136
Guest-0 OptGrain 18 162 409.3628 413.7683
Grain 0 0 1 0 0
Grain 1 0.2755423 0.860736 0.3584876 0.2338734
Grain 2 0 1 0 0
Grain 3 0.430926 0.8486682 0.0227747 0.3058535
Grain 4 -0.1464466 0.8535534 -0.3535534 0.3535535
Grain 5 0.5035231 0.5732957 -0.002796784 0.6463659
Grain 6 0.3896471 -0.8947566 0.1959268 -0.09590918
Grain 7 0.3782858 0.8719897 0.03099886 0.3091488
Grain 8 0 1 0 0
Grain 9 0.03093608 -0.8060461 -0.4176453 -0.4182165
Grain 10 0 1 0 0
Grain 11 0.3501683 0.8623097 -0.0771701 -0.3575598
Grain 12 0 1 0 0
Grain 13 0 1 0 0
Grain 14 0.02009606 0.7935838 0.4656572 -0.3911321
Grain 15 0 1 0 0
Grain 16 0.3290209 0.8588045 0.3459028 0.1858802
Grain 17 0.3866056 -0.8398081 0.2435809 -0.2931327
Grain 18 0.3733361 -0.9134138 0.09964059 -0.1279348
Grain 19 0.1231525 0.9124745 -0.3799359 0.08872739
Grain 20 0.3004443 0.8759521 0.06975815 0.3709109
Grain 21 0.296941 0.8830773 -0.1642369 0.3240784
Grain 22 0.114174 -0.9919565 -0.04930732 0.02356904
Grain 23 0.3630822 0.8941251 0.1917168 0.1787633
Grain 24 0 1 0 0
Grain 25 0 1 0 0
Grain 26 0 1 0 0
Grain 27 0 1 0 0
Grain 28 0 1 0 0
Grain 29 0.239051 0.8750849 0.3757202 0.1895136
Guest-0 OptGrain 0 378 422.2123 434.3393
Grain 0 0.01665414 0.9214953 0.06142032 -0.3831406
Grain 1 0.2755423 0.860736 0.3584876 0.2338734
Grain 2 0 1 0 0
Grain 3 0.430926 0.8486682 0.0227747 0.3058535
Grain 4 -0.1464466 0.8535534 -0.3535534 0.3535535
Grain 5 0.5035231 0.5732957 -0.002796784 0.6463659
Grain 6 0.3896471 -0.8947566 0.1959268 -0.09590918
Grain 7 0.3782858 0.8719897 0.03099886 0.3091488
Grain 8 0 1 0 0
Grain 9 0.03093608 -0.8060461 -0.4176453 -0.4182165
Grain 10 0 1 0 0
Grain 11 0.3501683 0.8623097 -0.0771701 -0.3575598
Grain 12 0 1 0 0
Grain 13 0 1 0 0
Grain 14 0.02009606 0.7935838 0.4656572 -0.3911321
Grain 15 0 1 0 0
Grain 16 0.3290209 0.8588045 0.3459028 0.1858802
Grain 17 0.3866056 -0.8398081 0.2435809 -0.2931327
Grain 18 0.3733361 -0.9134137 0.09964057 -0.1279347
Grain 19 0.1231525 0.9124745 -0.3799359 0.08872739
Grain 20 0.3004443 0.8759521 0.06975815 0.3709109
Grain 21 0.296941 0.8830773 -0.1642369 0.3240784
Grain 22 0.114174 -0.9919565 -0.04930732 0.02356904
Grain 23 0.3630822 0.8941251 0.1917168 0.1787633
Grain 24 0 1 0 0
Grain 25 0 1 0 0
Grain 26 0 1 0 0
Grain 27 0 1 0 0
Grain 28 0 1 0 0
Grain 29 0.239051 0.8750849 0.3757202 0.1895136
Guest-0 ori 1969.085 1970.35
Grain 0 0.01665414 0.9214953 0.06142033 -0.3831406
Grain 1 0.2755423 0.860736 0.3584876 0.2338734
Grain 2 0 1 0 0
Grain 3 0.430926 0.8486682 0.0227747 0.3058535
Grain 4 -0.1464466 0.8535534 -0.3535534 0.3535535
Grain 5 0.5035231 0.5732957 -0.002796784 0.6463659
Grain 6 0.3896471 -0.8947566 0.1959268 -0.09590918
Grain 7 0.3782858 0.8719897 0.03099886 0.3091488
Grain 8 0 1 0 0
Grain 9 0.03093608 -0.8060461 -0.4176453 -0.4182165
Grain 10 0.02505561 0.9115165 -0.05287356 0.4070802
Grain 11 0.3501683 0.8623097 -0.0771701 -0.3575598
Grain 12 0 1 0 0
Grain 13 0 1 0 0
Grain 14 0.02009606 0.7935838 0.4656572 -0.3911321
Grain 15 0 1 0 0
Grain 16 0.3290209 0.8588045 0.3459028 0.1858802
Grain 17 0.3866056 -0.8398081 0.2435809 -0.2931327
Grain 18 0.3733361 -0.9134137 0.09964057 -0.1279347
Grain 19 0.1231525 0.9124745 -0.3799359 0.08872739
Grain 20 0.3004443 0.8759521 0.06975815 0.3709109
Grain 21 0.296941 0.8830773 -0.1642369 0.3240784
Grain 22 0.114174 -0.9919565 -0.04930732 0.02356904
Grain 23 0.3630822 0.8941251 0.1917168 0.1787633
Grain 24 0 1 0 0
Grain 25 0 1 0 0
Grain 26 0 1 0 0
Grain 27 0 1 0 0
Grain 28 0 1 0 0
Grain 29 0.239051 0.8750849 0.3757202 0.1895136
Guest-0 OptGrain 10 42 444.9492 446.28
Grain 0 0.01665414 0.9214953 0.06142033 -0.3831406
Grain 1 0.2755423 0.860736 0.3584876 0.2338734
Grain 2 0 1 0 0
Grain 3 0.430926 0.8486682 0.0227747 0.3058535
Grain 4 -0.1464466 0.8535534 -0.3535534 0.3535535
Grain 5 0.5035231 0.5732957 -0.002796784 0.6463659
Grain 6 0.3896471 -0.8947566 0.1959268 -0.09590918
Grain 7 0.3782858 0.8719897 0.03099886 0.3091488
Grain 8 0 1 0 0
Grain 9 0.03093608 -0.8060461 -0.4176453 -0.4182165
Grain 10 0.0368667 0.9201698 -0.07612702 0.3822737
Grain 11 0.3501683 0.8623097 -0.0771701 -0.3575598
Grain 12 0 1 0 0
Grain 13 0 1 0 0
Grain 14 0.02009606 0.7935838 0.4656572 -0.3911321
Grain 15 0 1 0 0
Grain 16 0.3290209 0.8588045 0.3459028 0.1858802
Grain 17 0.3866056 -0.8398081 0.2435809 -0.2931327
Grain 18 0.3733361 -0.9134137 0.09964057 -0.1279347
Grain 19 0.1231525 0.9124745 -0.3799359 0.08872739
Grain 20 0.3004443 0.8759521 0.06975815 0.3709109
Grain 21 0.296941 0.8830773 -0.1642369 0.3240784
Grain 22 0.114174 -0.9919565 -0.04930732 0.02356904
Grain 23 0.3630822 0.8941251 0.1917168 0.1787633
Grain 24 0 1 0 0
Grain 25 0 1 0 0
Grain 26 0 1 0 0
Grain 27 0 1 0 0
Grain 28 0 1 0 0
Grain 29 0.239051 0.8750849 0.3757202 0.1895136
Guest-0 OptGrain 27 480 460.4459 484.6641
Grain 0 0.01665414 0.9214953 0.06142033 -0.3831406
Grain 1 0.2755423 0.860736 0.3584876 0.2338734
Grain 2 0 1 0 0
Grain 3 0.430926 0.8486682 0.0227747 0.3058535
Grain 4 -0.1464466 0.8535534 -0.3535534 0.3535535
Grain 5 0.5035231 0.5732957 -0.002796784 0.6463659
Grain 6 0.3896471 -0.8947566 0.1959268 -0.09590918
Grain 7 0.3782858 0.8719897 0.03099886 0.3091488
Grain 8 0 1 0 0
Grain 9 0.03093608 -0.8060461 -0.4176453 -0.4182165
Grain 10 0.03686671 0.9201697 -0.076127 0.3822738
Grain 11 0.3501683 0.8623097 -0.0771701 -0.3575598
Grain 12 0 1 0 0
Grain 13 0 1 0 0
Grain 14 0.02009606 0.7935838 0.4656572 -0.3911321
Grain 15 0 1 0 0
Grain 16 0.3290209 0.8588045 0.3459028 0.1858802
Grain 17 0.3866056 -0.8398081 0.2435809 -0.2931327
Grain 18 0.3733361 -0.9134137 0.09964057 -0.1279347
Grain 19 0.1231525 0.9124745 -0.3799359 0.08872739
Grain 20 0.3004443 0.8759521 0.06975815 0.3709109
Grain 21 0.296941 0.8830773 -0.1642369 0.3240784
Grain 22 0.114174 -0.9919565 -0.04930732 0.02356904
Grain 23 0.3630822 0.8941251 0.1917168 0.1787633
Grain 24 0 1 0 0
Grain 25 0 1 0 0
Grain 26 0 1 0 0
Grain 27 -0.001929718 0.9126424 0.1539372 -0.3786601
Grain 28 0 1 0 0
Grain 29 0.239051 0.8750849 0.3757202 0.1895136
Guest-0 ori 2020.974 2021.059
Grain 0 0.01665414 0.9214953 0.06142033 -0.3831406
Grain 1 0.2755423 0.860736 0.3584876 0.2338734
Grain 2 0 1 0 0
Grain 3 0.430926 0.8486682 0.0227747 0.3058535
Grain 4 -0.1464466 0.8535534 -0.3535534 0.3535535
Grain 5 0.5035231 0.5732957 -0.002796784 0.6463659
Grain 6 0.3896471 -0.8947566 0.1959268 -0.09590918
Grain 7 0.3782858 0.8719897 0.03099886 0.3091488
Grain 8 0 1 0 0
Grain 9 0.03093608 -0.8060461 -0.4176453 -0.4182165
Grain 10 0.03686671 0.9201697 -0.076127 0.3822738
Grain 11 0.3501683 0.8623097 -0.0771701 -0.3575598
Grain 12 0 1 0 0
Grain 13 0 1 0 0
Grain 14 0.02009606 0.7935838 0.4656572 -0.3911321
Grain 15 0 1 0 0
Grain 16 0.3290209 0.8588045 0.3459028 0.1858802
Grain 17 0.3866056 -0.8398081 0.2435809 -0.2931327
Grain 18 0.3733361 -0.9134137 0.09964057 -0.1279347
Grain 19 0.1231525 0.9124745 -0.3799359 0.08872739
Grain 20 0.3004443 0.8759521 0.06975815 0.3709109
Grain 21 0.296941 0.8830773 -0.1642369 0.3240784
Grain 22 0.114174 -0.9919565 -0.04930732 0.02356904
Grain 23 0.3630822 0.8941251 0.1917168 0.1787633
Grain 24 0 1 0 0
Grain 25 0 1 0 0
Grain 26 0 1 0 0
Grain 27 -0.005234059 0.913951 0.1459672 -0.3786288
Grain 28 0 1 0 0
Grain 29 0.239051 0.8750849 0.3757202 0.1895136
