Guest-1 oriGrain 3 -0.939823 0.2545896 -0.1677871 0.1541575 153.6715 154.2554
Guest-1 oriGrain 3 -0.858771 0.3699374 -0.2825567 0.214057 172.4051 173.8713
Guest-2 oriGrain 1 0.995232 -0.003183513 0.09591112 0.01744231 36.22766 37.16067
Guest-2 oriGrain 1 0.9911287 -0.03059155 0.1288106 0.01166454 37.29567 38.11067
Guest-2 oriGrain 1 -0.9984195 0.03194397 -0.04564827 0.007369755 38.26077 39.11137
Guest-1 oriGrain 0 0.9307849 0.2200852 -0.2909549 -0.02339215 184.7221 185.8051
Guest-1 oriGrain 0 -0.8561684 -0.05315628 0.4988053 0.1238686 187.5715 188.5712
Guest-1 oriGrain 0 -0.910036 -0.2084103 0.3364441 0.1233087 189.6726 190.0384
Guest-0 oriGrain 2 -0.9102152 0.1502519 0.2477075 0.2959285 111.512 118.1745
Guest-2 oriGrain 1 0.7227011 0.01631978 -0.6208541 0.3032771 48.24446 48.74507
Guest-1 OptGrain 0 -0.9081826 -0.2163438 0.3375073 0.120368 12 62.09893 62.3828
Guest-2 oriGrain 1 0.8750748 -0.1686315 -0.2743147 0.3613296 51.49446 51.69487
Guest-2 oriGrain 1 0.8378003 -0.3039822 -0.03080268 0.4524784 52.14427 52.39507
Guest-2 oriGrain 1 0.7359432 -0.1011661 -0.2379227 0.6257362 52.54497 52.81147
Guest-2 oriGrain 1 0.7777709 -0.2675285 -0.03791383 0.5675064 52.92907 53.11167
Guest-1 oriGrain 0 -0.8889454 -0.08779588 0.4130129 0.1774494 197.1043 197.4718
Guest-1 OptGrain 0 -0.8863413 -0.07482723 0.4182035 0.1841349 12 68.74416 68.93557
Guest-2 oriGrain 1 0.7605868 -0.08799159 -0.1927845 0.6136768 57.92937 60.34487
Guest-2 oriGrain 1 0.8003389 -0.1329989 -0.1174864 0.572683 61.21137 61.66147
Guest-2 oriGrain 1 0.8046993 -0.1385323 -0.1079666 0.5671076 62.51147 62.91207
Guest-0 oriGrain 2 -0.9941059 -0.03544958 0.06419352 0.07985013 127.1823 133.3455
Guest-2 oriGrain 1 0.8267985 -0.1726175 -0.05636649 0.5323817 63.41227 63.82827
Guest-1 oriGrain 0 -0.7964817 0.2434948 0.4933412 0.250882 206.9048 207.5382
Guest-2 oriGrain 1 0.8435819 -0.2006689 -0.005120277 0.4980718 64.49467 64.79567
Guest-2 oriGrain 1 0.8491235 -0.216285 0.01506591 0.4816463 65.52877 65.82896
Guest-2 oriGrain 1 0.8522642 -0.2230129 0.02785117 0.4723721 66.49606 66.71217
Guest-2 oriGrain 1 0.8583586 -0.2432286 0.05759799 0.4480433 67.66237 67.89587
Guest-2 oriGrain 1 0.8609139 -0.2566425 0.07458296 0.4328963 68.67827 68.89577
Guest-1 OptGrain 0 -0.8227801 0.3056882 0.4400635 0.1895565 96 78.15913 80.58771
Guest-2 oriGrain 1 0.8611404 -0.2635641 0.07883835 0.4274994 69.79597 70.01217
Guest-2 oriGrain 1 0.858605 -0.2503121 0.06208316 0.4430431 70.84597 71.12836
Guest-2 oriGrain 1 0.8595399 -0.2588491 0.06946313 0.4351588 71.77977 71.96156
Guest-2 oriGrain 1 0.8616319 -0.2720776 0.08633496 0.4196553 73.19487 73.41187
Guest-2 oriGrain 1 0.8608296 -0.2978984 0.1002176 0.4002317 74.22816 74.41177
Guest-2 oriGrain 1 0.8584611 -0.3299793 0.1180676 0.3744573 75.01227 75.21257
Guest-2 oriGrain 1 0.8532974 -0.3692701 0.1429065 0.3392653 75.81237 75.97887
Guest-2 oriGrain 1 0.8537242 -0.3587797 0.1302192 0.3542247 76.81337 77.07957
Guest-2 oriGrain 1 0.8543456 -0.3508637 0.1231968 0.3630577 78.29626 78.56267
Guest-2 oriGrain 1 0.8289371 -0.4102502 0.07448773 0.3728402 80.34537 80.66237
Guest-1 OptGrain 3 -0.8709482 0.3534115 -0.2585887 0.2228935 42 91.09271 92.21863
Guest-2 oriGrain 1 0.8274704 -0.4138612 0.07255752 0.3724878 82.31257 82.41247
Guest-2 oriGrain 1 0.8234095 -0.4260098 0.06953742 0.3683436 83.46326 83.59617
Guest-1 oriGrain 3 -0.8728601 0.3511415 -0.2616629 0.2152846 229.7208 229.7715
Guest-1 OptGrain 3 -0.8709482 0.3534116 -0.2585887 0.2228935 18 98.26009 98.60843
Guest-1 oriGrain 3 0.5992447 -0.5825293 0.5160936 -0.1876512 233.3542 234.4542
Guest-0 oriGrain 2 -0.9930621 -0.1096944 0.005916548 0.04194976 158.0574 163.5707
Guest-1 oriGrain 3 0.5138685 -0.6488629 0.5425183 -0.1434927 251.6876 252.0048
Guest-2 oriGrain 0 -0.8118699 0.3406188 0.4300545 0.1997477 108.4634 108.9967
Guest-2 oriGrain 0 -0.8125793 0.3338052 0.4358091 0.1958558 109.6133 109.7964
Guest-2 oriGrain 0 -0.7819301 0.3240208 0.5104293 0.1518477 110.1801 110.4295
Guest-2 oriGrain 0 -0.7580199 0.3326555 0.5454783 0.1311469 111.1802 111.397
Guest-2 oriGrain 0 -0.7249252 0.3493975 0.5834724 0.1093837 111.9963 112.2134
Guest-2 oriGrain 0 -0.7101138 0.3533558 0.6011248 0.09760679 113.8136 113.997
Guest-1 oriGrain 2 -0.9416543 -0.2644446 -0.05290025 0.20139 256.8213 257.8878
Guest-2 oriGrain 0 -0.676367 0.3610974 0.6379426 0.07187136 114.7135 114.9133
Guest-2 oriGrain 0 -0.6461082 0.3667417 0.6674981 0.04991128 115.3971 115.6135
Guest-1 oriGrain 2 -0.9011844 -0.3268009 -0.18466 0.2167221 258.6381 258.9376
Guest-2 oriGrain 0 -0.6493219 0.3343037 0.6828123 0.01973258 116.1628 116.4798
Guest-1 oriGrain 2 -0.9583294 -0.2284087 -0.006489903 0.1714416 259.5879 259.8876
Guest-0 oriGrain 1 0.6568794 -0.42731 0.1070825 0.6119224 177.875 187.5317
Guest-1 oriGrain 2 -0.9730563 -0.1698565 0.07266169 0.1379512 260.6717 260.8711
Guest-2 oriGrain 0 -0.6548034 0.3203869 0.684446 0.01088834 117.7136 117.963
Guest-1 oriGrain 2 -0.9727156 -0.1591786 0.09813693 0.1373159 261.6223 261.821
Guest-2 oriGrain 0 -0.6777933 0.3178196 0.6625366 0.02514284 118.6635 118.8799
Guest-2 oriGrain 0 -0.6682152 0.3425562 0.6592048 0.03990935 119.6129 119.8307
Guest-1 OptGrain 2 -0.9728427 -0.1644588 -0.06536035 0.149193 120 130.3174 132.8761
Guest-0 oriGrain 1 0.6149073 -0.422335 0.1393228 0.6512383 192.8771 195.4279
Guest-2 OptGrain 0 -0.6451172 0.4388473 0.6251466 0.02070363 108 135.1766 136.7762
Guest-2 oriGrain 0 -0.6299952 0.444711 0.6365858 0.009837508 129.014 129.3304
Guest-2 oriGrain 0 -0.6433253 0.4431672 0.6239185 0.02147405 130.0136 130.364
Guest-2 oriGrain 0 -0.656004 0.4193081 0.6275191 0.007695301 130.8972 131.1638
Guest-2 oriGrain 0 -0.6629748 0.4054974 0.6293142 -0.0001823455 131.8972 132.1472
Guest-2 oriGrain 0 -0.6665751 0.4084738 0.6235297 0.006135121 132.7971 133.0805
Guest-2 oriGrain 0 -0.6577991 0.4159513 0.6278963 0.005584538 133.6631 134.1308
Guest-2 oriGrain 0 -0.648805 0.4135187 0.6387693 -0.005306051 135.1142 135.3639
Guest-1 OptGrain 3 0.5650855 -0.6296048 0.4894836 -0.2113813 108 144.1674 146.4238
Guest-2 OptGrain 0 -0.6395282 0.4358421 0.6329431 0.02069611 36 146.5262 146.9346
Guest-2 oriGrain 0 -0.6395283 0.435842 0.6329432 0.02069596 138.9477 139.0475
Guest-2 OptGrain 0 -0.6395283 0.435842 0.6329432 0.02069596 12 148.5106 148.7156
Guest-2 oriGrain 0 -0.6539296 0.4289502 0.6227275 0.02425565 140.7478 140.98
Guest-2 oriGrain 0 -0.6670479 0.4175131 0.6165129 0.02533306 141.5476 141.7479
Guest-2 oriGrain 0 -0.6991552 0.4094925 0.5839565 0.04992682 142.2642 142.4804
Guest-2 oriGrain 0 -0.6923214 0.4237252 0.5813029 0.05687645 143.1145 143.2639
Guest-1 oriGrain 3 0.5669087 -0.6253093 0.4949593 -0.2064419 286.3714 286.4373
Guest-2 oriGrain 0 -0.6643907 0.4479493 0.5960786 0.05115469 143.6474 143.8804
Guest-2 oriGrain 0 -0.6492412 0.4751863 0.5902222 0.06573877 144.4312 144.5976
Guest-1 OptGrain 3 0.5757906 -0.6392125 0.4690276 -0.1997139 36 153.6008 154.5835
Guest-2 oriGrain 0 -0.6367726 0.4775913 0.602972 0.05340443 145.1144 145.3142
Guest-2 oriGrain 0 -0.6144842 0.4990162 0.6085733 0.05505152 145.8642 146.0309
Guest-2 oriGrain 0 -0.6235807 0.4914552 0.6053376 0.05643868 147.164 147.5312
Guest-1 oriGrain 3 0.5716759 -0.6374453 0.4740345 -0.2052842 290.7381 290.8041
Guest-1 OptGrain 3 0.5698627 -0.6415577 0.4684537 -0.2102652 12 160.3675 160.536
Guest-2 oriGrain 0 -0.6246974 0.4146408 0.6613315 0.02160455 159.4316 160.0145
Guest-2 oriGrain 0 -0.6265183 0.4630275 0.626182 0.03124943 160.5974 160.9475
Guest-1 OptGrain 3 0.5779516 -0.6451296 0.4584369 -0.1990364 18 186.7467 187.0348
Guest-2 oriGrain 0 -0.6185366 0.4738919 0.6258366 0.03416827 178.6651 178.8817
Guest-2 oriGrain 0 -0.6031602 0.4799386 0.6360493 0.03602807 179.3487 179.5486
Guest-2 oriGrain 0 -0.6038486 0.4644148 0.6470525 0.03176083 179.9819 180.1484
Guest-2 oriGrain 0 -0.6184764 0.4740677 0.6258029 0.03343064 180.6158 180.7815
Guest-2 oriGrain 0 -0.6155034 0.4737338 0.6289791 0.03342475 181.2482 181.4481
Guest-2 oriGrain 0 -0.6145514 0.4618464 0.6388214 0.03052552 182.1312 182.265
Guest-2 oriGrain 0 -0.6162019 0.4581056 0.6399709 0.02952518 183.048 183.1979
Guest-2 oriGrain 0 -0.6082148 0.4689204 0.6396289 0.03260953 183.949 184.1479
Guest-0 oriGrain 1 0.6707615 -0.4117424 0.1791163 0.5903089 234.3956 255.2255
Guest-1 oriGrain 3 0.6741863 -0.7173572 0.04278546 0.1704137 328.8369 329.2374
Guest-2 oriGrain 0 -0.5474144 0.4725711 0.6837948 0.09715315 188.2992 188.3985
Guest-2 OptGrain 0 -0.5364221 0.4721567 0.6917557 0.1038915 18 197.7262 198.2287
Guest-2 OptGrain 0 -0.5474143 0.4725711 0.6837949 0.09715323 126 196.1399 198.3997
Guest-1 oriGrain 3 0.4656699 -0.4343094 0.6800964 -0.3633122 331.5705 332.2371
Guest-1 oriGrain 3 0.5652528 -0.4022525 0.5984535 -0.4006689 333.0372 333.1869
Guest-2 oriGrain 0 -0.5465456 0.4665859 0.6878927 0.1019266 190.6816 190.7651
Guest-1 oriGrain 3 0.1179387 -0.6051024 0.7777041 -0.122955 333.837 334.071
Guest-2 OptGrain 0 -0.5465456 0.4665859 0.6878927 0.1019266 12 200.0429 200.3763
Guest-1 oriGrain 3 0.02901448 -0.5923243 0.7917198 -0.1465943 334.6371 334.8871
Guest-1 oriGrain 3 0.1710571 -0.6260912 0.7600191 -0.03347198 335.2204 335.437
Guest-2 OptGrain 0 -0.5375609 0.4575993 0.7022048 0.09240957 30 201.0486 201.7478
Guest-1 oriGrain 3 0.168648 -0.5019286 0.7874576 -0.3154933 335.9034 336.2717
Guest-2 oriGrain 0 -0.536734 0.4514542 0.7061713 0.09709731 193.1993 193.2654
Guest-1 oriGrain 3 0.1189548 -0.4811482 0.8028741 -0.3312693 336.9373 337.2038
Guest-2 oriGrain 0 -0.5080755 0.4377619 0.740434 0.04451261 194.0984 194.1983
Guest-2 UndoGrain 0 -0.526878 0.4082681 0.7454416 -0.005794899 0 0
Guest-1 oriGrain 3 0.093182 -0.4626408 0.8066978 -0.3556955 338.4049 338.6704
Guest-2 OptGrain 0 -0.533363 0.4083031 0.7408154 -0.002231912 54 203.1867 204.7034
Guest-2 OptGrain 0 -0.533363 0.4083031 0.7408154 -0.002231912 120 202.1553 204.7806
Guest-1 oriGrain 3 0.0583839 -0.4401042 0.811588 -0.3797691 339.1875 339.3702
Guest-2 oriGrain 0 -0.5333631 0.4083031 0.7408154 -0.002231821 196.6319 196.6997
Guest-2 OptGrain 0 -0.5333631 0.4083031 0.7408154 -0.002231821 12 205.6942 205.9039
Guest-1 oriGrain 3 0.01419115 -0.4065643 0.8128678 -0.4168334 339.9885 340.1369
Guest-1 oriGrain 3 -0.0428733 -0.3585977 0.8072555 -0.4668064 340.6203 340.7869
Guest-1 oriGrain 3 -0.007121727 -0.4666178 0.8526518 -0.2349513 341.3378 341.5202
Guest-1 oriGrain 3 0.06667972 -0.4668813 0.8340802 -0.2861573 342.8046 343.0036
Guest-2 oriGrain 0 -0.5286484 0.4062024 0.7452825 -0.009202465 200.6483 201.0983
Guest-1 OptGrain 3 0.09965521 -0.4772553 0.809132 -0.3280268 30 211.116 211.467
Guest-2 oriGrain 0 -0.5074332 0.420015 0.7521862 -0.01774502 201.8317 202.516
Guest-2 oriGrain 0 -0.5067233 0.4223231 0.7515355 -0.008314298 203.1482 203.3658
Guest-2 oriGrain 0 -0.5151243 0.4147236 0.7499297 -0.01602607 203.9001 204.0826
Guest-2 oriGrain 0 -0.5187046 0.4106894 0.7495043 -0.02287314 204.8325 205.1323
Guest-0 oriGrain 1 -0.3882671 0.5054533 -0.569787 -0.5187566 275.4957 278.1258
Guest-1 oriGrain 3 0.4366727 -0.7016458 0.3905643 0.4055487 360.7371 361.1197
Guest-1 oriGrain 3 0.4691646 -0.7026784 0.3899293 0.3661733 365.238 365.5705
Guest-1 oriGrain 3 0.4302528 -0.7017648 0.4053688 0.3975991 366.0874 366.2531
Guest-0 oriGrain 1 0.2951484 -0.4087443 0.8044083 0.3142337 280.2077 293.8117
Guest-1 oriGrain 3 0.3454691 -0.6946628 0.4460445 0.44625 367.0869 367.2701
Guest-2 oriGrain 0 -0.5115671 0.4134334 0.7524747 -0.03396745 224.9998 225.1999
Guest-2 oriGrain 0 -0.49098 0.4268826 0.7585434 -0.03635727 225.7322 225.9164
Guest-2 oriGrain 0 -0.5048303 0.4186365 0.7543312 -0.02956951 226.8324 227.1996
Guest-2 oriGrain 0 -0.5137635 0.4138572 0.7511923 -0.02189831 227.8157 227.9999
Guest-1 oriGrain 3 0.265433 -0.6723637 0.4832307 0.4939235 371.7372 371.8029
Guest-2 oriGrain 0 -0.5137635 0.4138572 0.7511923 -0.02189831 228.849 229.0489
Guest-2 oriGrain 0 -0.5284556 0.4057349 0.7456749 -0.009104401 229.7839 230.0663
Guest-1 OptGrain 3 0.162611 -0.7185163 0.5031364 0.451825 240 234.4601 238.9084
Guest-2 oriGrain 0 -0.5313638 0.4040869 0.7445289 -0.006545246 230.7992 231.0331
Guest-2 oriGrain 0 -0.5296022 0.4061647 0.7446758 -0.003139749 231.9001 232.15
Guest-2 oriGrain 0 -0.524922 0.4098825 0.7459545 -0.002293855 232.8164 232.9834
Guest-2 oriGrain 0 -0.5202217 0.4135847 0.7472048 -0.001447767 233.9667 234.1497
Guest-2 oriGrain 0 -0.5255759 0.4074526 0.7467367 -0.01168774 235.1165 235.3001
Guest-2 oriGrain 0 -0.5308399 0.4012507 0.7461409 -0.02192603 236.2492 236.45
Guest-1 oriGrain 3 -0.158662 0.7140983 -0.5093874 -0.4532267 379.5198 379.5866
Guest-2 oriGrain 0 -0.5437009 0.3899327 0.7425687 -0.0305554 237.0496 237.2498
Guest-2 oriGrain 0 -0.5503679 0.3813303 0.7414399 -0.04415263 237.7493 237.8999
Guest-2 oriGrain 0 -0.5552585 0.3748021 0.7404448 -0.0543417 238.3324 238.7671
Guest-2 oriGrain 0 -0.5552585 0.3748021 0.7404448 -0.0543417 239.4163 239.5826
Guest-2 oriGrain 0 -0.619473 0.3892222 0.681708 0.005791019 242.6827 242.7664
Guest-2 oriGrain 0 -0.624326 0.4176229 0.6601071 0.008168478 244.2336 244.35
Guest-2 OptGrain 0 -0.624231 0.4118465 0.6637264 0.01361637 42 250.9759 252.6686
Guest-1 OptGrain 3 -0.1577424 0.7306553 -0.4996083 -0.4377804 18 252.0019 252.6686
Guest-2 OptGrain 0 -0.624231 0.4118465 0.6637264 0.01361637 12 252.3353 252.6686
Guest-2 OptGrain 0 -0.624231 0.4118465 0.6637264 0.01361637 114 249.6057 252.8612
Guest-0 oriGrain 2 -0.9717557 -0.1464474 -0.1094211 0.1492348 315.9609 317.0443
Guest-1 oriGrain 3 0.5211776 -0.224401 0.08202934 0.8193225 394.2037 394.5866
Guest-2 oriGrain 0 -0.6216707 0.4134118 0.6652063 0.01081607 251.1338 251.5664
Guest-2 oriGrain 0 -0.6249592 0.4127453 0.6623342 0.01951583 252.2662 252.4336
Guest-2 oriGrain 0 -0.6274902 0.4111524 0.6608416 0.02232096 254.8004 255.0172
Guest-0 oriGrain 2 -0.9748433 -0.1767104 -0.0589534 0.122386 317.6608 326.087
Guest-2 oriGrain 0 -0.6292804 0.4086227 0.6608049 0.01925005 256.6172 256.834
Guest-2 oriGrain 0 -0.6363218 0.3984262 0.6605322 0.006962568 257.3174 257.5671
Guest-2 oriGrain 0 -0.6388705 0.3968832 0.658964 0.009737849 257.8673 258.034
Guest-2 oriGrain 0 -0.6371337 0.3994556 0.6590387 0.01280413 258.7008 258.8177
Guest-2 oriGrain 0 -0.6318519 0.4071265 0.6591868 0.02200118 259.6175 259.8005
Guest-1 OptGrain 3 0.5133274 -0.3467551 0.1663617 0.7671895 132 267.2545 269.4273
Guest-2 oriGrain 0 -0.4085678 0.61115 0.6366429 0.2329246 262.4683 262.9677
Guest-2 oriGrain 0 -0.4168226 0.6309451 0.6543448 0.0003332198 263.9842 264.9675
Guest-2 oriGrain 0 -0.4292775 0.612346 0.6468096 -0.1496347 265.9006 266.2338
Guest-2 oriGrain 0 -0.4034846 0.6124322 0.6442242 -0.2170302 266.8844 267.1173
Guest-2 oriGrain 0 -0.3847413 0.6220908 0.6511394 -0.2024716 267.9166 268.184
Guest-2 oriGrain 0 -0.3710913 0.6285119 0.6555447 -0.1937143 268.9508 269.1339
Guest-2 oriGrain 0 -0.3790852 0.6242234 0.6523741 -0.2026022 270.1677 270.3674
Guest-2 oriGrain 0 -0.3847451 0.6221172 0.651112 -0.2024711 271.1343 271.3008
Guest-2 oriGrain 0 -0.3854375 0.6236971 0.6528382 -0.1903737 272.1837 272.3678
Guest-2 oriGrain 0 -0.4026998 0.5738267 0.694248 -0.1630204 275.0677 275.151
Guest-2 oriGrain 0 -0.4722927 0.5321907 0.6655931 -0.2251635 276.5845 276.9679
Guest-2 oriGrain 0 -0.5470237 0.4963742 0.6483597 -0.1844108 278.1345 278.4176
Guest-2 OptGrain 0 -0.55143 0.4913789 0.6536727 -0.1648752 168 281.1754 286.2914
Guest-2 OptGrain 0 -0.55143 0.4913789 0.6536727 -0.1648752 126 282.1576 286.2914
Guest-2 oriGrain 0 -0.5514299 0.491379 0.6536727 -0.1648753 279.0177 279.401
Guest-2 oriGrain 0 -0.2078449 0.6910915 0.6646299 0.1935461 279.918 280.3014
Guest-2 oriGrain 0 0.2350232 -0.6398051 -0.6730927 -0.2869842 298.8981 299.2324
Guest-2 oriGrain 0 -0.3341291 0.6011317 0.7028493 0.1816628 299.7819 299.9491
Guest-2 oriGrain 0 -0.3583927 0.5913395 0.7085352 0.1408903 300.6316 300.8823
Guest-2 oriGrain 0 -0.3791091 0.5802622 0.7115402 0.1152501 301.5651 301.8156
Guest-2 oriGrain 0 -0.3918291 0.5735484 0.7133442 0.09301812 302.4484 302.6652
Guest-2 oriGrain 0 -0.4113601 0.5623994 0.7156239 0.04870624 303.8658 304.0177
Guest-2 oriGrain 0 -0.4305628 0.5497364 0.715633 0.01658374 305.4816 305.6485
Guest-2 oriGrain 0 -0.4448 0.5396383 0.7147973 -0.002909213 306.2328 306.3816
Guest-2 oriGrain 0 -0.4518048 0.5344501 0.7141956 -0.01265559 306.8483 306.9992
Guest-2 oriGrain 0 -0.4768183 0.5146499 0.7109436 -0.04836188 307.4998 307.6323
Guest-2 oriGrain 0 -0.4964696 0.4975663 0.7070643 -0.07749692 308.1325 308.2661
Guest-2 oriGrain 0 -0.5174053 0.4776853 0.7014759 -0.109727 308.7325 308.8817
Guest-2 oriGrain 0 -0.5194453 0.4756467 0.7008435 -0.1129398 309.3653 309.5154
Guest-2 oriGrain 0 -0.5522721 0.4356774 0.686969 -0.1823578 309.9667 310.1158
Guest-2 oriGrain 0 -0.5735801 0.408807 0.6748861 -0.220026 310.5819 310.7493
Guest-2 oriGrain 0 -0.5648898 0.4201436 0.6801472 -0.2043985 311.5827 311.7492
Guest-2 oriGrain 0 -0.5635666 0.418697 0.6803547 -0.2102455 314.5331 314.7322
Guest-2 oriGrain 0 -0.5708156 0.4058742 0.6750973 -0.231688 315.5653 315.7993
Guest-2 oriGrain 0 -0.5635817 0.418809 0.6802608 -0.2102851 316.8321 317.0154
Guest-2 oriGrain 0 -0.5448015 0.4357769 0.6897829 -0.1936217 317.9833 318.2493
Guest-2 oriGrain 0 -0.52991 0.44472 0.6960322 -0.1922466 318.95 319.2159
Guest-2 oriGrain 0 -0.5361362 0.4430187 0.6938278 -0.1868031 320.0836 320.2161
Guest-2 oriGrain 0 -0.5453992 0.4404033 0.690422 -0.1786116 321.2165 321.6832
Guest-2 oriGrain 0 -0.5578644 0.4904642 0.6493955 -0.1628432 330.5825 330.6825
Guest-2 OptGrain 0 -0.5535631 0.4953136 0.6507918 -0.15717 12 339.979 340.3123
Guest-2 OptGrain 0 -0.5535631 0.4953136 0.6507918 -0.15717 84 338.2045 340.4885
Guest-2 oriGrain 0 -0.5578642 0.4904642 0.6493954 -0.1628433 336.2168 336.3163
Guest-1 oriGrain 3 0.5133273 -0.3467551 0.1663616 0.7671896 508.7504 508.8355
Guest-1 OptGrain 3 0.5148039 -0.3489313 0.1775494 0.7626927 24 372.697 373.0342
Guest-0 oriGrain 2 -0.9699016 -0.200582 -0.04809222 0.1294021 436.3298 438.6448
Guest-1 oriGrain 3 0.5163338 -0.3422622 0.1730503 0.7657086 519.0854 519.1685
Guest-0 OptGrain 2 -0.9767326 -0.1654905 -0.04405717 0.129094 36 383.9174 384.384
Guest-0 oriGrain 2 -0.976311 -0.1666107 -0.05257893 0.1276448 451.5325 451.6155
Guest-2 oriGrain 0 -0.5396354 0.4978857 0.6586353 -0.1646302 361.6963 362.0456
Guest-2 oriGrain 0 -0.5202419 0.5030981 0.6683068 -0.172066 362.6448 362.8622
Guest-2 oriGrain 0 -0.526606 0.4968847 0.6655346 -0.1812609 363.529 363.7621
Guest-2 OptGrain 0 -0.5373219 0.4968809 0.661126 -0.1652486 30 416.1625 416.8115
Guest-2 oriGrain 0 -0.5358597 0.5026313 0.6567646 -0.1699309 368.3617 368.4615
Guest-2 OptGrain 0 -0.5373222 0.4968809 0.6611258 -0.1652483 18 417.2607 417.6407
Guest-2 OptGrain 0 -0.5473989 0.4935459 0.6549825 -0.166628 18 428.8114 429.1926
Guest-2 OptGrain 0 -0.5473988 0.4935459 0.6549825 -0.166628 18 444.0625 444.3645
Guest-2 oriGrain 0 -0.4487925 0.5610317 0.6883862 -0.09976569 397.0968 397.4472
Guest-2 oriGrain 0 -0.7598521 0.3816848 0.525305 -0.03156297 398.6641 398.9624
Guest-2 oriGrain 0 0.9047852 -0.03879536 -0.3920372 0.1617574 399.3294 399.7132
Guest-2 OptGrain 0 0.9081719 -0.04020546 -0.3841267 0.1614127 12 449.6201 449.8311
Guest-2 oriGrain 0 0.9807968 -0.08564125 -0.1018185 0.1426049 405.9805 406.046
Guest-2 oriGrain 0 0.9735196 -0.1143169 -0.03024174 0.1956446 407.5478 407.6299
Guest-2 OptGrain 0 0.9085388 -0.2888171 -0.02125421 0.3011483 330 452.1037 459.8795
Guest-2 OptGrain 0 0.9085388 -0.2888171 -0.02125421 0.3011483 138 454.7697 459.8795
Guest-2 OptGrain 0 0.9085388 -0.2888171 -0.02125421 0.3011483 90 456.2182 459.8795
Guest-2 oriGrain 0 0.9185544 -0.2724572 -0.02117089 0.2856164 422.6312 422.7315
